1000 10000
0 322
0 103
0 43
0 94
0 593
0 400
0 223
0 1
0 581
0 380
0 800
0 72
0 424
0 946
0 698
0 309
0 892
0 122
0 767
0 423
1 595
1 563
1 683
1 44
1 783
1 243
1 981
1 382
1 148
1 471
1 192
1 604
1 723
2 955
2 243
2 166
2 406
2 825
2 705
2 590
2 169
2 71
2 11
2 903
2 204
2 540
2 649
2 257
2 198
2 959
2 81
2 339
2 652
2 496
2 89
3 572
3 697
3 761
3 94
3 503
3 556
3 681
3 163
3 786
3 472
3 200
3 399
3 828
4 624
4 917
4 313
4 643
4 669
4 399
4 271
4 992
4 61
4 830
4 686
4 469
4 288
4 60
4 246
4 222
4 598
4 105
4 986
5 32
5 687
5 751
5 84
5 426
5 58
5 329
5 386
5 565
5 18
5 262
5 63
5 970
6 152
6 505
6 825
6 464
6 403
6 612
6 283
6 293
6 546
6 251
6 838
6 73
6 292
6 428
6 143
6 119
6 20
6 740
6 159
6 334
6 984
6 549
7 179
7 103
7 623
7 503
7 990
7 396
7 317
7 755
7 873
7 10
7 961
7 392
7 367
7 631
7 485
7 568
7 823
7 559
7 782
7 461
7 157
7 275
7 832
7 159
7 566
7 89
7 928
7 437
7 705
8 282
8 21
8 928
8 216
8 481
8 739
8 416
8 165
8 665
8 511
8 306
8 114
8 987
8 572
9 716
9 756
9 776
9 182
9 411
9 442
9 957
9 341
9 619
9 635
9 931
9 628
9 154
9 804
9 570
9 594
9 687
9 541
9 147
9 176
9 293
9 38
9 403
10 80
10 787
10 896
10 665
10 37
10 155
10 422
10 514
10 391
10 293
10 627
10 580
10 916
10 161
10 902
10 254
11 833
11 211
11 884
11 346
11 653
11 430
11 138
11 772
11 624
11 994
11 667
11 796
11 733
11 210
11 268
11 62
11 39
11 134
11 635
12 969
12 775
12 171
12 393
12 885
12 528
12 924
12 705
12 708
12 416
12 694
12 724
12 536
12 884
12 896
12 417
12 31
12 59
12 636
12 771
12 173
13 492
13 973
13 22
13 200
13 543
13 270
13 71
13 900
13 279
13 198
13 744
13 438
13 948
13 202
13 753
13 94
13 210
13 792
13 577
13 452
14 992
14 515
14 376
14 396
14 760
14 523
14 274
14 543
14 733
14 552
14 770
14 942
14 741
14 941
14 116
14 632
14 780
14 519
15 924
15 659
15 720
15 46
15 181
15 212
15 432
15 679
15 673
15 757
15 648
15 617
15 512
15 47
15 714
15 155
15 888
15 462
15 928
15 67
15 572
15 525
15 841
15 828
15 856
15 282
15 717
15 387
16 893
16 852
16 903
16 535
16 100
16 868
16 133
16 263
16 455
16 812
16 74
16 585
16 290
16 172
16 596
16 107
16 671
16 794
17 808
17 809
17 233
17 222
17 676
17 608
17 527
17 184
17 336
17 762
17 612
17 597
17 862
17 952
17 478
17 384
17 511
17 119
17 965
17 736
17 18
17 24
17 391
17 232
17 521
17 935
18 523
18 873
18 194
18 626
18 363
18 599
18 534
18 251
18 877
18 951
18 776
18 214
18 604
18 603
18 295
18 952
18 702
18 408
19 525
19 95
19 671
19 812
19 249
19 666
19 168
19 367
19 937
19 167
19 647
19 974
19 102
19 872
19 49
19 499
20 239
20 262
20 551
20 853
20 909
20 508
20 819
20 289
20 825
20 542
20 919
20 633
20 544
20 710
20 832
20 689
20 730
20 674
20 834
20 653
20 535
20 491
20 160
20 541
20 303
21 349
21 750
21 960
21 970
21 62
21 101
21 985
21 811
21 120
21 421
21 874
21 266
21 208
21 131
21 701
21 355
21 171
21 26
21 354
21 721
21 757
22 581
22 942
22 494
22 525
22 552
22 703
22 361
22 104
22 301
22 201
22 127
22 247
22 831
22 490
22 439
22 433
22 292
22 950
22 416
22 227
22 467
22 714
22 945
23 745
23 552
23 566
23 382
23 752
23 693
23 150
23 955
23 122
23 434
23 638
23 966
23 32
23 622
23 417
23 197
23 512
23 688
23 73
23 918
24 794
24 527
24 908
24 614
24 700
24 332
24 723
24 310
24 436
24 76
24 612
24 667
24 652
24 467
24 151
24 931
24 203
24 374
24 536
24 84
24 990
24 91
24 364
24 45
24 780
24 998
24 643
25 52
25 120
25 608
25 652
25 854
25 60
25 411
25 896
25 206
25 878
25 266
25 156
25 975
25 109
25 441
25 959
25 436
25 805
25 341
25 146
25 690
25 506
25 655
25 451
25 240
25 425
26 538
26 513
26 45
26 836
26 301
26 407
26 699
26 524
26 381
26 714
26 796
26 48
26 873
26 178
26 131
26 587
26 771
27 828
27 226
27 762
27 328
27 254
27 404
27 787
27 84
27 333
27 186
27 51
27 149
27 127
27 602
27 194
27 859
27 838
27 608
27 469
27 964
27 775
28 257
28 677
28 715
28 485
28 424
28 541
28 37
28 305
28 153
28 185
28 883
28 348
28 984
28 580
28 680
28 455
28 55
28 944
29 866
29 78
29 836
29 931
29 471
29 443
29 91
29 550
29 103
29 114
29 789
29 45
29 109
29 967
29 973
29 73
29 58
30 300
30 226
30 507
30 627
30 243
30 355
30 821
30 304
30 54
30 34
30 883
30 408
30 743
30 614
30 881
31 226
31 737
31 819
31 806
31 714
31 420
31 160
31 574
31 588
31 556
31 287
31 66
31 955
31 389
31 281
32 241
32 571
32 576
32 546
32 252
32 409
32 558
32 195
32 667
32 932
32 499
32 143
32 622
32 987
33 685
33 274
33 473
33 708
33 491
33 807
33 323
33 412
33 609
33 154
33 185
33 97
33 40
33 71
33 268
33 948
33 161
33 440
33 605
33 434
33 924
33 505
34 56
34 994
34 742
34 206
34 385
34 790
34 650
34 346
35 149
35 252
35 222
35 887
35 875
35 444
35 123
35 619
35 300
35 158
35 227
35 949
35 815
35 942
35 179
35 341
35 135
35 990
35 559
36 569
36 172
36 926
36 741
36 600
36 412
36 772
36 966
36 687
36 372
36 137
36 376
36 631
36 728
36 609
36 674
36 127
36 701
36 603
36 182
36 192
37 766
37 529
37 953
37 273
37 613
37 229
37 154
37 656
37 816
37 565
37 830
37 787
37 139
37 684
37 781
37 51
37 804
37 868
38 370
38 255
38 143
38 74
38 142
38 288
38 944
38 762
38 703
38 146
38 783
38 378
38 919
38 716
38 719
38 559
38 364
38 253
38 386
38 491
38 715
38 866
39 607
39 107
39 683
39 801
39 920
39 536
39 816
39 763
39 748
39 135
39 235
39 368
39 933
39 765
39 545
39 623
39 843
39 476
39 945
39 557
39 792
39 722
40 650
40 782
40 797
40 473
40 324
40 312
40 845
40 137
40 854
40 271
40 64
40 622
40 546
40 548
41 752
41 978
41 516
41 366
41 48
41 393
41 995
41 104
41 105
41 195
41 526
41 556
41 83
41 363
41 676
41 283
41 756
41 668
41 751
41 217
41 364
42 443
42 685
42 759
42 612
42 909
42 178
42 111
42 295
42 175
42 897
42 674
42 106
42 70
42 162
42 261
42 163
42 220
42 506
42 415
43 197
43 496
43 955
43 295
43 586
43 179
43 958
43 890
43 50
43 557
43 359
43 838
43 845
43 78
43 687
43 454
43 638
43 254
43 672
43 166
43 286
44 859
44 273
44 550
44 434
44 948
44 630
44 75
44 163
44 357
44 689
44 170
44 146
44 294
44 242
44 461
44 731
44 321
44 427
45 896
45 201
45 234
45 632
45 925
45 383
45 178
45 327
45 811
45 541
45 951
45 444
45 765
45 360
45 68
45 78
45 778
46 996
46 393
46 947
46 486
46 207
46 758
46 467
46 547
46 799
46 122
46 160
46 373
46 766
46 426
46 548
46 90
46 81
46 738
46 510
46 364
47 648
47 571
47 548
47 473
47 945
47 883
47 375
47 844
47 238
47 252
47 873
47 373
48 394
48 277
48 139
48 789
48 652
48 400
48 736
48 859
48 671
48 228
48 788
48 558
48 922
48 820
49 125
49 207
49 316
49 292
49 639
49 474
49 105
49 844
49 229
49 442
49 329
49 77
49 318
49 545
49 881
49 469
49 994
50 561
50 616
50 306
50 185
50 191
50 875
50 425
50 850
50 649
50 253
50 140
50 997
50 397
50 624
51 982
51 199
51 265
51 227
51 354
51 468
51 546
51 263
51 544
51 837
51 687
51 755
51 109
51 859
51 911
51 168
51 940
51 121
51 253
51 425
51 632
51 96
51 407
51 642
51 483
52 876
52 969
52 585
52 104
52 754
52 769
52 257
52 374
52 574
52 402
52 398
52 747
52 215
52 458
52 961
52 647
52 555
52 383
52 100
52 420
52 519
52 152
53 238
53 420
53 891
53 119
53 440
53 54
53 178
53 55
53 488
53 723
53 548
53 897
53 266
53 310
54 212
54 114
54 587
54 799
54 712
54 312
54 458
54 442
54 736
54 846
54 545
54 412
54 344
54 856
54 865
54 365
54 240
54 299
54 766
54 752
54 822
55 953
55 984
55 519
55 643
55 698
55 594
55 163
55 186
55 449
55 895
55 368
55 638
55 691
55 309
55 390
55 273
55 766
55 622
55 189
55 302
55 882
55 256
55 233
55 131
55 319
55 190
55 700
55 915
55 674
55 60
56 736
56 180
56 990
56 926
56 965
56 657
56 157
56 251
56 447
56 91
56 833
56 65
56 70
56 532
56 739
57 900
57 844
57 242
57 472
57 144
57 687
57 578
57 716
57 979
57 937
57 360
57 779
57 349
57 277
57 102
57 326
57 377
57 800
57 966
57 834
57 627
57 297
57 959
57 573
57 495
57 73
58 836
58 208
58 748
58 677
58 778
58 602
58 880
58 664
58 621
58 456
58 160
58 278
58 854
58 693
58 592
58 645
58 585
58 519
58 740
58 648
58 336
58 74
58 640
58 482
58 671
59 223
59 187
59 788
59 298
59 185
59 353
59 727
59 790
59 468
59 646
59 798
59 845
59 106
59 355
59 763
59 533
59 356
59 631
59 406
59 67
59 895
59 473
59 246
59 175
59 999
59 276
59 350
59 995
60 610
60 535
60 644
60 769
60 728
60 270
60 253
60 923
60 486
60 377
60 350
60 694
60 217
60 847
60 982
61 422
61 748
61 197
61 853
61 395
61 613
61 939
61 685
61 628
61 982
61 677
61 248
61 392
61 416
61 568
61 940
61 921
62 313
62 573
62 816
62 823
62 539
62 729
62 237
62 679
62 301
62 368
62 459
62 618
62 700
62 140
62 858
62 216
62 138
62 416
62 590
62 464
63 938
63 662
63 689
63 833
63 443
63 739
63 622
63 166
63 445
63 818
63 508
63 995
63 438
63 712
63 450
63 868
64 390
64 242
64 580
64 852
64 334
64 529
64 876
64 992
64 937
64 372
64 335
64 499
64 537
64 782
64 202
64 820
64 912
64 195
65 250
65 920
65 914
65 385
65 796
65 752
65 277
65 473
65 916
65 362
65 291
65 554
65 100
65 142
65 120
65 935
65 341
65 783
65 390
65 95
65 833
65 236
65 497
65 193
65 884
65 293
65 477
66 454
66 429
66 740
66 908
66 305
66 145
66 278
66 404
66 887
66 359
66 538
66 72
66 117
66 616
66 652
66 252
66 946
66 130
66 700
66 299
66 520
66 798
67 315
67 788
67 684
67 597
67 572
67 795
67 432
67 775
67 644
67 409
67 904
67 778
67 891
67 826
67 255
68 582
68 787
68 606
68 106
68 837
68 259
68 470
68 462
68 268
68 752
68 297
68 206
68 154
68 730
68 605
68 574
68 745
69 96
69 384
69 525
69 524
69 396
69 512
69 254
69 742
69 159
69 729
69 155
69 974
69 973
69 995
70 525
70 268
70 189
70 160
70 955
70 170
70 446
70 640
70 741
70 187
70 591
70 399
70 135
70 142
70 527
70 348
70 743
70 650
70 566
70 277
70 730
71 229
71 540
71 965
71 640
71 925
71 292
71 491
71 567
71 888
71 399
71 382
71 538
71 455
71 368
71 190
71 90
71 350
71 358
72 789
72 796
72 175
72 140
72 309
72 813
72 397
72 112
72 516
72 845
72 956
72 345
72 906
72 907
72 221
72 323
72 135
73 103
73 538
73 645
73 781
73 484
73 839
73 721
73 755
73 856
73 787
73 786
73 138
73 951
73 871
73 587
73 227
73 226
73 272
73 158
73 666
73 514
73 534
73 664
73 504
73 800
73 328
73 336
73 904
74 532
74 930
74 126
74 863
74 128
74 348
74 514
74 933
74 232
74 103
74 281
74 568
74 534
74 84
74 941
74 260
74 847
74 876
74 95
74 455
74 419
74 226
74 717
74 666
74 430
74 681
75 386
75 188
75 470
75 523
75 917
75 622
75 169
75 967
75 494
75 111
75 843
75 862
75 702
75 317
75 706
76 881
76 537
76 823
76 291
76 991
76 679
76 435
76 383
76 981
76 585
76 993
76 538
76 234
76 684
77 527
77 947
77 461
77 388
77 395
77 528
77 325
77 241
77 376
77 498
77 933
77 691
77 591
77 680
77 291
77 621
77 513
78 704
78 102
78 456
78 673
78 134
78 649
78 761
78 588
78 264
78 946
78 94
78 616
78 331
78 311
79 316
79 277
79 664
79 181
79 631
79 407
79 215
79 399
79 263
79 564
79 662
79 150
79 507
79 892
79 955
79 473
79 750
79 744
79 640
79 458
80 235
80 851
80 130
80 898
80 490
80 829
80 705
80 252
80 844
80 329
80 633
80 951
80 178
80 549
80 637
80 243
80 169
81 470
81 908
81 255
81 242
81 325
81 754
81 686
81 703
81 125
81 603
81 91
81 399
81 597
81 82
81 534
81 812
81 943
81 714
81 193
81 819
82 190
82 647
82 429
82 592
82 188
82 828
82 363
82 909
82 990
82 596
82 434
82 130
82 351
82 963
82 482
82 251
82 939
82 126
82 431
83 157
83 215
83 343
83 802
83 999
83 189
83 730
83 695
83 212
83 934
83 689
83 783
83 577
83 765
83 103
83 988
83 792
84 415
84 410
84 178
84 183
84 363
84 782
84 824
84 723
84 525
84 713
84 614
84 522
84 467
84 985
84 176
84 608
84 766
84 628
84 630
84 89
84 173
84 708
84 667
84 598
85 92
85 112
85 268
85 922
85 864
85 635
85 882
85 709
85 645
85 304
85 198
85 907
85 233
85 582
85 115
85 169
85 209
86 364
86 976
86 453
86 90
86 603
86 257
86 122
86 822
86 525
86 218
86 108
86 955
87 994
87 207
87 322
87 760
87 332
87 330
87 331
87 640
87 923
87 306
87 677
87 990
87 972
87 826
87 114
87 399
88 139
88 830
88 810
88 720
88 195
88 166
88 509
88 935
88 777
88 560
88 778
88 873
88 786
88 575
88 783
88 418
88 462
88 384
88 600
89 650
89 243
89 240
89 844
89 215
89 972
89 843
89 848
89 924
89 495
89 544
89 242
89 349
89 739
89 399
89 446
89 96
89 994
89 792
89 730
89 323
89 169
89 378
90 652
90 677
90 841
90 134
90 918
90 241
90 598
90 110
90 559
90 249
90 868
90 236
90 836
90 427
90 915
90 635
90 694
90 404
90 308
91 307
91 859
91 774
91 978
91 938
91 626
91 144
91 780
91 959
91 521
91 576
91 725
91 173
91 536
91 630
91 953
91 851
91 409
91 520
92 936
92 942
92 359
92 108
92 289
92 558
92 782
92 935
92 408
92 970
92 561
92 204
92 506
92 528
92 701
93 887
93 903
93 126
93 348
93 818
93 986
93 321
93 447
93 804
93 198
93 390
93 544
93 636
93 921
93 355
93 512
93 802
93 954
93 737
93 407
93 960
93 981
93 111
93 180
93 614
93 526
93 825
94 493
94 694
94 208
94 229
94 321
94 337
94 556
94 518
94 373
94 265
94 494
94 232
94 777
94 642
94 375
94 793
94 382
95 634
95 118
95 209
95 478
95 657
95 281
95 942
95 96
95 494
95 890
95 457
95 803
95 578
95 556
95 193
95 795
95 561
96 797
96 364
96 195
96 257
96 766
96 696
96 834
96 859
96 181
96 292
96 443
96 685
96 137
96 761
96 572
96 970
96 140
97 491
97 424
97 627
97 107
97 644
97 682
97 576
97 205
97 454
97 824
97 530
97 326
97 498
97 226
97 605
97 176
97 594
97 137
97 645
97 831
97 229
97 829
97 325
97 136
98 433
98 112
98 784
98 716
98 399
98 566
98 925
98 320
98 948
98 969
98 244
98 756
98 482
98 989
98 798
98 595
98 829
98 178
99 163
99 889
99 144
99 782
99 993
99 470
99 848
99 652
99 719
99 197
99 141
99 476
99 602
99 499
99 472
99 607
99 401
99 436
99 330
99 500
99 955
99 257
99 481
99 771
100 523
100 197
100 674
100 552
100 365
100 159
100 451
100 155
100 961
100 167
100 639
100 986
100 497
101 728
101 855
101 425
101 163
101 738
101 367
101 604
101 396
101 146
101 121
101 858
101 348
101 184
101 673
101 383
101 625
101 449
101 317
101 180
101 490
102 565
102 169
102 908
102 272
102 499
102 155
102 433
102 902
102 208
102 636
102 774
102 817
102 625
102 550
102 761
102 778
102 858
102 400
102 450
102 573
102 186
102 996
102 645
102 702
102 816
103 830
103 799
103 861
103 468
103 815
103 941
103 784
103 244
103 965
103 532
103 328
103 405
103 869
104 338
104 551
104 105
104 415
104 630
104 248
104 324
104 774
104 413
104 599
104 461
104 251
104 366
104 733
105 660
105 261
105 851
105 797
105 865
105 940
105 563
105 254
105 258
105 650
105 516
106 965
106 856
106 310
106 660
106 672
106 289
106 574
106 446
106 595
106 893
106 236
106 266
106 975
106 948
106 124
106 538
106 722
106 777
106 740
107 923
107 451
107 300
107 752
107 121
107 143
107 222
107 930
107 389
107 587
107 551
107 387
107 995
107 139
107 661
107 844
107 240
107 436
108 573
108 835
108 854
108 345
108 274
108 374
108 134
108 390
108 290
108 501
108 768
108 643
108 846
108 624
108 767
108 218
109 719
109 261
109 241
109 723
109 301
109 622
109 486
109 394
109 508
109 544
109 326
109 155
109 720
109 965
109 794
109 797
109 763
109 745
110 765
110 116
110 895
110 703
110 588
110 374
110 180
110 182
110 736
110 264
110 248
110 621
110 451
110 906
110 390
111 439
111 519
111 556
111 700
111 251
111 586
111 611
111 715
111 185
111 186
111 326
111 973
111 119
111 884
111 321
111 927
111 320
111 212
111 577
111 273
111 133
112 442
112 275
112 648
112 726
112 626
112 372
112 677
112 846
112 864
112 835
112 980
112 466
112 666
112 629
112 949
112 530
112 682
112 254
112 367
112 281
112 377
113 686
113 141
113 939
113 725
113 438
113 337
113 448
113 502
113 977
113 274
113 289
114 582
114 190
114 654
114 408
114 937
114 904
114 369
114 443
114 506
114 269
114 169
114 332
114 435
114 167
115 898
115 715
115 483
115 438
115 742
115 249
115 710
115 264
115 683
115 968
115 771
115 643
115 140
115 254
115 323
115 255
115 639
115 810
115 591
115 784
115 851
116 816
116 420
116 809
116 797
116 132
116 534
116 903
116 957
116 951
116 165
116 891
116 226
116 674
116 319
116 477
116 603
116 788
116 413
116 437
116 502
116 324
117 728
117 943
117 458
117 430
117 855
117 265
117 300
117 845
117 118
117 972
117 408
117 593
117 462
117 379
117 187
118 393
118 603
118 148
118 529
118 178
118 338
118 970
118 941
118 264
118 750
118 251
118 203
118 915
118 707
118 982
118 414
118 432
119 208
119 721
119 523
119 508
119 241
119 273
119 330
119 773
119 512
119 609
119 475
119 401
119 133
119 287
119 976
119 355
119 902
119 957
119 243
119 608
120 142
120 534
120 475
120 199
120 256
120 592
120 182
120 323
120 807
120 607
120 403
120 402
120 810
120 679
120 944
121 451
121 413
121 427
121 207
121 306
121 214
121 684
121 638
121 722
121 781
121 422
121 944
121 455
121 885
121 498
121 535
121 936
121 452
121 632
121 217
121 491
121 736
121 505
121 244
121 525
121 355
121 920
122 259
122 603
122 872
122 178
122 906
122 730
122 233
122 681
122 466
122 664
122 635
122 157
122 608
122 375
122 460
122 393
123 992
123 638
123 819
123 292
123 646
123 144
123 671
123 909
123 898
123 605
123 804
123 621
123 524
123 302
123 161
123 790
123 780
123 244
123 973
123 692
124 381
124 319
124 954
124 971
124 595
124 999
124 358
124 155
124 619
124 711
124 392
124 934
124 460
124 729
124 215
124 483
124 529
124 654
124 734
125 559
125 465
125 439
125 775
125 285
125 533
125 789
125 432
125 356
125 577
125 456
125 657
125 868
125 845
125 206
125 316
125 668
126 680
126 772
126 458
126 336
126 916
126 360
126 581
126 138
126 746
126 411
126 690
126 196
126 617
126 717
126 898
126 826
126 740
126 992
126 779
126 523
127 734
127 236
127 263
127 328
127 649
127 399
127 983
127 865
127 510
127 408
127 846
127 171
127 650
127 912
127 531
127 378
127 821
128 360
128 851
128 319
128 589
128 198
128 753
128 646
128 780
128 764
128 694
128 133
128 416
129 389
129 334
129 968
129 625
129 956
129 556
129 588
129 313
129 886
129 582
129 304
129 327
129 854
129 547
129 951
130 667
130 785
130 619
130 328
130 329
130 693
130 845
130 877
130 803
130 260
130 543
130 131
130 179
130 674
130 298
130 859
130 555
131 761
131 471
131 583
131 997
131 662
131 809
131 989
131 574
131 424
131 547
131 236
131 257
131 728
131 600
131 902
131 982
131 622
131 432
131 967
131 433
132 405
132 461
132 488
132 146
132 191
132 334
132 418
132 333
132 516
132 492
132 134
132 837
132 790
132 276
132 454
132 715
132 603
132 352
132 772
132 135
133 491
133 256
133 734
133 219
133 562
133 746
133 348
133 197
133 717
133 871
133 835
133 900
133 162
133 819
134 607
134 964
134 323
134 486
134 384
134 636
134 517
134 494
134 858
134 265
134 673
134 187
134 859
134 984
134 591
134 989
134 627
135 446
135 622
135 810
135 704
135 380
135 298
135 633
135 700
135 453
135 838
135 462
135 747
135 705
135 355
135 552
135 647
136 675
136 671
136 207
136 891
136 144
136 309
136 457
136 840
136 736
136 538
136 573
136 439
136 321
136 932
136 988
136 924
136 735
136 469
137 211
137 789
137 392
137 346
137 880
137 461
137 885
137 685
137 388
137 961
137 390
137 978
137 227
137 561
137 867
137 779
137 350
137 213
137 355
138 758
138 335
138 553
138 284
138 593
138 647
138 194
138 449
138 202
138 610
138 459
138 703
139 298
139 574
139 471
139 994
139 780
139 475
139 140
139 364
139 569
139 670
139 394
139 397
139 197
139 491
139 497
139 952
140 443
140 492
140 414
140 547
140 515
140 626
140 623
140 685
140 320
140 841
140 202
140 440
140 820
140 837
140 724
140 903
141 876
141 960
141 182
141 887
141 787
141 429
141 375
141 987
141 882
141 776
141 405
141 292
141 161
141 993
141 972
142 478
142 926
142 434
142 476
142 493
142 456
142 941
142 652
142 761
142 430
142 610
142 307
143 407
143 612
143 157
143 749
143 209
143 860
143 646
143 435
143 990
143 982
143 697
144 538
144 411
144 367
144 673
144 832
144 808
144 288
144 416
144 667
144 470
144 717
144 418
144 970
144 882
144 200
144 456
144 651
144 239
144 851
144 333
145 343
145 833
145 678
145 523
145 668
145 604
145 642
145 302
145 417
145 689
145 202
145 786
145 636
145 608
146 350
146 427
146 388
146 308
146 758
146 661
146 506
146 652
146 891
146 916
146 217
146 564
146 526
146 906
146 458
147 371
147 851
147 840
147 577
147 988
147 634
147 198
147 327
147 818
147 661
147 294
147 185
147 787
148 158
148 695
148 212
148 324
148 239
148 288
148 180
148 604
148 563
148 321
148 339
148 399
148 753
148 241
148 946
148 789
148 355
148 379
148 889
148 459
148 488
148 843
149 436
149 747
149 334
149 480
149 454
149 709
149 493
149 488
149 188
149 453
149 500
149 971
149 880
149 872
149 841
149 910
150 830
150 436
150 323
150 819
150 399
150 828
150 783
150 584
150 645
150 433
150 238
150 354
150 947
151 214
151 625
151 858
151 731
151 465
151 976
151 477
151 511
151 577
151 352
151 763
151 926
151 980
152 278
152 490
152 806
152 890
152 401
152 848
152 476
152 568
152 958
152 295
152 556
152 286
152 745
152 428
152 337
152 571
152 245
152 702
153 538
153 201
153 931
153 348
153 575
153 226
153 785
153 694
153 915
153 221
153 207
154 220
154 419
154 689
154 670
154 384
154 972
154 873
154 462
154 760
154 544
154 714
154 955
154 827
154 851
154 871
154 909
155 403
155 847
155 254
155 220
155 801
155 522
155 708
155 481
155 652
155 349
155 256
155 622
155 793
155 700
155 919
155 932
155 790
155 376
156 249
156 534
156 766
156 491
156 764
156 201
156 391
156 402
156 404
156 270
156 668
156 462
156 535
156 327
157 759
157 681
157 779
157 697
157 275
157 750
157 439
157 995
157 781
157 609
157 749
157 741
157 760
157 362
157 383
158 773
158 909
158 719
158 648
158 416
158 898
158 286
158 628
158 269
158 617
158 305
158 571
158 491
158 713
159 478
159 791
159 732
159 592
159 562
159 580
159 233
159 396
159 543
159 520
159 514
159 966
159 571
159 814
159 624
159 852
159 362
159 771
160 751
160 262
160 485
160 361
160 415
160 813
160 811
160 871
160 893
160 635
160 217
161 958
161 753
161 863
161 389
161 615
161 456
161 981
161 474
161 481
161 532
161 993
161 206
161 440
161 714
161 623
161 830
161 757
161 533
161 588
161 943
162 484
162 879
162 637
162 889
162 468
162 210
162 426
162 973
162 743
162 186
162 661
162 229
162 389
162 544
163 494
163 537
163 341
163 684
163 557
163 869
163 599
163 995
163 984
163 871
163 474
163 446
163 875
163 705
163 917
163 586
163 749
163 193
164 762
164 600
164 328
164 226
164 826
164 310
164 689
164 426
164 962
164 799
164 638
165 687
165 211
165 668
165 516
165 628
165 631
165 518
165 727
165 367
165 697
165 177
165 360
165 975
165 197
165 827
166 253
166 818
166 746
166 176
166 629
166 869
166 271
166 376
166 962
166 483
166 505
166 199
166 299
166 310
166 404
167 356
167 331
167 231
167 616
167 596
167 602
167 257
167 360
167 307
167 489
167 265
167 181
167 861
167 277
167 338
168 921
168 912
168 659
168 399
168 997
168 575
168 212
168 848
168 999
168 989
168 675
168 821
168 735
169 356
169 457
169 589
169 528
169 756
169 633
169 424
169 247
169 860
169 459
169 597
169 172
169 595
169 462
169 380
170 583
170 644
170 816
170 783
170 329
170 860
170 248
170 875
170 373
170 930
170 959
170 772
170 916
170 225
170 492
170 584
170 865
170 482
170 351
170 387
170 836
170 558
170 269
170 699
171 557
171 794
171 681
171 568
171 621
171 582
171 666
171 537
171 463
171 508
171 539
171 583
171 534
172 726
172 382
172 736
172 335
172 373
172 546
172 515
172 228
172 370
172 988
172 842
172 820
172 571
172 711
172 721
172 857
173 421
173 560
173 834
173 748
173 974
173 431
173 779
173 583
173 887
173 232
173 410
174 264
174 389
174 679
174 337
174 490
174 478
174 909
174 180
174 719
174 967
174 847
174 764
174 483
174 225
174 582
174 554
174 917
174 262
174 587
175 275
175 452
175 417
175 396
175 527
175 437
175 914
175 564
175 634
175 903
175 732
175 552
175 672
176 709
176 903
176 394
176 820
176 522
176 240
176 581
176 293
176 862
176 648
176 814
176 312
177 393
177 990
177 637
177 820
177 963
177 815
177 881
177 211
177 634
177 306
177 379
177 727
177 978
177 699
177 822
178 290
178 480
178 273
178 315
178 521
178 544
178 949
178 748
178 224
178 719
178 571
178 540
179 362
179 594
179 719
179 512
179 276
179 723
179 730
179 733
179 428
179 660
179 784
179 927
179 607
179 482
180 636
180 534
180 218
180 583
180 272
180 313
180 850
180 380
180 680
180 492
180 917
180 530
180 922
180 538
181 704
181 707
181 742
181 758
181 650
181 295
181 200
181 691
181 917
181 634
181 999
181 362
181 825
181 340
181 602
181 782
181 695
182 684
182 792
182 953
182 893
182 869
182 950
182 734
182 936
182 765
182 753
182 747
182 929
182 464
182 834
182 756
182 222
182 524
182 709
183 721
183 696
183 601
183 956
183 227
183 924
183 953
183 562
183 898
183 249
183 811
183 185
183 266
183 883
183 317
183 188
183 937
183 895
184 202
184 678
184 449
184 303
184 739
184 356
184 191
184 220
184 533
184 581
184 459
184 837
184 569
184 221
184 492
184 278
184 592
184 503
184 796
185 419
185 704
185 193
185 763
185 331
185 750
185 957
185 492
185 481
185 410
185 418
185 721
185 413
185 205
185 684
186 388
186 674
186 612
186 789
186 578
186 838
186 996
186 775
186 715
186 308
186 744
186 820
186 949
186 768
186 889
186 845
186 309
186 423
186 753
186 906
187 937
187 412
187 277
187 935
187 631
187 383
187 600
187 587
187 612
187 324
187 961
187 682
187 781
187 534
187 478
187 832
187 977
187 409
187 990
187 898
187 565
187 649
187 345
188 937
188 289
188 207
188 934
188 933
188 657
188 249
188 456
188 889
188 690
188 291
188 255
188 621
188 444
188 793
188 586
188 824
188 833
189 504
189 889
189 648
189 946
189 268
189 894
189 796
189 989
189 560
189 294
189 204
189 878
189 674
189 242
189 566
189 447
189 856
190 959
190 610
190 787
190 302
190 392
190 304
190 386
190 637
190 355
190 662
190 848
190 531
190 221
190 938
190 673
190 232
190 928
191 546
191 819
191 697
191 196
191 585
191 505
191 284
191 218
191 666
191 662
191 719
191 399
191 687
191 557
191 238
191 686
191 412
192 842
192 517
192 710
192 250
192 871
192 310
192 198
192 899
192 400
192 981
192 975
192 934
192 837
192 665
192 338
192 532
193 283
193 307
193 444
193 692
193 613
193 330
193 979
193 844
193 659
193 199
193 394
193 453
193 276
194 436
194 840
194 352
194 772
194 322
194 834
194 884
194 590
194 447
195 252
195 285
195 392
195 506
195 317
195 555
195 627
195 984
195 581
195 424
195 867
195 817
195 771
195 360
196 220
196 314
196 629
196 232
196 367
196 310
196 600
196 881
196 199
196 713
196 816
196 611
196 800
196 469
197 541
197 656
197 380
197 539
197 866
197 860
197 474
197 367
197 856
197 953
197 651
197 239
197 234
197 370
197 466
198 627
198 984
198 835
198 996
198 244
198 370
198 977
198 652
198 372
198 669
198 275
198 221
198 327
198 590
198 886
198 451
198 285
198 943
198 463
198 709
198 942
198 353
199 459
199 703
199 992
199 421
199 380
199 929
199 944
199 494
199 248
199 591
199 993
199 313
199 513
200 811
200 990
200 427
200 528
200 714
200 839
200 778
200 517
200 841
200 633
200 848
200 645
200 448
201 379
201 436
201 646
201 561
201 863
201 477
201 876
201 630
201 526
201 481
201 875
201 558
201 643
201 456
201 996
201 349
201 797
202 262
202 875
202 454
202 748
202 941
202 843
202 774
202 798
202 908
202 693
202 489
202 914
202 809
202 997
202 637
202 752
202 695
202 346
202 995
203 342
203 871
203 764
203 495
203 332
203 522
203 346
203 484
203 912
203 799
203 482
203 816
203 498
203 957
203 238
203 225
203 685
204 940
204 465
204 225
204 555
204 896
204 811
204 433
204 963
204 270
204 729
204 854
204 318
204 888
204 673
204 207
204 645
204 368
205 248
205 666
205 613
205 243
205 535
205 521
205 505
205 504
205 724
205 601
206 401
206 533
206 299
206 373
206 531
206 886
206 950
206 318
206 979
206 743
206 695
206 611
207 285
207 959
207 334
207 751
207 947
207 924
207 535
207 426
207 993
207 726
207 269
207 757
207 388
207 989
208 779
208 454
208 293
208 569
208 485
208 471
208 931
208 694
208 894
208 875
208 988
208 386
208 829
208 774
209 353
209 772
209 962
209 290
209 976
209 915
209 526
209 700
209 344
209 611
209 910
209 656
209 468
209 514
209 936
209 647
209 326
209 378
209 796
209 925
210 809
210 821
210 584
210 466
210 825
210 904
210 397
210 240
210 363
210 307
210 945
210 939
210 338
210 455
210 876
210 472
210 836
210 920
210 535
211 934
211 942
211 882
211 909
211 781
211 806
211 477
211 603
211 268
211 700
211 792
211 509
211 492
211 837
211 486
211 491
212 775
212 442
212 912
212 586
212 852
212 589
212 751
212 367
212 967
212 602
212 394
212 927
212 559
212 705
212 783
212 629
212 549
212 777
212 902
212 872
212 999
212 545
212 576
213 767
213 566
213 518
213 655
213 501
213 769
213 819
213 707
213 382
213 526
213 423
213 793
213 287
213 519
213 464
214 779
214 678
214 268
214 463
214 549
214 547
214 875
214 777
214 280
214 586
214 822
214 793
214 425
214 618
214 889
214 283
214 380
214 627
215 487
215 233
215 400
215 295
215 878
215 641
215 811
215 452
215 313
215 966
215 296
215 650
215 425
215 409
215 448
215 340
216 877
216 627
216 645
216 655
216 742
216 584
217 641
217 820
217 485
217 305
217 499
217 298
217 439
217 682
217 960
217 929
217 710
217 468
217 607
217 649
217 749
217 698
217 559
218 737
218 525
218 589
218 777
218 622
218 318
218 736
218 922
218 584
218 519
218 874
219 675
219 890
219 509
219 808
219 774
219 244
219 860
219 694
219 811
219 870
219 841
219 727
219 463
220 761
220 791
220 746
220 814
220 483
220 847
220 500
220 402
220 696
220 320
221 332
221 543
221 369
221 699
221 795
221 351
221 534
221 969
221 854
221 841
221 812
221 283
221 890
221 872
222 385
222 762
222 826
222 347
222 786
222 735
222 384
222 916
222 240
222 514
222 862
222 815
222 548
222 600
222 644
223 531
223 610
223 717
223 726
223 950
223 656
223 345
223 832
223 556
223 798
224 524
224 546
224 993
224 469
224 639
224 480
224 472
224 932
224 420
224 453
224 466
224 900
224 909
224 839
224 276
224 438
224 474
225 538
225 899
225 240
225 985
225 722
225 597
225 621
225 976
225 340
225 369
225 738
225 554
226 390
226 669
226 514
226 735
226 856
226 442
226 357
226 805
226 236
226 979
226 795
226 227
226 507
227 621
227 867
227 854
227 661
227 987
227 688
227 682
227 282
227 703
227 298
227 978
227 348
227 920
227 484
227 434
227 503
227 462
227 916
227 749
227 686
227 233
228 530
228 359
228 251
228 295
228 601
228 755
228 608
228 342
228 722
228 404
228 887
228 516
229 951
229 637
229 696
229 581
229 997
229 947
229 874
229 847
229 331
229 798
229 987
229 484
229 872
229 854
229 265
229 726
229 396
229 658
230 990
230 674
230 403
230 256
230 935
230 848
230 472
230 609
230 650
230 700
231 671
231 356
231 488
231 982
231 816
231 792
231 461
231 919
231 961
231 672
231 526
231 515
231 276
231 574
232 674
232 864
232 701
232 804
232 562
232 585
232 991
232 241
232 240
232 728
232 886
232 552
232 566
232 969
233 665
233 404
233 346
233 646
233 815
233 424
233 253
233 855
233 260
233 998
233 931
233 327
233 320
233 490
233 535
233 245
233 302
233 955
233 525
233 869
234 838
234 825
234 914
234 248
234 244
234 801
234 293
234 857
234 591
234 728
234 594
234 764
234 722
234 340
234 469
234 606
234 551
234 921
235 428
235 598
235 316
235 541
235 491
235 874
235 762
235 855
235 682
235 299
236 445
236 279
236 362
236 459
236 343
236 922
236 457
236 307
236 594
236 706
237 605
237 421
237 248
237 407
237 376
237 612
237 706
237 370
237 515
237 526
237 972
237 845
237 660
237 626
237 305
237 783
237 296
237 507
237 757
237 425
238 477
238 274
238 360
238 632
238 307
238 650
238 391
238 255
238 873
238 985
238 348
238 494
238 983
238 392
238 257
238 586
238 553
239 565
239 325
239 364
239 481
239 797
239 585
239 781
239 944
239 473
239 340
239 464
240 473
240 515
240 516
240 634
240 267
240 617
240 448
240 916
240 555
240 701
240 833
240 811
240 744
240 306
240 894
240 790
240 295
240 506
240 284
240 360
240 471
240 888
240 868
241 553
241 529
241 413
241 681
241 386
241 531
241 492
241 419
241 461
241 525
241 653
241 444
241 842
241 296
241 672
241 845
241 326
241 761
241 914
241 706
242 942
242 905
242 841
242 499
242 720
242 668
242 815
242 616
242 432
242 461
242 399
242 741
243 765
243 334
243 418
243 718
243 772
243 853
243 503
243 922
243 980
243 690
244 414
244 463
244 889
244 508
244 779
244 848
244 865
244 867
244 667
244 843
244 678
244 750
244 960
244 450
244 522
244 563
244 557
244 819
244 882
244 406
244 850
244 758
244 502
245 403
245 701
245 301
245 837
245 328
245 395
245 973
245 682
245 887
245 819
245 579
245 613
245 373
246 572
246 841
246 881
246 889
246 651
246 598
246 253
246 770
246 418
246 526
246 832
246 396
246 861
246 715
246 645
246 491
246 522
246 417
246 692
246 775
247 385
247 898
247 255
247 818
247 704
247 267
247 765
247 313
247 931
247 282
247 966
247 573
247 938
247 947
247 259
247 971
247 389
247 367
248 533
248 380
248 714
248 434
248 647
248 567
248 963
248 966
248 779
248 365
248 908
248 939
248 648
248 949
248 574
248 889
248 740
249 552
249 799
249 525
249 583
249 924
249 837
249 671
249 473
249 739
250 853
250 683
250 257
250 972
250 665
250 482
250 817
250 599
250 759
250 466
250 795
250 490
250 472
251 691
251 529
251 685
251 738
251 292
251 577
251 800
251 923
251 396
251 296
251 799
251 437
251 606
252 540
252 578
252 613
252 975
252 480
252 443
252 710
252 895
252 528
252 533
252 897
252 580
252 446
252 646
252 452
253 554
253 729
253 319
253 686
253 803
253 853
253 529
253 590
253 924
253 527
253 303
253 697
253 878
253 265
253 940
253 967
254 576
254 271
254 451
254 384
254 455
254 408
254 913
254 637
254 624
254 734
254 785
254 779
254 331
254 414
255 858
255 653
255 581
255 964
255 762
255 567
255 982
255 944
255 899
256 872
256 263
256 787
256 899
256 683
256 840
256 501
256 982
256 466
256 436
256 860
257 268
257 270
257 485
257 969
257 769
257 687
257 436
257 828
257 937
257 309
257 596
257 521
257 414
257 791
257 441
257 285
257 344
257 434
257 679
258 869
258 715
258 315
258 392
258 849
258 406
258 466
258 610
258 474
258 614
258 964
258 318
258 480
258 328
258 524
258 722
258 918
258 630
259 675
259 796
259 988
259 630
259 346
259 732
259 461
259 823
260 338
260 583
260 464
260 552
260 893
260 629
260 379
260 932
260 303
260 733
260 625
260 491
260 587
260 809
260 627
261 352
261 507
261 565
261 459
261 460
261 815
261 392
261 313
261 594
261 639
261 672
261 331
261 269
261 603
261 708
262 466
262 924
262 727
262 963
262 965
262 876
262 312
262 940
262 941
262 626
262 264
262 337
262 619
262 565
262 775
262 757
262 445
262 596
262 599
263 506
263 355
263 864
263 893
263 647
263 556
263 955
263 807
263 758
263 919
263 472
263 339
263 589
263 502
264 597
264 418
264 305
264 926
264 289
264 771
264 730
264 944
264 499
264 524
264 598
264 582
264 274
264 832
264 849
264 291
265 834
265 508
265 763
265 301
265 954
265 972
265 709
265 589
265 930
265 323
265 679
265 536
265 475
265 738
265 490
265 855
265 939
265 285
265 677
265 531
265 540
265 823
266 603
266 501
266 514
266 855
266 471
266 882
266 306
266 683
266 729
266 808
266 273
266 990
266 871
266 586
266 556
266 804
266 943
266 438
267 475
267 956
267 673
267 768
267 630
267 576
267 864
267 370
267 671
267 679
267 721
268 909
268 951
268 865
268 578
268 607
268 599
268 274
268 804
268 754
268 346
268 326
268 765
268 977
268 936
268 506
268 408
268 930
268 836
269 983
269 454
269 429
269 579
269 738
269 921
269 489
269 475
269 928
269 629
269 880
269 341
269 638
269 924
270 776
270 389
270 597
270 681
270 323
270 436
270 707
270 679
270 381
270 364
270 336
270 634
271 287
271 909
271 670
271 666
271 467
271 284
271 711
271 323
271 644
271 528
271 718
271 494
271 495
271 833
272 809
272 864
272 851
272 415
272 393
272 376
272 374
272 830
272 837
272 656
272 299
272 524
272 657
273 845
273 812
273 979
273 888
273 628
273 827
273 527
273 458
273 903
273 554
273 537
273 864
273 990
273 303
273 531
273 476
273 679
274 892
274 523
274 490
274 730
274 404
274 696
274 586
274 479
274 320
274 747
274 822
274 762
274 521
274 980
274 418
274 959
274 616
274 637
274 905
274 276
275 460
275 370
275 430
275 540
275 635
275 414
275 519
275 566
275 481
275 787
275 446
276 878
276 913
276 290
276 541
276 924
276 482
276 944
276 478
276 406
276 689
276 547
276 379
277 697
277 513
277 896
277 807
277 867
277 517
277 845
277 748
277 308
277 917
278 907
278 718
278 932
278 723
278 604
278 670
278 751
278 375
278 633
278 701
278 906
278 685
278 715
278 349
278 563
278 546
278 679
278 603
279 330
279 518
279 713
279 509
279 726
279 462
279 996
279 970
279 358
279 471
279 802
279 921
279 821
280 853
280 499
280 505
280 501
280 450
280 566
280 316
280 843
280 898
280 984
280 585
280 445
280 475
280 467
281 751
281 452
281 369
281 995
281 367
281 901
281 784
281 883
281 867
281 309
281 709
281 444
281 573
281 351
281 981
281 880
281 551
282 797
282 697
282 384
282 373
282 903
282 332
282 487
282 343
282 674
282 842
282 913
282 418
282 383
282 968
282 822
282 525
282 900
282 979
282 865
282 840
282 846
282 627
282 852
282 705
283 765
283 630
283 533
283 435
283 512
283 873
283 551
283 589
283 398
283 783
283 980
283 871
283 836
283 927
284 825
284 477
284 646
284 922
284 470
284 754
284 919
284 599
284 569
284 954
284 737
284 496
284 378
284 495
284 389
284 544
284 350
284 488
285 803
285 506
285 919
285 541
285 937
285 660
285 952
285 774
285 945
285 856
285 355
285 670
285 700
286 402
286 290
286 970
286 546
286 732
286 999
286 979
286 473
286 534
286 646
287 360
287 862
287 674
287 509
287 772
287 788
287 317
287 886
287 531
287 585
287 456
287 468
287 666
287 694
287 744
288 451
288 596
288 638
288 621
288 492
288 345
288 657
288 733
288 508
288 486
288 612
288 547
288 660
288 430
288 520
288 809
288 470
288 552
289 903
289 628
289 922
289 386
289 676
289 397
289 795
289 338
289 521
289 398
289 834
289 297
289 502
289 908
289 368
289 367
289 943
289 488
289 340
289 416
289 774
289 818
289 695
289 727
290 434
290 363
290 299
290 974
290 859
290 913
290 786
290 339
290 559
290 357
290 502
290 683
291 655
291 994
291 936
291 949
291 641
291 567
291 573
291 902
291 626
291 689
291 916
291 386
291 331
291 787
291 502
291 664
292 987
292 477
292 694
292 836
292 655
292 351
292 608
292 791
292 945
292 996
292 934
292 803
292 354
292 747
292 906
293 821
293 495
293 912
293 440
293 888
293 606
293 897
293 539
293 620
293 504
293 809
293 926
293 608
293 338
293 642
293 627
294 509
294 390
294 857
294 909
294 938
294 783
294 715
294 985
294 524
294 836
294 820
294 735
295 718
295 652
295 541
295 899
295 525
295 662
295 386
295 398
295 404
295 841
295 532
295 537
295 976
295 679
295 898
295 524
295 738
296 321
296 385
296 905
296 737
296 312
296 791
296 481
296 339
296 454
297 337
297 424
297 586
297 517
297 718
297 303
297 436
297 577
297 463
297 386
298 775
298 316
298 752
298 997
298 677
298 451
298 571
298 663
299 498
299 686
299 880
299 873
299 542
299 419
299 652
299 477
299 594
300 858
300 846
300 410
300 417
300 659
300 344
300 679
300 677
300 466
300 737
300 356
301 909
301 669
301 433
301 893
301 796
301 798
301 705
301 924
301 312
301 682
301 384
301 845
302 848
302 712
302 865
302 548
302 934
302 937
302 429
302 464
302 320
302 498
302 970
302 704
302 456
302 465
302 976
303 370
303 570
303 625
303 663
303 868
303 857
303 832
303 546
303 982
303 477
303 718
303 680
303 673
303 324
303 526
303 486
303 980
303 411
303 945
303 921
303 878
303 655
303 354
303 532
303 636
303 364
304 618
304 990
304 821
304 958
304 644
304 546
304 846
304 529
304 664
304 530
304 480
304 751
304 493
305 835
305 522
305 403
305 647
305 634
305 967
305 349
305 425
305 534
305 452
305 423
305 501
305 791
305 808
305 822
305 722
306 458
306 473
306 779
306 545
306 539
306 702
306 769
306 793
306 334
306 954
306 846
306 463
306 323
306 718
306 373
306 476
307 562
307 552
307 925
307 699
307 801
307 459
307 571
307 852
307 767
307 329
307 973
307 653
307 529
307 585
308 975
308 895
308 696
308 851
308 893
308 843
308 985
308 505
308 962
308 930
308 813
308 730
308 739
308 917
308 731
308 833
308 580
308 354
308 736
309 959
309 506
309 667
309 930
309 562
309 544
309 471
309 831
309 926
309 969
309 968
309 327
309 336
309 781
309 420
309 515
310 536
310 541
310 442
310 413
310 743
310 763
310 472
310 832
310 668
310 886
310 455
310 456
311 613
311 362
311 833
311 735
311 792
311 378
311 338
311 797
311 769
311 482
311 773
311 450
311 914
311 567
312 727
312 751
312 474
312 646
312 959
312 777
312 525
312 571
312 762
312 794
312 539
312 768
312 740
312 344
312 972
312 869
312 505
312 511
312 733
312 655
313 465
313 633
313 406
313 380
313 822
313 643
313 328
313 440
314 953
314 658
314 916
314 365
314 523
314 815
314 462
314 893
314 817
314 714
315 355
315 885
315 402
315 449
315 971
315 927
315 615
315 678
315 486
315 852
315 736
315 864
315 573
315 516
316 493
316 557
316 862
316 334
316 513
316 907
316 663
316 924
316 330
316 352
316 708
316 580
316 440
317 373
317 754
317 792
317 465
317 620
317 531
317 786
317 498
317 327
317 555
317 441
317 359
317 862
317 837
317 466
317 931
317 833
317 843
317 878
318 402
318 436
318 727
318 559
318 411
318 368
318 449
318 596
318 476
318 692
318 658
318 760
318 414
318 560
318 565
318 864
318 383
319 404
319 971
319 364
319 638
319 769
319 553
319 412
319 952
319 912
319 455
319 498
319 439
319 560
319 649
319 726
320 684
320 359
320 707
320 921
320 760
320 471
320 435
320 902
320 408
320 611
320 727
320 507
321 797
321 873
321 325
321 515
321 617
321 608
321 594
321 665
321 886
321 580
321 978
321 677
321 581
321 773
321 327
321 347
322 766
322 971
322 830
322 733
322 573
322 580
322 761
322 503
323 350
323 353
323 930
323 847
323 555
323 923
323 841
323 980
323 561
323 593
323 873
323 548
323 383
323 440
323 644
324 346
324 497
324 385
324 565
324 870
324 776
324 478
324 421
324 807
324 383
324 671
324 386
325 708
325 735
325 851
325 619
325 516
325 571
325 665
325 938
325 785
325 949
325 814
325 727
325 605
326 565
326 542
326 651
326 913
326 903
326 803
326 359
326 742
326 760
326 553
326 841
326 763
326 578
326 403
326 880
327 948
327 343
327 672
327 353
327 649
327 981
327 372
327 703
327 496
327 573
327 450
328 592
328 360
328 834
328 789
328 938
328 832
328 773
328 446
328 840
328 397
328 399
328 467
328 346
328 365
328 623
328 782
329 832
329 976
329 920
329 362
329 997
329 423
329 501
329 579
329 987
329 713
329 693
329 902
329 542
330 470
330 445
330 564
330 928
330 829
330 794
330 837
330 786
330 477
330 857
330 348
331 944
331 868
331 336
331 471
331 905
331 830
331 497
331 812
331 455
331 378
331 550
331 628
331 888
331 894
332 430
332 944
332 843
332 684
332 591
332 839
332 726
332 675
332 587
332 883
332 768
332 639
333 698
333 576
333 958
333 444
333 759
333 778
333 620
333 654
333 682
333 603
333 977
333 503
333 484
333 364
334 903
334 996
334 812
334 429
334 528
334 809
334 441
334 498
334 773
334 462
334 742
334 546
334 834
334 626
334 621
334 861
334 954
334 505
334 972
334 740
334 711
334 824
334 875
334 892
334 440
335 738
335 758
335 635
335 473
335 560
335 522
335 441
335 676
335 587
335 482
336 387
336 671
336 977
336 802
336 932
336 988
336 776
336 833
336 800
336 780
336 906
336 706
336 508
336 367
337 817
337 691
337 516
337 402
337 428
337 648
337 786
337 706
337 348
337 468
337 924
337 742
337 794
337 508
337 531
337 599
337 441
338 610
338 444
338 852
338 355
338 709
338 981
338 532
338 636
338 751
338 363
338 809
338 457
339 678
339 405
339 598
339 374
339 746
339 444
339 723
339 617
339 602
339 507
339 789
339 861
339 757
339 614
339 822
339 538
340 771
340 462
340 379
340 686
340 481
340 646
340 466
340 678
340 362
340 661
340 803
340 737
340 382
340 936
340 728
341 945
341 775
341 867
341 714
341 804
341 956
341 362
341 822
341 746
341 392
341 997
341 549
341 770
341 812
341 799
341 363
341 451
342 463
342 527
342 514
342 373
342 835
342 493
342 530
342 669
342 937
342 581
343 789
343 449
343 578
343 692
343 680
343 532
343 904
343 696
343 646
343 690
343 459
343 916
343 739
343 994
343 786
343 355
344 586
344 972
344 983
344 396
344 645
344 459
344 456
344 710
344 368
344 727
344 402
344 521
344 892
344 988
344 691
345 994
345 362
345 838
345 963
345 679
345 733
345 736
345 954
345 919
346 573
346 534
346 629
346 607
346 861
346 559
346 538
346 789
346 457
346 935
346 890
346 488
346 697
346 980
346 387
346 390
347 489
347 872
347 697
347 474
347 796
347 971
347 558
347 803
347 921
347 851
347 752
348 461
348 449
348 754
348 653
348 691
348 439
348 678
348 602
348 493
349 430
349 907
349 974
349 930
349 527
349 875
349 794
349 934
350 981
350 823
350 450
350 976
350 710
350 929
350 371
350 779
350 509
350 594
350 962
350 581
350 568
351 734
351 781
351 713
351 903
351 701
351 862
351 441
351 872
351 640
351 916
351 837
351 694
351 658
352 453
352 977
352 375
352 608
352 938
352 695
352 583
353 955
353 488
353 812
353 404
353 957
353 933
353 529
353 574
353 366
353 481
353 523
353 696
354 980
354 411
354 881
354 619
354 785
354 915
354 836
354 772
354 521
354 753
354 701
354 621
354 666
354 909
355 371
355 356
355 664
355 558
355 784
355 369
355 977
355 953
355 405
355 713
356 666
356 512
356 538
356 527
356 379
356 738
356 955
356 977
356 382
356 705
356 561
357 569
357 884
357 740
357 977
357 832
357 888
357 982
357 473
357 399
357 370
357 543
357 730
358 490
358 590
358 639
358 825
358 403
358 536
358 394
358 980
358 492
359 562
359 482
359 889
359 863
359 467
359 442
359 568
359 439
359 680
360 384
360 500
360 450
360 915
360 963
360 720
360 773
360 586
360 572
360 579
360 704
360 812
360 719
360 393
360 952
360 369
360 748
360 423
361 631
361 957
361 728
361 634
361 918
361 536
361 537
361 889
361 512
361 864
361 723
362 796
362 646
362 542
362 457
362 643
362 499
362 780
362 928
362 913
362 384
362 970
362 861
362 816
362 430
363 955
363 670
363 877
363 442
363 852
363 691
363 876
363 927
363 651
363 367
363 834
364 725
364 677
364 366
364 493
364 884
364 471
364 887
364 766
364 388
364 396
364 583
365 468
365 514
365 857
365 611
365 990
365 854
365 562
365 768
365 585
365 994
365 404
366 593
366 995
366 446
366 841
366 685
366 655
366 553
366 453
366 902
366 589
366 777
366 525
367 791
367 643
367 887
367 964
367 967
367 502
367 411
367 550
367 747
367 966
367 837
367 819
367 572
367 594
367 496
367 370
367 613
367 488
368 836
368 777
368 664
368 829
368 825
368 680
368 568
368 771
368 594
368 982
368 641
368 580
368 530
368 789
369 778
369 785
369 795
369 552
369 637
369 398
369 425
369 728
369 584
369 878
369 656
369 821
369 638
369 909
369 672
370 862
370 598
370 882
370 686
370 553
370 419
370 424
370 902
370 511
370 380
370 917
370 475
370 545
370 428
371 867
371 852
371 923
371 688
371 995
371 535
371 593
371 830
371 468
371 583
371 387
371 860
371 907
371 925
371 555
371 510
371 987
371 791
371 952
371 420
372 567
372 781
372 898
372 530
372 379
372 835
372 485
372 672
372 386
372 617
372 845
372 451
372 719
372 649
372 851
372 455
372 867
372 950
373 951
373 452
373 528
373 713
373 933
373 737
373 879
373 868
373 710
374 780
374 924
374 768
374 707
374 423
374 711
374 540
374 930
374 656
374 868
374 811
374 494
374 925
374 687
374 745
374 516
375 930
375 940
375 878
375 511
375 408
375 834
375 951
375 830
376 557
376 892
376 487
376 703
376 869
376 939
376 989
376 504
376 606
376 597
376 752
376 380
376 599
376 414
376 633
377 466
377 542
377 392
377 387
377 904
377 481
377 520
377 874
377 723
378 763
378 733
378 522
378 697
378 592
378 776
378 448
378 889
378 717
378 809
378 620
378 890
378 716
379 391
379 503
379 861
379 621
379 457
379 977
379 662
380 942
380 755
380 484
380 614
380 556
380 841
380 893
380 572
380 752
380 729
380 896
380 447
380 928
380 819
380 648
381 978
381 977
381 803
381 524
381 436
381 910
381 983
381 840
381 702
381 740
381 931
381 699
381 406
382 875
382 755
382 963
382 659
382 579
382 985
382 525
382 670
382 481
382 703
382 655
382 611
382 506
382 750
382 543
382 918
383 677
383 748
383 882
383 790
383 751
383 740
383 699
383 767
383 527
383 835
383 673
384 432
384 943
384 528
384 506
384 516
384 637
384 656
384 837
384 958
384 941
384 520
384 575
384 417
384 551
385 461
385 804
385 475
385 779
385 392
385 983
385 978
385 920
385 411
385 932
385 945
385 573
385 856
385 529
385 632
385 507
385 468
385 443
385 710
385 546
385 947
385 813
386 567
386 555
386 914
386 741
386 587
386 447
386 813
386 743
386 660
386 928
386 730
386 998
386 863
386 658
386 926
386 570
387 892
387 731
387 989
387 730
387 894
387 425
387 512
387 910
387 676
387 400
387 960
387 934
387 541
388 514
388 833
388 478
388 772
388 415
389 903
389 569
389 416
389 746
389 965
389 428
390 806
390 588
390 511
390 744
390 820
390 873
390 627
390 417
390 703
390 837
390 553
390 939
390 795
390 727
390 653
390 886
390 913
390 933
391 612
391 674
391 659
391 985
391 999
391 698
391 584
391 843
391 956
391 727
392 710
392 904
392 923
392 924
392 852
392 486
392 841
392 608
392 893
392 672
392 648
392 720
393 906
393 425
393 395
393 893
393 882
393 620
393 748
393 816
393 958
393 973
393 968
393 607
393 852
393 420
393 898
393 450
394 434
394 564
394 633
394 767
394 686
394 572
394 998
394 944
394 544
394 412
394 863
394 528
394 495
394 988
394 867
394 737
394 545
394 482
394 722
394 713
395 413
395 882
395 901
395 828
395 690
395 615
395 944
395 616
395 423
395 867
395 773
395 824
395 575
395 492
396 884
396 531
396 796
396 624
396 533
396 749
396 404
396 443
396 866
396 815
396 942
396 637
397 533
397 410
397 471
397 782
397 630
397 871
397 894
397 766
397 607
397 408
398 716
398 437
398 950
398 966
398 992
398 868
398 944
398 782
398 495
398 915
398 517
399 512
399 449
399 698
399 787
399 466
399 510
399 425
399 450
399 975
400 854
400 537
400 772
400 821
400 476
400 911
400 481
400 835
400 646
400 954
400 450
400 440
401 568
401 959
401 716
401 411
401 591
401 454
401 811
401 908
401 633
401 557
401 542
401 729
402 879
402 487
402 694
402 442
402 737
402 538
402 795
402 612
402 640
402 437
402 713
402 435
402 403
402 430
403 707
403 719
403 453
403 653
403 670
403 501
403 843
403 797
403 925
403 509
403 812
404 760
404 495
404 518
404 599
404 581
404 674
404 852
404 663
404 864
404 421
404 843
405 587
405 702
405 878
405 782
405 719
405 468
405 773
405 412
405 747
405 937
406 615
406 903
406 529
406 993
406 427
406 754
406 439
406 541
406 747
406 838
406 725
406 698
406 971
406 716
407 841
407 434
407 459
407 835
407 783
407 629
407 590
407 702
407 805
407 638
407 840
407 502
407 543
407 925
408 889
408 596
408 786
408 581
408 501
408 962
408 509
408 448
408 624
409 715
409 734
409 443
409 708
409 448
409 672
410 622
410 619
410 764
410 958
410 742
410 745
410 718
410 635
410 464
411 531
411 515
411 746
411 858
411 486
411 473
411 969
411 623
411 443
411 774
411 552
411 414
412 929
412 621
412 781
412 598
412 637
412 674
412 985
412 863
413 488
413 792
413 905
413 436
413 866
413 796
413 661
413 800
413 448
413 909
413 593
413 853
413 948
413 418
413 565
414 775
414 995
414 419
414 708
414 498
414 592
414 840
414 944
414 658
414 794
414 890
415 737
415 709
415 786
415 566
415 611
415 979
415 473
415 624
415 635
415 529
415 453
415 992
415 875
416 679
416 808
416 918
416 866
416 502
416 652
416 699
416 812
416 553
417 912
417 776
417 876
417 488
417 782
417 836
417 989
417 540
417 925
417 446
417 936
417 959
417 567
417 788
417 564
418 429
418 790
418 757
418 810
418 880
418 610
418 508
418 668
418 657
418 807
418 889
418 616
418 890
418 518
419 589
419 931
419 963
419 687
419 574
419 934
419 502
419 932
419 832
419 857
419 524
419 730
419 434
419 461
419 759
420 866
420 847
420 749
420 970
420 432
421 688
421 471
421 683
421 872
421 708
421 520
421 875
421 827
421 902
421 748
421 620
421 990
421 629
422 433
422 529
422 626
422 465
422 642
422 985
422 808
422 652
422 458
422 453
423 674
423 935
423 852
423 969
423 444
423 858
423 950
423 963
423 526
423 593
423 499
423 508
423 898
424 893
424 816
424 884
424 582
424 916
424 855
424 864
424 628
424 707
424 984
424 647
424 464
424 692
424 589
425 931
425 699
425 600
425 819
425 980
425 613
425 693
425 607
425 709
425 432
425 426
425 932
425 940
425 494
425 849
425 734
425 741
426 715
426 846
426 519
426 449
426 663
426 892
426 605
427 711
427 618
427 917
427 894
427 514
427 852
427 821
427 823
427 631
427 741
427 699
427 611
427 529
427 583
427 540
427 777
427 908
428 821
428 633
428 999
428 718
428 876
428 860
428 561
428 786
428 726
429 620
429 480
429 771
429 698
429 615
429 539
429 963
429 855
429 589
429 595
430 974
430 672
430 512
430 943
430 951
430 683
430 553
430 516
430 560
431 664
431 499
431 978
431 684
431 624
431 883
431 630
431 569
431 580
431 443
431 811
431 905
431 719
431 780
431 480
431 436
431 460
432 456
432 687
432 520
432 532
432 723
432 605
432 566
432 872
433 648
433 714
433 539
433 592
433 868
433 568
433 844
433 636
433 771
433 689
433 504
433 443
434 580
434 719
434 820
434 660
434 794
434 732
434 991
435 594
435 927
435 556
435 685
435 664
435 999
435 625
435 583
435 874
435 469
435 996
435 654
435 726
436 892
436 461
436 628
436 486
436 928
436 686
436 698
436 483
436 930
436 779
437 588
437 836
437 777
437 651
437 805
437 663
437 681
437 932
437 848
437 462
438 873
438 963
438 765
438 710
438 541
438 941
439 603
439 939
439 897
440 785
440 865
440 652
440 615
440 626
440 670
440 908
440 519
440 947
440 489
440 718
440 796
440 910
441 981
441 597
441 664
441 968
441 864
441 642
441 939
441 904
441 702
442 694
442 743
442 676
442 716
442 674
442 962
442 838
442 667
442 675
442 641
442 610
443 856
443 470
443 600
443 838
443 548
443 659
443 861
443 882
443 533
443 696
443 889
444 795
444 624
444 790
444 897
444 563
444 860
444 974
444 583
444 479
444 851
444 747
444 591
444 871
444 556
444 718
444 711
444 829
444 514
444 683
445 588
445 811
445 744
445 463
445 638
445 727
445 775
445 685
445 842
445 582
446 638
446 639
446 571
446 677
446 641
446 977
446 535
446 559
447 541
447 716
447 504
447 878
447 907
447 705
447 901
447 961
447 793
447 656
447 971
447 930
447 674
447 860
447 608
448 625
448 700
448 910
448 906
448 876
448 766
448 477
448 671
448 574
448 799
448 474
448 734
448 697
449 793
449 742
449 603
449 860
449 614
449 788
450 586
450 900
450 634
450 976
450 483
450 884
450 769
450 561
450 544
450 736
450 667
450 967
450 787
451 583
451 532
451 839
451 939
451 631
451 859
451 699
451 519
451 937
451 522
451 737
451 769
451 540
451 537
452 778
452 505
452 854
452 566
452 939
452 919
452 720
452 884
452 950
452 898
452 543
452 815
452 847
452 640
452 592
453 728
453 684
453 776
453 837
453 850
453 985
453 822
454 981
454 923
454 520
454 536
454 654
454 584
454 687
454 772
454 973
454 714
454 864
455 609
455 516
455 612
455 604
455 839
455 709
455 473
455 476
455 524
455 776
455 944
456 682
456 457
456 752
456 684
456 720
456 597
456 621
456 927
456 486
456 555
456 516
456 564
456 584
456 490
456 641
457 997
457 947
457 668
457 672
457 744
457 896
458 874
458 642
458 956
458 531
458 851
458 741
458 580
458 720
458 479
458 848
458 900
458 928
458 615
459 476
459 814
459 518
459 839
459 501
459 836
459 544
459 883
459 845
459 768
459 792
460 769
460 803
460 855
460 612
460 789
460 869
460 710
460 687
460 517
460 693
460 516
460 544
460 901
461 553
461 861
461 817
461 612
461 907
461 864
461 686
461 897
461 597
461 705
461 587
462 599
462 634
462 719
462 711
462 944
462 806
462 571
462 635
463 613
463 787
463 522
463 633
463 520
463 495
464 542
464 594
464 941
464 605
464 781
464 712
464 883
464 913
465 587
465 471
465 933
465 503
465 925
465 778
465 979
465 473
465 845
465 735
465 808
465 827
465 745
466 624
466 801
466 862
466 661
466 752
467 936
467 756
467 901
467 533
467 726
467 562
467 812
468 730
468 640
468 714
468 747
468 557
468 517
468 689
468 502
468 554
468 735
468 615
468 944
468 967
469 787
469 771
469 676
469 533
469 862
469 785
469 896
469 880
469 583
469 937
469 984
470 551
470 872
470 526
470 516
470 705
470 794
470 943
470 815
470 601
471 778
471 710
471 583
471 641
471 542
471 724
472 963
472 862
472 559
472 769
472 835
472 495
472 874
472 785
472 738
472 941
473 683
473 727
473 504
473 955
473 933
473 746
474 847
474 512
474 846
474 536
474 587
474 653
474 634
474 504
474 734
474 716
474 526
474 693
474 970
475 491
475 545
475 839
475 744
475 628
475 899
475 805
475 918
475 653
475 945
475 551
475 625
475 737
475 771
475 810
475 698
476 560
476 948
476 505
476 705
476 612
476 791
476 753
476 658
476 670
476 601
477 830
477 685
477 657
477 533
477 616
477 989
477 503
477 964
477 527
477 890
477 814
477 690
478 663
478 886
478 871
478 820
478 671
478 979
478 880
478 511
478 955
478 752
478 997
478 918
478 906
479 677
479 556
479 594
479 989
479 558
479 755
479 907
479 796
479 578
480 875
480 902
480 574
480 495
480 586
480 559
480 697
480 623
480 988
480 518
480 668
481 894
481 511
481 605
481 857
481 922
481 713
481 680
481 595
481 820
481 818
481 644
481 829
481 930
482 905
482 617
482 625
482 925
482 488
482 995
482 495
482 517
482 859
482 742
482 834
482 949
482 588
482 952
483 776
483 890
483 491
483 926
483 656
484 929
484 826
484 996
484 979
484 651
484 654
484 700
484 491
484 876
484 487
484 743
484 493
484 920
484 680
485 769
485 646
485 730
485 735
485 927
485 986
485 807
486 510
486 671
486 681
486 958
486 962
486 718
486 685
486 952
486 889
486 568
486 856
487 617
487 881
487 789
488 719
488 512
488 630
488 911
488 629
488 954
488 912
488 645
488 672
488 616
488 806
488 524
488 497
488 778
488 754
489 709
489 526
489 857
489 812
489 916
489 828
489 778
489 534
490 837
490 634
490 787
490 596
490 938
490 752
490 888
491 792
491 991
491 536
491 540
491 894
491 923
491 987
491 697
491 940
491 575
491 948
491 840
491 503
491 748
491 862
492 737
492 840
492 559
492 766
492 949
492 779
492 930
492 639
492 494
492 851
493 595
493 804
493 952
493 852
493 668
493 888
493 654
493 897
493 557
493 920
493 645
493 967
493 834
494 794
494 736
494 575
494 552
494 832
494 918
494 877
494 653
494 559
494 866
494 728
495 847
495 924
495 580
495 957
495 836
495 989
495 952
496 815
496 533
496 645
496 503
496 677
496 565
496 771
496 651
496 654
496 736
496 583
497 773
497 511
497 822
497 522
497 611
497 910
497 998
497 707
497 742
497 901
498 852
498 826
498 854
498 872
498 674
498 955
498 746
498 703
498 948
498 501
498 903
498 642
498 592
499 943
499 960
499 540
499 937
499 615
499 595
499 954
499 869
499 774
500 879
500 639
500 597
500 847
500 951
500 554
500 885
500 786
500 531
500 571
500 618
500 731
500 626
500 860
501 636
501 816
501 934
501 699
501 824
501 689
501 679
502 891
502 632
502 967
502 996
502 781
502 657
502 849
503 853
503 555
503 795
503 766
503 955
503 573
503 544
504 590
504 693
504 843
504 527
504 996
504 920
505 557
505 963
505 596
505 776
505 555
505 651
505 825
505 645
506 556
506 924
506 546
506 790
506 534
506 967
506 902
507 620
507 703
507 570
507 770
507 822
507 843
507 746
507 553
507 714
507 942
508 699
508 991
508 606
508 589
508 884
508 599
508 780
508 695
508 893
508 864
508 597
508 626
508 600
508 952
509 990
509 670
509 528
509 708
509 855
509 729
509 650
509 867
509 984
509 746
509 925
509 571
509 963
510 878
510 717
510 528
510 719
510 669
510 785
510 920
510 756
510 605
510 580
510 842
511 822
511 518
511 833
511 965
511 853
511 789
511 989
511 899
511 712
512 555
512 983
512 706
512 952
512 667
512 846
512 854
512 559
512 932
512 675
512 819
513 875
513 889
513 961
513 634
513 941
513 960
513 968
513 878
514 865
514 783
514 797
514 677
514 611
514 852
514 655
514 529
514 810
515 572
515 571
515 633
515 813
515 867
515 563
515 797
515 558
516 995
516 628
516 703
516 669
516 625
516 899
516 900
516 991
517 699
517 771
517 542
517 681
517 545
517 836
517 957
517 781
518 801
518 645
518 908
518 972
518 671
518 868
518 794
518 996
518 703
518 586
518 569
518 768
518 612
519 893
519 667
519 716
519 668
519 965
519 594
519 549
519 697
520 695
520 787
520 748
520 972
520 793
520 866
520 650
520 755
520 978
520 782
520 628
521 963
521 650
521 631
521 697
521 680
521 674
521 678
522 593
522 788
522 974
522 578
522 933
522 869
522 898
522 693
522 640
522 910
522 531
522 924
522 943
522 985
523 811
523 874
523 847
523 824
523 973
523 972
523 867
523 778
524 565
524 723
524 894
524 585
524 720
524 873
524 832
524 588
524 825
525 579
525 526
525 846
525 735
525 737
525 541
525 551
525 835
525 611
525 967
525 539
525 626
525 854
526 916
526 685
526 813
526 845
526 771
526 942
526 551
526 837
526 693
527 980
527 772
527 802
527 918
527 935
527 956
527 843
527 897
527 673
527 545
528 621
528 972
528 770
528 865
528 749
528 949
528 684
528 599
528 600
528 745
528 947
528 564
528 713
528 679
528 738
528 918
528 694
528 941
529 855
529 578
529 726
529 830
529 701
529 731
529 625
530 992
530 823
530 988
530 570
530 614
530 865
530 958
530 947
530 866
530 616
530 824
530 803
531 568
531 744
531 608
531 535
531 918
531 534
531 732
531 610
531 748
531 874
532 611
532 946
532 841
532 991
532 879
532 733
532 662
532 959
532 646
533 765
533 953
533 857
533 735
533 714
533 633
533 634
534 641
534 554
534 708
534 732
534 914
534 956
534 790
534 709
534 849
534 813
534 821
534 575
535 721
535 656
535 676
535 959
535 830
535 774
535 806
535 976
535 805
535 785
535 551
536 724
536 680
536 617
536 978
536 739
536 923
536 987
536 821
536 961
536 969
536 645
537 988
537 637
537 690
537 705
537 954
537 912
537 821
537 881
538 656
538 926
538 919
538 915
538 868
538 674
538 834
538 650
538 967
539 813
539 929
539 944
539 925
539 608
539 937
539 758
539 803
540 997
540 639
540 586
540 940
540 924
540 576
540 981
540 729
541 705
541 686
541 613
541 708
541 780
541 806
541 857
541 973
541 609
541 914
541 574
541 963
542 823
542 881
542 731
542 706
542 572
542 902
542 768
542 929
542 889
542 943
542 698
542 666
542 811
543 551
543 884
543 925
543 883
543 597
543 943
543 987
543 818
544 739
544 938
544 847
544 573
544 926
544 943
544 985
545 858
545 923
545 963
545 802
545 626
545 738
545 754
545 814
545 600
545 871
545 825
545 760
545 688
546 828
546 759
546 590
546 816
546 941
546 554
546 939
546 676
546 720
546 616
546 994
546 773
546 622
546 707
547 899
547 851
547 583
547 977
547 848
548 970
548 614
548 872
548 636
548 691
548 677
548 674
548 646
548 611
549 909
549 657
549 733
549 574
549 933
549 897
549 605
549 566
549 793
550 793
550 833
550 574
550 974
550 970
550 596
550 932
550 609
550 801
550 645
550 604
550 750
550 612
550 729
551 703
551 650
551 552
551 979
551 627
551 899
551 636
551 902
551 945
551 914
552 909
552 712
552 691
552 943
552 574
553 630
553 664
553 846
553 776
553 677
553 625
553 816
553 692
553 654
553 864
553 608
553 640
553 807
553 632
553 934
554 868
554 966
554 760
554 710
554 624
554 851
554 577
554 689
554 854
554 706
555 669
555 743
555 944
555 904
555 748
555 857
555 757
555 727
555 817
556 689
556 656
556 958
556 571
556 981
556 727
556 679
556 966
556 814
557 978
557 995
557 919
558 904
558 651
558 768
558 671
558 693
558 929
558 913
558 690
558 722
558 565
558 911
559 871
559 959
559 807
559 850
559 667
559 913
559 617
559 740
559 605
559 678
559 661
559 591
559 986
560 738
560 586
560 710
560 653
560 715
560 962
561 851
561 912
561 949
561 713
561 791
561 820
561 714
561 766
561 689
561 995
561 565
562 868
562 574
562 688
562 888
562 864
562 764
562 867
562 915
562 973
562 684
562 755
562 976
563 829
563 944
563 576
563 824
563 937
563 925
563 850
563 847
563 880
563 817
564 649
564 629
564 688
564 723
564 882
564 913
564 961
565 645
565 936
565 780
565 970
565 931
565 803
565 983
565 921
565 804
565 915
565 674
565 593
565 626
566 679
566 617
566 991
566 580
566 910
566 807
566 704
566 634
566 867
566 790
566 971
566 651
566 568
567 603
567 616
567 628
567 688
568 591
568 609
568 776
568 833
568 800
568 700
568 847
568 997
568 592
569 922
569 613
569 724
569 937
569 604
569 736
569 753
569 778
569 839
569 817
570 678
570 647
570 793
570 751
570 621
570 940
570 778
570 934
570 938
570 609
570 668
570 651
570 839
571 807
571 845
571 862
571 903
571 875
571 646
571 811
571 763
571 609
571 745
572 867
572 835
572 863
572 803
572 655
572 865
572 583
572 833
572 848
572 869
572 828
572 771
572 896
573 795
573 598
573 774
573 821
574 868
574 975
574 913
574 840
574 818
574 842
574 743
574 598
574 814
574 930
574 751
575 712
575 696
575 829
575 964
575 866
575 711
575 637
575 927
575 904
575 864
575 947
575 675
576 875
576 762
576 925
576 836
576 619
576 614
576 588
576 976
576 583
576 590
576 902
576 816
576 789
577 641
577 798
577 822
577 856
577 718
577 878
577 957
577 988
577 828
577 658
578 865
578 681
578 775
578 582
578 957
578 910
578 960
578 908
578 613
578 877
578 610
578 999
579 724
579 713
579 961
579 758
579 706
579 690
579 893
579 875
579 734
580 612
580 935
580 841
581 927
581 823
581 662
581 748
581 777
581 981
581 621
582 820
582 888
582 697
582 825
582 793
582 719
582 602
582 864
582 751
582 846
582 718
583 772
583 682
583 999
583 918
583 757
584 999
584 688
584 820
584 970
584 657
584 761
584 983
584 681
584 597
584 990
585 748
585 837
585 682
585 689
585 671
586 936
586 833
586 619
586 929
586 594
586 603
586 849
586 938
587 949
587 815
587 674
587 666
587 820
587 990
587 672
587 964
587 941
587 705
587 785
587 915
588 714
588 976
588 974
588 786
588 849
589 761
589 708
589 923
589 611
589 780
590 783
590 814
590 891
590 737
591 699
591 739
591 631
591 618
591 800
591 914
591 748
591 962
591 665
591 664
591 932
591 650
592 811
592 607
592 775
592 694
592 614
592 686
592 730
593 761
593 695
593 904
593 617
593 635
593 735
593 853
593 779
593 905
593 757
593 860
593 663
594 598
594 834
594 919
594 910
594 718
594 885
594 866
594 918
595 962
595 865
595 600
595 915
595 808
596 691
596 705
596 997
596 887
596 976
596 704
596 695
597 621
597 660
597 962
597 843
597 810
597 627
597 763
597 750
598 953
598 916
598 877
598 990
598 709
598 984
598 888
598 905
598 776
598 974
598 894
598 608
598 955
599 849
599 945
599 679
599 747
599 664
599 652
599 622
599 701
599 723
599 972
599 714
600 960
600 673
600 760
600 891
600 893
600 901
600 950
600 601
600 710
600 918
601 803
601 989
601 925
601 804
601 827
601 688
601 937
602 608
602 651
602 876
602 875
602 697
602 848
603 676
603 905
603 809
603 797
603 900
603 868
603 608
603 656
603 941
603 774
604 676
604 616
604 764
604 826
604 618
604 880
604 853
604 947
604 679
604 693
605 856
605 810
605 760
605 893
605 617
605 809
605 736
605 701
605 735
605 979
606 768
606 805
606 742
606 628
607 907
607 917
607 735
607 650
607 690
607 625
607 903
607 926
607 804
608 972
608 654
608 794
608 779
608 775
608 793
608 977
608 871
608 715
608 796
608 749
608 836
609 996
609 748
609 702
609 856
609 687
609 858
609 878
609 852
609 959
610 643
610 916
610 941
610 909
611 807
611 977
611 660
611 982
611 963
611 909
611 971
611 739
611 786
611 618
612 799
612 688
612 862
612 731
612 662
613 791
613 810
613 908
613 983
613 723
613 682
613 768
614 784
614 945
614 898
614 694
614 967
614 928
614 655
614 823
614 861
615 910
615 956
615 971
616 832
616 898
616 624
616 839
616 637
616 652
616 692
616 617
617 885
617 818
617 876
617 858
617 721
617 998
617 692
617 822
617 974
617 791
618 733
618 797
618 919
618 888
618 749
618 971
618 832
618 663
619 862
619 689
619 653
619 784
619 856
619 983
619 727
619 778
620 867
620 740
620 669
620 996
620 668
620 701
620 871
620 625
620 725
621 835
621 755
621 886
621 628
621 959
621 787
621 912
621 695
621 664
622 668
622 972
622 690
622 780
622 779
623 900
623 804
623 886
623 634
623 768
623 776
623 904
624 815
624 794
624 732
624 703
624 704
624 939
624 662
624 875
625 872
625 670
626 777
626 856
626 723
626 690
626 902
626 645
626 872
626 709
626 693
626 683
626 700
626 687
627 749
627 781
627 803
627 725
628 996
628 770
628 998
628 780
628 740
628 879
628 744
629 685
629 789
629 766
629 868
629 762
630 880
630 912
630 978
630 744
630 649
630 661
631 751
631 749
631 822
631 790
631 903
631 716
631 956
631 909
631 875
632 652
632 679
632 937
632 749
632 850
632 769
632 953
633 742
633 898
633 772
633 988
633 644
634 800
634 870
634 780
634 659
634 725
634 668
634 873
634 823
634 998
634 648
635 658
635 866
635 684
635 922
635 966
635 856
635 909
635 842
636 800
636 697
636 818
636 738
636 643
636 963
636 948
637 712
637 709
637 932
637 762
637 868
637 687
638 727
638 854
638 984
638 927
639 813
639 760
639 864
639 811
639 911
639 895
640 658
640 766
640 993
640 718
640 945
640 853
640 789
640 984
640 827
640 749
640 907
641 713
641 650
641 853
641 884
641 836
641 756
641 796
641 795
641 712
641 912
641 977
641 962
642 725
642 971
642 915
642 741
642 681
642 878
642 889
642 697
642 790
642 803
643 714
643 724
643 762
643 931
643 685
644 783
644 715
644 758
644 658
644 897
644 857
644 942
644 979
644 808
644 902
644 776
644 990
644 717
644 813
645 799
645 844
645 933
646 876
646 833
646 869
646 968
646 850
646 691
646 916
646 959
646 885
646 993
646 713
646 679
647 703
647 665
647 714
647 835
648 758
648 940
648 915
648 760
648 850
648 666
648 741
649 844
649 976
649 917
649 714
649 665
649 838
649 872
650 727
650 874
650 746
651 728
651 656
651 799
651 920
651 715
651 739
652 785
652 699
652 694
652 864
653 662
653 744
653 935
653 818
654 677
654 946
654 818
654 959
654 706
654 729
655 894
655 766
655 984
655 662
655 893
655 828
655 941
655 818
656 695
656 901
656 831
656 807
656 906
656 894
656 945
656 948
656 670
656 914
656 792
657 926
657 829
657 738
657 783
657 757
658 719
658 981
658 969
658 670
658 830
659 700
659 901
659 715
659 944
659 808
659 930
659 834
660 918
660 917
660 689
660 764
660 932
660 993
660 748
660 838
661 750
661 987
661 826
661 924
662 843
662 699
662 928
662 814
662 979
662 973
662 994
662 847
662 859
662 992
662 852
663 745
663 853
663 686
663 680
663 733
663 898
664 841
664 992
664 843
664 766
664 966
664 781
664 715
664 888
664 879
665 812
665 722
665 890
665 853
665 795
665 993
666 969
666 987
666 769
666 691
666 798
666 827
667 803
667 722
667 919
667 897
667 686
667 751
668 670
668 993
668 822
668 838
668 995
668 915
668 970
668 693
669 685
669 960
669 698
669 695
669 835
669 675
669 813
669 869
669 900
669 888
669 884
670 712
670 898
670 897
671 796
671 701
671 924
671 831
671 812
671 971
671 962
671 685
671 716
672 846
672 847
672 856
672 891
673 916
673 842
673 850
674 753
674 962
674 724
674 678
675 797
675 919
675 830
675 709
676 843
676 742
676 718
676 693
676 833
676 685
676 842
677 879
677 884
677 992
677 942
677 751
677 835
677 690
677 695
677 967
677 802
678 930
678 759
678 760
678 709
678 972
678 963
678 946
678 910
678 955
678 779
679 938
679 712
679 908
679 809
679 855
679 987
679 871
679 880
679 834
679 755
679 901
679 693
679 941
680 990
680 797
680 779
680 897
681 728
681 781
681 906
681 895
681 841
682 906
682 798
682 688
682 758
682 689
683 783
683 769
683 972
683 692
683 684
683 741
684 880
684 824
684 965
684 868
684 749
684 762
684 874
684 736
684 817
684 856
684 719
685 775
685 864
685 708
685 971
685 875
685 860
685 975
685 698
685 733
685 732
686 785
686 894
686 907
686 932
686 720
686 984
686 692
686 774
687 968
687 837
687 720
687 966
687 991
688 840
688 764
688 709
688 811
688 734
688 752
689 726
689 934
689 901
689 978
689 831
690 787
690 959
690 997
690 824
690 804
690 967
690 865
691 795
691 915
691 875
691 695
691 877
691 802
691 820
691 959
692 693
692 833
692 732
692 883
692 851
692 694
692 825
692 771
692 965
692 796
692 936
693 792
693 891
693 932
693 962
694 827
694 884
694 963
694 697
694 974
694 970
694 769
694 784
695 830
695 900
695 710
695 945
696 945
696 722
696 844
696 798
696 816
697 989
697 758
697 867
697 824
697 773
698 803
698 837
698 786
698 790
698 851
698 885
698 889
698 761
699 937
699 776
699 770
699 885
699 868
699 790
699 808
699 850
700 770
700 821
701 930
701 721
701 731
701 836
701 752
702 928
702 809
702 874
702 799
702 731
703 949
703 943
703 881
704 729
704 884
704 963
704 800
704 806
704 841
704 895
705 787
705 799
705 860
705 893
705 835
705 882
705 905
706 760
706 779
706 979
706 765
706 890
707 764
707 712
707 863
707 883
708 995
708 709
708 923
708 929
709 789
709 968
709 796
709 797
709 742
710 850
710 907
710 754
711 936
711 874
711 766
711 995
711 909
712 731
712 733
712 965
712 773
712 774
713 995
713 974
713 926
713 763
714 720
714 892
714 824
714 854
714 753
714 825
714 926
715 839
715 726
716 736
716 990
717 750
717 965
717 999
717 909
717 876
718 924
718 929
718 979
718 871
718 810
718 839
718 977
718 882
719 871
719 744
719 883
719 921
719 977
720 856
720 931
720 957
720 875
721 997
721 910
721 822
721 935
721 790
721 894
721 884
722 974
722 815
722 892
722 853
722 835
723 983
723 868
723 769
723 936
724 964
724 770
724 790
724 943
724 993
724 996
725 849
725 834
725 992
725 823
725 944
726 915
726 895
726 829
726 995
726 780
726 901
726 862
726 998
727 796
727 834
727 877
727 881
727 757
727 808
727 787
727 902
728 836
728 763
728 981
728 934
728 789
729 977
729 930
729 733
729 980
729 943
730 907
730 747
730 870
730 760
731 831
731 891
731 813
731 990
731 814
732 942
732 889
732 737
732 874
732 782
732 977
732 906
733 891
733 919
733 774
733 943
733 873
733 771
733 782
733 796
733 889
733 758
733 913
733 837
733 843
734 826
734 861
734 844
734 833
734 881
734 872
735 907
735 796
735 862
735 827
735 825
735 853
736 850
736 799
736 895
736 926
736 882
736 954
736 885
737 987
737 853
737 965
737 861
738 759
738 888
738 969
738 928
738 922
739 790
740 830
740 866
740 797
740 896
740 862
741 997
741 897
742 843
742 891
743 927
743 853
743 880
743 973
743 968
743 784
744 929
744 964
744 886
744 786
744 826
744 820
745 937
745 885
745 972
745 860
745 792
745 893
745 839
746 789
746 896
746 876
746 900
746 760
746 962
746 883
747 777
747 834
747 874
747 910
747 787
748 918
748 995
748 932
748 878
748 823
748 799
748 819
748 821
748 789
748 818
749 796
749 818
749 897
749 960
749 936
749 841
749 918
750 934
750 881
750 849
750 964
751 781
751 867
751 866
751 788
751 932
751 806
751 835
751 977
751 880
751 939
752 761
752 963
752 865
753 800
753 813
753 795
753 988
753 760
753 983
753 758
753 811
753 987
754 943
754 860
754 997
754 969
754 849
754 775
754 852
755 907
755 829
755 883
755 822
755 781
755 999
755 802
756 791
756 817
756 979
756 977
757 977
757 893
757 850
757 948
758 919
758 875
758 865
758 956
758 974
759 830
759 994
759 925
759 773
759 985
759 914
759 800
759 984
760 982
760 925
760 811
760 882
760 988
760 895
761 883
761 969
761 971
762 949
762 889
763 773
763 788
764 969
764 911
764 815
764 848
765 998
765 810
765 990
765 905
765 923
766 878
766 985
766 788
767 857
767 965
767 983
767 909
767 941
768 939
768 824
768 975
768 933
768 873
769 771
769 798
769 991
769 874
769 935
770 771
770 851
770 825
770 990
771 870
771 908
771 914
771 978
772 871
772 802
772 894
772 883
772 811
772 826
772 854
773 985
773 802
773 792
773 947
773 817
773 847
773 854
773 846
774 799
774 860
775 828
775 980
775 813
776 905
776 804
776 801
776 863
777 881
777 982
777 935
778 934
778 907
779 782
779 884
779 936
779 902
779 977
779 916
780 825
780 848
780 834
780 994
780 870
780 850
780 876
781 920
781 972
782 863
782 916
782 798
783 921
784 833
784 874
784 958
784 890
785 930
785 965
785 854
785 855
786 891
786 852
787 981
787 804
787 965
788 826
788 873
788 906
788 904
788 996
789 920
789 801
789 890
790 826
790 836
790 926
790 908
791 832
791 926
791 812
792 926
792 991
792 961
792 969
792 937
793 980
793 955
794 934
794 899
794 987
794 806
794 944
794 902
795 927
795 829
795 832
795 868
796 825
796 881
796 834
796 946
796 998
797 818
797 893
797 871
797 896
798 864
798 903
798 801
799 915
799 955
800 868
800 843
800 982
800 936
800 900
802 876
802 808
802 871
803 963
803 919
803 855
804 868
805 903
805 893
805 810
806 908
806 885
806 996
807 875
807 903
807 869
807 835
807 865
808 812
808 930
808 880
809 929
809 981
809 927
809 828
809 972
810 974
810 899
810 903
810 990
810 917
810 931
811 984
811 920
812 847
812 933
812 973
812 943
813 937
813 970
813 831
813 939
813 830
813 928
814 948
814 865
814 887
815 856
815 840
815 927
815 874
815 929
816 903
816 829
816 841
816 924
816 949
817 999
817 939
817 919
817 867
818 948
818 905
818 975
818 909
818 940
818 864
819 952
819 976
819 851
819 978
819 842
820 897
820 871
820 859
820 848
821 985
821 943
821 907
822 965
822 962
822 991
822 869
822 960
822 963
823 993
823 845
823 978
823 876
824 887
824 847
824 848
824 959
824 829
825 941
825 901
826 919
826 914
826 975
826 895
827 901
827 840
827 999
828 995
828 960
828 897
828 980
830 833
830 881
830 887
830 889
830 949
830 960
830 942
831 994
831 931
831 988
831 900
832 984
832 849
832 917
832 971
832 903
833 927
834 838
834 846
834 988
834 922
834 852
835 862
835 913
835 920
836 892
836 900
836 857
836 916
836 964
836 871
837 962
837 845
838 858
838 954
839 871
839 904
840 983
840 857
841 958
841 853
842 874
843 961
843 999
843 950
843 925
843 894
843 971
844 911
844 887
844 964
845 995
847 967
847 942
847 955
847 858
847 930
848 957
848 972
848 901
849 898
849 929
849 872
849 869
849 990
850 965
850 957
850 967
850 959
850 946
850 874
852 987
852 969
853 955
853 892
853 926
853 972
854 873
854 860
855 858
855 972
856 997
856 913
856 951
856 867
856 864
857 989
858 941
858 893
858 964
858 998
858 895
858 992
858 898
859 898
860 933
860 868
860 949
860 918
860 883
861 938
861 936
861 885
861 956
861 925
861 946
862 988
862 923
863 868
864 885
864 997
865 946
866 928
866 965
866 885
867 872
867 898
867 954
867 946
868 945
868 901
869 933
869 871
869 987
870 892
870 956
870 900
870 881
871 988
871 985
871 904
871 879
872 934
872 980
873 974
874 904
874 886
874 972
874 985
875 972
875 921
875 887
875 968
875 999
876 990
876 994
876 986
877 900
878 912
878 968
878 962
879 910
879 933
879 949
879 909
879 983
880 892
882 893
882 942
882 933
883 913
885 944
885 967
885 887
885 943
886 922
886 913
888 989
888 996
889 966
889 978
889 988
890 898
890 994
890 905
890 989
890 903
890 922
890 907
891 903
893 957
893 988
894 940
895 948
895 913
896 914
896 917
896 903
896 979
897 988
897 944
898 980
898 989
898 905
898 901
898 962
898 959
899 930
899 949
900 911
900 963
900 984
900 951
900 926
900 938
901 943
901 940
901 944
901 963
902 927
902 976
903 992
903 936
906 932
906 999
907 917
907 993
907 998
907 960
908 991
908 993
909 973
909 975
911 993
912 963
914 964
915 997
915 947
916 977
916 957
916 929
916 938
917 954
919 920
920 961
920 983
921 968
921 969
922 978
923 930
923 938
924 976
925 959
925 983
926 952
926 958
927 982
927 936
927 950
928 968
928 954
928 984
928 982
929 970
929 949
929 941
930 995
931 952
932 958
933 943
935 972
939 973
939 943
941 979
942 978
942 956
943 967
945 978
947 952
948 964
948 969
951 976
953 989
954 966
955 964
956 974
956 987
956 968
956 961
958 987
958 972
960 982
962 964
962 979
964 967
966 976
967 995
970 975
971 975
973 996
976 998
977 985
985 993
987 989
988 990
990 998
994 996
