3000 6000
0 1
0 2
0 2998
0 2136
0 2801
1 2
1 1869
2 4
2 2867
3 4
3 941
4 5
4 6
4 474
5 6
5 1992
5 318
5 2000
6 8
6 2320
6 620
7 8
7 9
8 2896
8 2974
9 11
9 375
9 1939
10 1058
10 1501
10 66
11 13
11 410
12 2844
12 296
12 2431
13 1402
13 1858
13 2196
14 15
14 23
15 16
15 2943
16 17
16 18
16 1489
16 2744
17 18
17 19
18 19
18 2933
19 1884
19 272
19 80
19 991
20 22
20 2757
20 2215
21 22
21 573
21 1179
21 2398
22 24
22 1164
22 37
22 1042
23 24
23 176
23 291
23 1329
23 1651
24 901
24 784
25 621
25 1859
25 1920
26 1805
26 2406
27 2355
27 905
27 781
28 29
28 2312
28 397
29 30
29 1212
29 2233
29 2561
30 31
30 1077
30 1857
31 32
31 33
31 66
31 1884
32 2306
32 2780
32 664
33 35
33 2382
34 35
34 1283
35 36
35 409
35 1908
35 1580
36 37
36 38
36 1922
37 2468
38 40
38 1660
39 41
39 2077
40 41
40 269
41 42
41 1072
41 1662
42 2546
42 2584
43 44
43 2695
44 45
44 46
45 2470
45 2026
45 795
46 47
46 48
46 1345
46 2687
46 2964
47 49
47 2229
48 2878
48 1000
48 140
48 85
49 50
49 51
50 51
50 52
51 52
51 53
51 1640
52 53
52 1092
52 2567
52 475
52 486
53 54
53 55
54 56
54 1730
54 1304
54 1420
55 56
55 57
55 174
56 57
56 712
57 58
57 59
57 827
58 2251
58 1945
59 61
59 2130
59 1962
60 1069
60 1082
61 63
61 130
61 1338
62 63
62 202
62 1259
63 1135
63 494
63 2608
63 246
64 65
64 66
64 496
65 66
65 67
65 1494
65 1754
65 2911
66 68
66 2658
67 1455
67 1248
68 70
68 2915
68 762
69 70
69 71
70 2300
70 1314
70 2259
71 643
71 197
72 73
72 1339
73 75
73 2173
73 1873
74 75
74 2822
75 76
75 678
76 2687
76 1276
77 79
77 654
78 79
78 245
78 2216
79 81
79 522
79 360
80 81
80 82
80 1729
81 83
81 2991
81 1428
81 755
82 83
82 84
83 84
83 2708
84 86
84 1751
84 1170
85 86
85 1653
85 272
86 2203
86 1280
86 1087
87 1875
87 142
88 89
88 90
89 804
89 2131
89 478
90 91
90 92
91 92
91 583
92 1529
92 1935
92 2716
92 2397
93 94
93 487
93 1558
94 95
94 96
94 2955
94 2721
95 96
95 1614
96 1733
96 703
96 1219
96 1534
97 98
97 275
97 2962
97 2311
97 1326
98 99
98 2489
98 1346
99 101
99 1202
100 2258
100 217
100 1527
101 102
101 103
101 403
101 2549
102 103
102 104
103 105
103 1187
104 106
104 1141
105 107
105 1706
106 108
106 2248
106 1450
107 2276
107 1049
108 1653
108 335
108 2922
109 110
109 2430
110 111
110 112
110 759
111 112
111 113
112 113
112 2863
112 553
113 386
113 1867
114 116
114 952
114 1354
115 116
115 892
115 2837
116 118
116 2673
116 832
117 119
117 2957
117 406
118 119
118 120
118 2599
118 1869
119 120
119 2637
119 2278
120 1243
120 2155
121 122
121 123
122 123
122 535
123 124
123 125
123 246
124 1263
124 292
125 126
125 234
126 2127
126 2877
127 2248
127 1716
127 348
127 150
127 2021
128 129
128 2460
128 705
128 1114
128 1417
128 1735
129 2906
129 2760
130 131
130 2397
130 1132
131 133
131 1802
131 671
132 670
132 1863
133 135
133 1002
134 135
134 1239
135 137
135 1264
135 349
136 137
136 138
136 2809
137 758
137 1665
137 1959
138 140
138 2162
139 2270
139 505
140 141
140 142
141 2571
141 2366
141 2238
142 144
142 1137
142 1553
143 144
143 145
143 2673
144 145
144 2300
144 361
145 146
145 1533
145 376
146 147
146 682
146 2892
147 148
147 2212
148 260
148 2325
148 510
148 623
149 2307
149 923
149 2561
149 302
150 1750
151 153
151 298
152 154
152 509
153 154
153 907
153 2427
154 155
154 156
154 1327
155 157
155 1283
155 1302
155 1480
156 2723
156 172
156 1763
157 2179
157 372
158 160
158 1123
158 679
159 161
159 1513
159 2509
160 2060
160 366
161 162
161 1220
161 2187
161 2403
161 2046
161 1336
161 2609
162 163
162 164
162 2508
163 2320
163 1379
163 1487
163 2322
164 1636
164 1679
164 1454
165 167
165 2582
165 2212
165 307
166 167
166 1081
166 1785
166 2003
166 2390
167 833
167 2353
167 1359
168 169
168 321
168 1257
168 1770
169 170
169 171
169 817
170 171
170 1372
170 2845
170 2962
171 173
171 2953
172 1021
172 2805
173 174
173 2714
174 247
175 1369
175 2086
175 2988
176 178
176 1433
176 1975
177 178
177 274
178 179
178 180
178 2578
179 180
179 181
179 1898
180 181
180 1203
181 182
181 1065
181 666
182 184
182 2504
182 709
183 184
183 185
183 1075
184 821
184 2253
185 186
185 187
185 2256
186 187
186 188
187 189
187 1046
187 1463
187 2686
188 1000
188 238
189 190
189 2173
190 192
190 1330
190 2910
191 193
191 1463
192 194
192 2720
193 327
193 2601
193 1452
194 195
194 196
194 740
195 1770
195 1045
195 2940
195 2507
195 537
196 1901
196 205
196 1749
197 198
197 199
198 200
198 2871
198 274
199 200
199 201
200 201
200 202
201 1874
201 2232
201 2942
201 1824
201 1709
202 203
202 1881
202 1576
202 1978
203 205
203 1882
203 799
203 2492
204 206
204 1728
204 1638
205 1297
205 2493
206 208
206 1186
206 2397
207 209
207 564
207 1201
208 1598
208 1774
208 1564
209 210
209 1919
210 211
210 212
211 212
211 213
212 214
212 2918
213 214
213 2843
214 216
214 1685
214 1844
214 1966
214 2597
215 216
215 217
215 2887
216 2825
216 662
217 1180
217 368
217 1750
218 220
218 1944
219 221
219 1349
219 821
219 841
219 972
220 438
220 2070
220 614
221 2408
221 1927
221 2111
222 223
222 224
222 809
223 715
223 2853
223 2163
223 717
224 1926
224 2545
224 2885
224 1464
225 226
225 227
225 1081
225 1303
226 228
226 1757
226 724
227 228
227 2011
228 229
228 230
228 1980
229 230
229 1763
230 231
230 1099
231 232
231 2270
231 1976
231 2784
232 233
232 234
232 2777
233 235
233 1923
233 1503
233 2999
234 2177
234 972
234 387
235 1409
235 1519
235 1025
235 749
236 237
236 238
236 2681
236 1812
237 239
237 1942
238 2704
238 797
238 1385
239 240
239 352
239 740
239 1531
239 2444
240 241
240 552
241 243
241 1203
241 1723
242 244
242 1051
242 1316
243 244
243 245
244 245
244 1590
245 246
245 247
246 2329
246 1649
247 248
247 249
247 868
248 2844
248 948
248 1521
249 2649
249 2108
249 2387
249 2969
249 1470
249 1309
250 251
250 252
250 1236
251 252
251 1587
251 2899
252 253
252 254
252 2412
252 1761
253 255
253 1670
254 1619
254 1235
254 2040
255 256
255 257
256 257
256 1118
256 1978
257 258
257 2523
257 1086
258 259
258 260
258 1674
259 260
259 1978
259 2486
260 261
260 262
260 2183
261 262
261 263
261 334
261 2336
262 264
262 1912
263 264
263 265
264 265
264 266
264 1241
264 1927
265 266
265 2342
265 1748
266 267
266 268
266 1045
267 268
267 1346
267 2455
267 739
268 269
268 270
268 1563
268 2748
268 1180
269 270
269 1758
270 271
270 2271
271 272
271 273
272 2933
273 630
273 2602
273 2354
274 275
274 1529
275 277
276 540
276 716
277 278
277 279
278 280
278 1926
279 280
279 281
280 281
280 795
280 1726
281 2005
281 1400
281 2777
281 529
281 1360
282 283
282 2718
282 2630
283 285
283 950
283 2121
284 285
284 790
284 889
285 286
285 287
286 486
286 1500
287 288
287 289
288 289
288 290
288 2301
288 2808
289 291
289 1345
289 975
289 1998
290 2609
290 2779
290 1749
291 1172
291 2087
292 294
292 1312
293 884
293 523
294 295
294 296
294 2007
294 346
295 297
295 491
296 297
296 439
296 2552
297 298
297 299
297 1125
298 299
298 2614
298 446
299 300
299 1548
300 1740
300 484
301 302
301 303
302 2683
302 451
303 305
303 707
304 2306
304 1739
305 306
305 523
306 308
306 2465
307 2297
308 309
308 310
308 1138
309 310
309 311
310 2398
310 1149
310 843
311 312
311 484
311 2729
312 313
312 314
313 314
313 315
313 869
313 2681
314 315
314 2371
314 677
315 317
315 708
316 317
316 375
316 2496
316 964
316 609
317 855
317 1906
318 319
318 509
319 320
319 1032
319 2839
320 321
320 1948
320 2788
321 2986
321 1849
322 482
322 1545
322 2273
323 325
323 1652
323 598
323 1034
324 325
324 599
325 326
325 2260
325 401
326 1407
326 407
327 328
327 329
328 329
328 2244
328 565
329 330
329 2223
330 944
330 1974
331 332
331 333
332 333
332 637
332 338
333 334
333 335
334 336
335 2580
335 630
335 1388
335 2349
336 337
336 2962
337 339
337 844
337 798
337 1532
338 339
338 2857
338 1583
338 1075
339 341
339 2898
339 902
339 2017
339 2525
340 342
340 1895
341 1198
341 1167
341 2306
341 1768
342 344
342 1073
342 1982
342 2657
343 345
343 2971
343 2356
344 1959
344 2321
345 346
345 2318
346 2712
346 2019
347 579
347 2400
347 459
348 349
348 350
348 929
348 1821
348 2904
348 2787
349 410
349 2545
350 351
350 2133
351 1871
351 1445
352 354
353 354
353 2512
353 1550
353 2862
354 355
354 356
355 357
355 2221
355 1136
356 2196
356 1013
356 2709
357 1988
357 1163
358 359
358 889
359 361
359 425
360 362
360 1147
360 2284
361 362
361 363
361 2860
362 363
362 364
362 2995
363 364
363 365
364 366
364 832
365 366
365 2665
365 2753
365 1298
365 2350
366 368
366 1728
366 838
367 368
367 1132
367 1915
368 369
368 1724
368 1411
369 371
369 879
369 2295
369 2782
370 371
370 372
371 372
371 1539
372 374
372 2057
372 1714
373 2389
373 2896
374 1029
374 491
374 2129
375 1467
375 1682
376 1812
376 2044
377 378
377 379
377 1223
378 380
378 1482
378 789
378 2412
379 380
379 2665
379 2066
380 381
380 2265
380 391
381 383
381 2985
382 383
382 2444
382 697
383 385
383 2500
383 2122
384 385
384 386
384 894
384 783
385 386
385 560
385 2506
385 491
385 1929
386 388
386 2617
386 1920
387 388
387 2142
388 389
388 390
389 390
389 2460
389 2917
390 1551
390 2927
391 393
391 1310
391 515
391 1597
391 2073
392 393
392 394
393 395
393 804
394 395
394 396
395 396
395 397
396 398
396 772
396 2569
396 2685
396 2893
397 2599
398 399
398 400
399 400
399 434
399 2071
399 1496
400 402
400 529
401 402
401 902
402 404
402 2766
403 405
404 406
404 2700
404 2083
405 1581
405 1135
405 1458
406 408
406 2282
407 409
407 2321
408 409
408 410
408 774
409 411
409 1136
410 511
410 989
411 2241
411 1364
411 523
412 413
412 414
413 414
413 415
414 416
414 2571
414 2601
415 416
415 417
415 1188
415 2375
416 417
416 1973
417 419
417 488
418 419
418 420
418 783
419 420
419 1781
419 634
420 422
420 721
421 2993
421 2383
421 1709
422 423
422 2309
422 672
423 424
423 799
424 737
424 2750
425 426
425 427
426 428
426 444
426 1958
427 428
427 429
427 1342
427 2186
428 429
428 2838
428 2849
428 987
429 431
429 1662
429 2114
429 1837
430 1578
430 2574
430 2321
431 432
431 1122
431 1876
432 433
432 434
433 434
433 435
433 1371
433 1393
434 2024
435 437
435 1796
435 2908
436 437
436 2417
437 438
437 439
437 629
438 439
438 440
439 441
439 2524
440 442
440 677
441 442
441 443
442 444
442 1284
442 1941
443 444
443 1014
443 684
443 1331
444 446
444 1611
445 1157
445 1286
445 2702
446 2893
447 449
447 1664
448 450
448 2054
448 1373
448 2993
449 450
449 2153
449 2688
450 2527
450 1349
451 1875
452 453
452 2797
453 558
453 742
453 1581
454 455
454 456
454 1137
455 456
455 457
455 575
456 1640
456 948
457 458
457 2711
458 459
458 1399
458 2159
458 2771
459 584
459 1832
459 2303
460 462
460 1860
461 867
461 611
462 463
462 2623
462 2613
463 464
463 907
464 465
464 927
464 2431
464 2488
464 1482
464 1251
464 1932
465 2870
465 2289
465 2313
466 468
466 1233
467 1089
467 1218
467 1512
467 1625
467 1045
467 1591
468 469
468 1250
469 1453
469 2567
469 1865
470 472
470 2622
470 2159
470 1216
471 472
471 473
472 1188
472 1688
473 474
473 475
473 2060
473 2355
474 475
474 499
474 818
475 2047
475 2827
476 477
476 1634
476 2534
476 2843
477 478
477 1014
477 1470
477 1295
478 479
479 480
479 568
479 1685
480 2013
480 2378
481 1626
481 1798
481 1896
482 1428
482 2241
482 2334
482 804
483 484
483 485
484 485
484 2664
484 950
485 486
485 538
485 2367
485 2059
486 487
487 1251
487 1394
488 490
488 1534
488 498
488 592
488 2206
489 490
489 2198
490 924
490 1383
490 1223
491 1746
492 493
492 2830
493 495
493 2112
494 496
495 496
495 497
495 1696
495 1925
496 607
496 1587
497 2315
497 1435
498 500
499 501
499 1633
500 501
500 781
501 503
501 2839
501 1123
501 2552
502 503
502 2113
503 504
503 1464
503 2285
504 505
504 2369
504 2715
505 2400
505 1970
505 2851
505 1255
506 507
506 508
506 1156
507 2286
507 797
507 950
508 510
508 2743
508 778
509 510
509 2479
510 511
511 512
511 513
512 514
512 1533
513 514
513 515
514 515
514 649
514 1489
514 2170
515 958
515 2558
516 517
516 2459
517 518
517 1112
518 2758
518 1500
519 1439
519 531
519 926
520 521
520 628
520 2238
520 729
520 1181
521 522
521 1192
521 1402
521 1028
522 523
522 524
522 805
523 524
523 525
524 526
524 2567
525 526
525 527
526 2139
526 830
527 2771
527 2028
528 529
528 1686
528 2185
528 935
528 2963
529 2606
530 531
530 532
531 577
531 2992
531 2652
532 2828
532 2151
532 2843
532 2094
533 534
533 2406
533 755
533 2098
534 536
534 2982
535 536
535 537
535 2426
536 538
536 2327
536 2164
537 538
538 540
539 1891
539 2608
539 910
540 542
540 2877
540 773
540 2180
541 543
541 2396
541 2828
542 543
542 2360
542 2241
543 1906
543 1981
543 1669
544 546
544 982
544 1298
544 1487
544 2865
544 1557
545 546
545 741
546 1896
546 1799
546 2771
547 548
547 549
548 550
548 1336
549 550
549 1168
550 2065
550 1431
550 2036
551 552
551 1646
551 997
552 553
552 2222
553 554
553 555
553 1267
554 555
554 2427
555 556
555 2820
556 557
556 558
557 1757
557 1718
558 559
558 1977
559 561
559 1716
559 2520
560 562
560 1422
560 2722
561 562
561 563
561 1929
562 563
562 564
562 2810
562 1528
563 1863
563 1199
563 720
564 565
564 566
564 2491
565 566
565 2854
566 567
566 568
566 1445
567 568
567 569
567 895
568 570
568 2825
568 1600
568 1686
569 570
569 571
570 571
570 572
571 573
571 851
571 848
572 573
572 574
572 846
573 1265
573 2266
573 899
573 2819
574 575
574 732
575 576
576 577
576 673
576 700
577 579
578 579
578 580
578 1882
578 1990
579 581
579 1789
580 582
580 1540
581 583
581 826
582 2104
582 1837
582 2613
583 584
583 585
584 585
584 586
584 986
584 1192
585 586
585 605
585 1225
585 1124
586 587
586 1113
587 588
587 737
588 589
588 590
588 2133
589 590
589 2659
590 592
590 2764
591 1895
591 1243
592 1761
592 2511
592 793
593 595
593 1029
594 596
594 1432
594 1308
594 2004
595 596
595 2456
596 597
596 598
596 2310
597 598
597 599
598 1394
598 745
598 2238
599 1919
599 1886
600 2363
600 2524
600 1000
601 606
601 1716
602 603
602 604
603 604
603 1641
604 605
604 606
604 675
605 607
605 2030
605 2105
605 1423
605 2755
606 607
606 608
606 767
606 2294
606 2622
607 608
607 609
608 610
608 1935
608 1506
608 1642
609 610
609 1307
609 1526
610 611
610 1760
610 1742
611 613
611 912
611 1916
611 1142
612 613
612 614
613 614
613 615
614 615
614 616
614 924
615 616
615 617
615 1324
616 618
616 1503
617 618
617 619
618 620
618 2418
619 621
619 1073
619 2210
619 959
620 622
620 1622
621 1747
621 2598
621 2460
621 2922
622 623
622 624
622 2014
622 2234
623 624
623 1255
624 625
624 770
624 1592
624 1618
625 626
625 627
625 992
626 627
626 628
627 628
627 629
628 630
628 2149
629 630
630 631
630 1741
630 2496
631 632
631 1747
631 1659
631 1628
632 633
632 2107
632 1376
633 634
633 760
633 1556
634 635
634 636
635 637
635 1456
635 2877
636 1490
636 759
637 639
638 640
638 1723
639 640
639 641
639 1562
640 641
640 642
641 642
641 643
641 2875
641 2970
642 643
642 644
643 2424
643 1202
644 645
644 646
645 647
645 2850
646 648
646 2096
646 2108
647 648
647 649
648 650
648 2073
648 1244
648 2400
649 1239
649 1561
650 2159
650 2322
650 2458
650 1221
651 653
651 1144
651 2999
652 1248
652 1026
653 2385
653 1495
654 655
654 2110
655 656
655 657
655 665
655 1124
656 1608
656 2676
657 658
657 2781
657 2239
658 659
658 660
659 711
659 2994
659 1768
660 1782
660 2147
661 662
661 663
662 663
662 664
662 1068
663 2892
663 2182
663 2880
664 665
664 2423
665 667
665 790
665 2079
666 668
666 2622
667 668
667 669
668 670
668 2127
669 670
669 1782
670 672
670 2196
670 2433
671 1339
671 1289
672 673
672 674
672 1216
672 2885
673 1912
673 2858
674 675
674 1607
675 1954
676 677
676 1271
676 2161
677 679
677 1508
677 2198
678 679
678 1116
679 2350
679 2052
680 681
680 2229
681 682
681 2925
682 684
682 2721
683 2443
683 2705
684 920
684 813
685 686
685 687
686 687
686 1690
687 688
687 2550
688 689
688 2879
688 1325
689 690
689 691
690 2000
690 2438
690 2156
690 2692
691 692
691 693
692 2729
692 1865
693 694
693 695
694 696
694 1045
695 696
695 1168
695 1868
696 697
696 1165
697 698
697 699
698 699
698 700
699 1565
699 959
700 701
700 702
700 2227
701 703
701 879
701 1023
701 2132
702 2842
702 2905
703 705
704 705
704 1094
705 707
705 1953
706 2642
706 2470
707 708
707 997
707 866
707 2335
708 1992
708 1853
708 778
708 2260
709 711
710 711
710 712
711 712
711 713
712 713
712 1362
712 1364
713 714
713 715
714 749
714 1480
714 1438
714 1588
715 1741
715 924
716 891
716 1583
717 718
718 720
718 1425
719 720
719 2799
720 721
721 887
721 975
722 723
722 724
723 724
723 725
724 2568
724 1395
724 1627
725 726
725 2699
726 727
726 1871
726 1995
727 728
727 729
728 729
728 2003
729 2892
730 2608
730 1270
730 2946
731 732
731 1139
732 734
732 2333
732 1293
733 734
733 2445
734 1168
734 1466
734 1806
735 737
735 1318
735 1255
736 737
736 738
736 1089
737 738
737 1759
738 779
738 1928
738 1878
739 741
739 2362
740 2589
741 742
741 743
741 1847
741 2324
742 1001
742 1631
743 744
743 745
743 1577
743 1654
744 746
744 1242
745 2658
745 854
745 2891
746 747
746 2127
746 2479
747 749
747 2629
747 2790
748 2601
748 2020
748 1753
749 1018
749 2560
749 2705
750 751
750 752
750 1843
751 992
751 2945
752 753
752 754
753 754
753 2137
753 1352
754 755
754 756
755 756
756 1653
756 2140
756 2506
756 2748
757 758
757 759
757 1148
758 759
758 2706
758 1892
758 2991
759 760
759 1186
760 762
761 763
761 2373
761 1775
762 2682
762 1443
763 764
763 765
764 765
764 766
764 984
765 766
765 2871
766 2091
766 1431
766 2596
767 769
767 922
768 769
768 770
769 771
769 2456
770 1300
770 2510
770 859
770 1239
770 1852
770 2042
771 772
771 2178
772 774
772 1329
772 1901
773 1543
773 2656
773 2228
774 1038
774 2075
775 776
775 2420
775 792
775 2672
776 777
776 2201
777 778
777 779
778 780
778 2718
779 780
779 781
780 781
780 782
780 2697
781 782
782 783
782 784
784 786
784 1454
784 1453
784 2027
785 787
785 1132
785 890
786 787
786 2091
786 2448
787 2356
787 888
787 1782
788 1445
788 1744
789 1703
790 1732
791 792
791 793
791 2945
792 1940
792 1425
792 2660
793 795
793 2678
794 795
794 870
794 2950
795 1299
795 2553
795 1323
796 1943
796 2609
797 798
797 799
797 2670
798 845
798 1886
799 2940
800 801
800 2991
800 2665
801 996
801 2564
802 804
802 1581
802 2664
802 2746
803 1254
803 2711
804 806
804 1285
804 1552
805 806
805 2775
806 1484
806 833
807 808
807 809
808 809
808 810
809 1034
810 812
810 2487
810 2902
811 813
811 1016
811 2825
812 813
812 1319
812 1802
813 815
813 1080
814 816
814 1774
814 1337
814 1622
815 817
815 2542
816 818
816 2023
817 2577
817 1074
818 819
818 2279
819 1970
819 2425
819 1593
820 2001
820 2355
820 1088
821 822
822 823
822 824
823 2263
823 2029
824 825
824 826
824 854
825 826
825 2888
825 1694
826 827
826 828
826 1500
826 2120
827 2970
827 2813
828 829
828 1740
829 1992
829 2524
829 2222
830 832
830 2985
831 2624
831 1836
831 2916
831 2648
832 833
832 1809
832 1909
833 834
833 2781
834 835
834 2603
834 865
834 1890
835 836
835 1487
836 838
836 1219
837 838
837 839
838 840
838 2094
839 840
839 911
839 2413
840 841
840 1307
840 1433
841 1844
842 843
842 844
843 845
843 2803
844 845
844 846
844 1910
844 1047
845 846
845 847
845 2058
846 848
846 1390
847 848
847 1110
848 1992
849 850
849 851
850 852
850 2132
851 853
851 1767
852 854
852 2393
853 854
853 855
855 856
855 1343
855 2570
856 857
856 858
857 858
857 859
857 930
858 859
858 1728
858 2235
859 860
859 874
859 2323
859 1586
860 862
860 2411
861 863
861 1403
862 863
862 864
862 2693
863 865
863 2600
863 1796
864 865
864 866
865 1917
866 867
866 1063
867 869
867 1057
867 1178
868 869
868 1539
868 1719
868 2012
869 1999
870 871
870 872
870 1457
870 1683
871 872
871 910
871 2363
872 873
872 874
873 875
873 2680
873 1603
873 1631
874 1743
874 2016
875 877
875 1331
875 1154
876 877
876 999
877 878
877 879
878 880
878 2305
879 881
879 2880
879 2219
880 881
880 882
880 1451
881 889
881 1425
881 961
882 883
882 2347
882 1635
883 884
883 2373
883 1938
883 2084
884 2555
884 1673
884 2128
885 886
885 1012
885 2635
885 1751
886 888
886 1223
887 889
887 1369
887 1442
887 2347
888 889
888 890
888 1376
889 966
889 2802
890 1499
891 892
891 893
891 2898
892 1912
892 988
892 1626
892 2911
893 895
893 2594
894 896
895 1319
896 897
896 898
896 1902
897 898
897 1465
898 899
898 900
898 1540
899 901
899 2396
900 901
900 2587
900 1256
901 902
901 903
901 2762
902 904
902 2072
903 904
903 1903
903 2076
903 1231
904 905
904 906
904 1546
905 1567
905 2622
906 974
906 2741
906 2133
907 909
907 954
908 909
908 910
908 2743
909 910
909 911
909 2989
909 1973
910 2420
910 1620
911 913
912 913
912 1921
912 2461
912 2573
913 2002
913 941
913 2707
914 916
914 2940
914 2930
915 916
915 917
915 1321
916 1302
916 1464
917 918
917 919
917 1737
917 2393
917 2446
918 1354
918 1435
919 920
919 921
919 2092
920 922
920 1985
921 922
921 923
922 1407
922 1276
923 925
924 926
924 2983
924 2767
925 948
925 1456
926 927
926 928
927 2932
928 929
928 2664
929 1182
929 2128
930 931
930 2699
931 932
931 933
932 934
932 2016
933 934
933 935
934 936
934 1458
935 1859
935 2539
936 937
936 2549
937 2713
937 1912
938 939
938 940
938 2733
939 940
939 2805
939 1879
940 942
940 1717
941 942
941 2894
942 944
942 1468
943 944
943 945
944 945
944 2156
945 946
945 2037
945 2073
945 1724
946 947
946 1655
947 948
947 974
947 2745
947 2804
948 2165
949 950
949 951
950 2664
950 1706
951 952
951 2362
951 2014
952 1104
952 1022
952 1654
953 954
953 955
954 955
954 1219
954 1613
954 2704
955 2054
955 2410
956 957
956 958
957 958
957 959
957 2841
958 960
958 1612
958 2792
959 960
959 2990
960 961
960 1473
961 2525
962 963
962 964
963 964
963 965
963 1267
964 2926
964 1273
965 966
965 1037
965 1168
965 2986
966 967
966 968
967 2684
967 1195
967 2393
968 969
968 970
969 970
969 971
969 2818
970 971
970 1530
971 972
971 2387
972 1504
972 2409
972 2680
972 2263
973 974
973 975
974 976
975 976
976 977
976 2569
977 978
977 1785
978 980
978 2191
979 980
979 2609
979 1857
980 982
980 1337
980 1481
981 2227
981 1014
981 1171
982 983
982 984
983 1165
983 1432
983 2565
983 2138
984 986
985 986
985 2808
986 988
986 2653
986 2983
987 988
988 990
988 1664
988 1953
989 2909
989 1257
989 2773
990 991
990 2460
990 2140
991 992
992 994
993 995
993 2386
993 2224
994 995
994 996
994 1339
995 996
995 997
996 997
996 2883
996 1189
996 2486
997 2707
998 1000
998 1249
998 1163
999 1000
999 2336
1001 1002
1001 1003
1001 2434
1002 1003
1002 2829
1002 2141
1003 1004
1003 2741
1004 1005
1004 1006
1005 1006
1005 2687
1006 1007
1006 1008
1006 2050
1006 2627
1006 1146
1007 1008
1007 1009
1007 2051
1008 1010
1008 2195
1008 1282
1009 2016
1009 2807
1009 2057
1010 1011
1010 1012
1010 2481
1011 1012
1011 1013
1012 1014
1013 1015
1013 1197
1014 1016
1015 1016
1015 1017
1015 2605
1016 1017
1016 1018
1017 1018
1017 1019
1018 1019
1018 1020
1018 2138
1018 2819
1019 1021
1019 2266
1019 1415
1019 2218
1020 1021
1020 1022
1021 1022
1021 1112
1021 1867
1022 1024
1023 1025
1023 1434
1024 1025
1024 1993
1024 1591
1025 1027
1025 2153
1026 1027
1026 2309
1027 1028
1027 1356
1028 1030
1028 1828
1029 1030
1029 1031
1030 1031
1030 2605
1031 1032
1031 2679
1031 2914
1031 1619
1032 1033
1032 1773
1032 1325
1033 1034
1033 1738
1034 1035
1035 2455
1035 1944
1036 1037
1036 2252
1036 1479
1037 2263
1037 2720
1037 2087
1038 1039
1038 2945
1038 2484
1039 1040
1039 2628
1039 1985
1039 2918
1040 1042
1040 1167
1040 2600
1041 2564
1041 2811
1042 1044
1043 1053
1043 1472
1043 2381
1044 1045
1044 1046
1044 1523
1045 2517
1046 2085
1046 2227
1046 2915
1047 1048
1048 1049
1048 1955
1048 2056
1048 1781
1049 1050
1049 1588
1050 1052
1050 2904
1050 2605
1050 1372
1051 1053
1051 1997
1052 2142
1052 2350
1052 1288
1053 1055
1053 1180
1054 1055
1054 1056
1055 1056
1055 2508
1056 1057
1056 1058
1057 1058
1057 1059
1058 1059
1058 1060
1058 1933
1059 1060
1059 2028
1059 2235
1059 1433
1060 1061
1060 1062
1060 1084
1060 1306
1060 2256
1061 1062
1061 1320
1061 1434
1062 2158
1062 1816
1062 1848
1063 1064
1063 1954
1063 1235
1064 1065
1064 1066
1065 1067
1066 1068
1066 1311
1067 1068
1067 1156
1067 2798
1068 1070
1069 1070
1069 1071
1069 1221
1069 1450
1070 1071
1070 1072
1071 1072
1071 1195
1072 1074
1072 1997
1072 2982
1073 1074
1073 1075
1073 2696
1074 1075
1074 2090
1076 1078
1076 2040
1076 2244
1076 2688
1077 1079
1077 2870
1078 1079
1078 2313
1079 1080
1079 1081
1079 2472
1079 2537
1080 1082
1080 1521
1081 1313
1082 1084
1082 2062
1083 1084
1083 2799
1084 1085
1084 2417
1085 1087
1085 2381
1085 1736
1086 1087
1086 2353
1086 1849
1087 1183
1087 2218
1087 2827
1087 2702
1088 1089
1088 2392
1088 2852
1089 1091
1090 2304
1090 1812
1090 2209
1091 1092
1091 1093
1092 1094
1092 2118
1092 2557
1093 1094
1093 1920
1093 1256
1094 1095
1094 1498
1095 1096
1095 1097
1096 1098
1096 1687
1096 2176
1097 2741
1097 2939
1098 1099
1098 1100
1099 1100
1099 1101
1100 1101
1100 1102
1100 2927
1101 1573
1101 1930
1102 1104
1102 2563
1103 1104
1103 1105
1103 2757
1104 1105
1104 1106
1104 1620
1105 1106
1105 1107
1105 1274
1105 1376
1106 1107
1106 2029
1107 1108
1107 1175
1107 2887
1108 2553
1108 2332
1109 1110
1109 2768
1109 1992
1109 2094
1109 2280
1110 1112
1110 2755
1110 1489
1111 1113
1111 2032
1111 1740
1112 2631
1112 1897
1112 1761
1113 1114
1113 1115
1113 2401
1113 2509
1114 1202
1114 2417
1114 2418
1115 1116
1115 1117
1115 1746
1116 1117
1116 1118
1117 1118
1117 1119
1118 1954
1119 1627
1119 2558
1119 1465
1119 2030
1120 1122
1120 2588
1120 2893
1121 1123
1121 1516
1122 1124
1122 2807
1122 2586
1123 1445
1123 1559
1124 1646
1125 2322
1126 1127
1126 1128
1126 1148
1127 1128
1127 1587
1128 1130
1128 1562
1128 2852
1129 1130
1129 1131
1130 1132
1130 2155
1130 1829
1131 1132
1131 2742
1132 1410
1132 1288
1133 1135
1133 2474
1134 1135
1134 1136
1134 2903
1134 1515
1134 2870
1135 1137
1136 2158
1137 2345
1137 2584
1137 1596
1138 1140
1138 1328
1139 1609
1139 1415
1140 1141
1140 1328
1140 1603
1141 1367
1141 2201
1141 2634
1141 2969
1141 1717
1141 2957
1142 1744
1143 1144
1143 1145
1143 2772
1144 1146
1144 1350
1144 1954
1144 2041
1145 1146
1145 1147
1146 1147
1146 2841
1147 2362
1149 1151
1150 1152
1150 2276
1150 1206
1150 1475
1150 1671
1151 1152
1151 1385
1152 1153
1152 2683
1153 1154
1153 1155
1153 2426
1154 2849
1155 1157
1155 2794
1156 2656
1157 1159
1157 2432
1157 2921
1158 1159
1158 1160
1159 1160
1159 1390
1160 1161
1160 1162
1160 1811
1161 1163
1161 2214
1161 1410
1162 1163
1162 2307
1162 1463
1162 2364
1163 1164
1164 1165
1164 1528
1164 2696
1165 1166
1165 1167
1166 1167
1166 2919
1166 1895
1166 2127
1167 1169
1167 1873
1167 1466
1168 1170
1168 1423
1169 1170
1169 2149
1170 1171
1171 1172
1171 2867
1172 1173
1172 1817
1173 1174
1173 1784
1174 1175
1174 1573
1174 1565
1174 2369
1175 1177
1175 2126
1176 1177
1176 1178
1177 1178
1177 1179
1177 2994
1178 1179
1178 2418
1179 1180
1181 1182
1181 2861
1182 1184
1183 1184
1183 1185
1184 1185
1184 1186
1185 1186
1185 1187
1186 1188
1186 2191
1187 1189
1187 2478
1187 2527
1188 2511
1189 2547
1190 1192
1190 1797
1191 1192
1191 1477
1191 1854
1191 1711
1192 2540
1193 1194
1193 1195
1193 1962
1194 1196
1194 2565
1195 1197
1196 1198
1196 2793
1197 2011
1198 1199
1198 1200
1198 2659
1199 1454
1199 2467
1200 1201
1200 1202
1201 1202
1202 1204
1202 1398
1203 1205
1203 1494
1204 1205
1204 1206
1205 1206
1205 2783
1206 1208
1207 1209
1207 1832
1207 1884
1208 1209
1208 1210
1209 1210
1209 1211
1209 1724
1210 1211
1210 1212
1211 2797
1211 2451
1212 1214
1212 1959
1213 1214
1213 1469
1213 1909
1214 1215
1214 1918
1214 2250
1215 2513
1215 2213
1216 2040
1216 2688
1217 1218
1217 2545
1217 2997
1218 1220
1219 2926
1219 2235
1220 1222
1221 1222
1221 2040
1222 1584
1222 2911
1222 2484
1222 1340
1222 1968
1223 1224
1223 1441
1223 1964
1224 1226
1224 1367
1225 1239
1225 2449
1226 1228
1226 2303
1226 1287
1226 2038
1226 2211
1226 2972
1227 1228
1227 1621
1227 2988
1228 1229
1228 2168
1229 1230
1229 2145
1229 1961
1230 1232
1230 2491
1230 2241
1231 1232
1231 1233
1231 1406
1232 1233
1232 1234
1233 1234
1233 1235
1234 2587
1234 2626
1234 2788
1235 1237
1235 1728
1236 2883
1237 1238
1237 1260
1237 2931
1238 1944
1238 2620
1239 2407
1240 1406
1240 2102
1241 1243
1242 1244
1242 2457
1243 1244
1243 1543
1244 1245
1244 1922
1245 1246
1245 1247
1245 1427
1246 1247
1246 1248
1247 1248
1247 1249
1248 1250
1248 2642
1248 1325
1248 2976
1249 1251
1249 2159
1250 1251
1250 1291
1250 2033
1251 1280
1251 2462
1251 1851
1252 1253
1252 2403
1252 1597
1253 1254
1253 1255
1254 1255
1254 1256
1254 2075
1255 1347
1256 1257
1257 1259
1258 1259
1258 1260
1259 1260
1260 1262
1261 1263
1261 2004
1262 1263
1262 1264
1263 1264
1263 1265
1264 1265
1264 1386
1264 2226
1265 1267
1265 2141
1266 1267
1266 1691
1266 1624
1266 1647
1268 1270
1268 2394
1268 1618
1269 1270
1269 1271
1270 1272
1270 2890
1270 1548
1271 1272
1271 1273
1272 1273
1272 1866
1273 1274
1273 1275
1274 1557
1274 1773
1275 1277
1275 1832
1275 2800
1276 2408
1277 1278
1277 1279
1277 1694
1277 2647
1278 1280
1278 1526
1278 2328
1279 1280
1279 1281
1279 1448
1279 2204
1279 2764
1280 1282
1280 2001
1281 1282
1281 1283
1282 1283
1282 2472
1283 1284
1283 2695
1284 1285
1284 1286
1284 2436
1285 1286
1285 1613
1285 2424
1285 1986
1286 1287
1286 1288
1287 1289
1288 1290
1288 1646
1288 2085
1289 1332
1290 1291
1290 1292
1291 1293
1291 2770
1292 2007
1292 2537
1293 2125
1294 1295
1294 1296
1295 1296
1295 1297
1296 1297
1296 1298
1297 1298
1297 1299
1298 1300
1298 2547
1298 2892
1298 2503
1299 1467
1300 1302
1301 1302
1301 1303
1301 1360
1302 1303
1302 2405
1302 2485
1303 1304
1304 1306
1305 1306
1305 2680
1306 1307
1307 2878
1308 1309
1309 1310
1310 1312
1310 1419
1311 2350
1311 1951
1312 1313
1312 1314
1312 1891
1313 1314
1314 1316
1314 2261
1314 1335
1314 1791
1315 1316
1315 1317
1315 2707
1315 2092
1315 2801
1316 1953
1317 1318
1317 1319
1317 1381
1318 1319
1318 2924
1319 1321
1320 1322
1321 1323
1322 1323
1322 1324
1322 2287
1323 1957
1323 2302
1324 1326
1325 1326
1325 1770
1326 1327
1327 1328
1328 1580
1329 2446
1329 1834
1330 1332
1330 2563
1330 2568
1330 2572
1331 1332
1331 2720
1332 1692
1332 1931
1332 2982
1333 1334
1333 2541
1334 2528
1334 2663
1334 2874
1335 1569
1335 2660
1335 1602
1336 2507
1336 2452
1336 2074
1337 1338
1338 1340
1338 2111
1339 1341
1339 2563
1340 1341
1340 2592
1340 2781
1341 1342
1341 1343
1342 2438
1342 2618
1343 2725
1343 1849
1344 2314
1344 2303
1345 1346
1345 1758
1346 1348
1347 2666
1347 2351
1347 2385
1347 1611
1348 1349
1348 1350
1348 2366
1349 1350
1349 1351
1350 1351
1350 2016
1350 1792
1351 1352
1351 1353
1352 1353
1352 1433
1353 1354
1353 1740
1353 1399
1354 1355
1355 1356
1355 1357
1355 2046
1356 1357
1356 1358
1357 1358
1357 1359
1357 1507
1358 1360
1358 2520
1359 1702
1359 1772
1361 1362
1361 1363
1362 2146
1363 1364
1363 1365
1363 2559
1364 2184
1364 2025
1365 2425
1365 1744
1366 1368
1366 1864
1366 1502
1367 1368
1367 2117
1368 1369
1368 1370
1368 1819
1369 1370
1369 1371
1369 1802
1370 1371
1370 1372
1370 2511
1371 1373
1371 1448
1373 2688
1374 1375
1374 1749
1375 1376
1375 1377
1376 2226
1377 1379
1377 2694
1378 1380
1378 2692
1378 2391
1378 1930
1378 2470
1379 1381
1380 1382
1380 2563
1380 2667
1381 1383
1381 1424
1382 1384
1382 1551
1382 1730
1382 1558
1383 1385
1383 2761
1384 1386
1384 2917
1385 1417
1385 2621
1385 2462
1386 1388
1387 2759
1387 1404
1388 1389
1388 2985
1389 1390
1389 1391
1390 1391
1390 1469
1391 1392
1391 1393
1391 2512
1392 1394
1392 1714
1393 1395
1394 1395
1395 1397
1396 2951
1396 2198
1397 1399
1397 2864
1398 1399
1398 1400
1399 1488
1400 1402
1401 1402
1401 1403
1401 2033
1402 1404
1403 1747
1403 2454
1404 1405
1404 1406
1404 1817
1404 2535
1405 1406
1405 1407
1405 2005
1406 1408
1407 1409
1407 2314
1408 1410
1408 2756
1409 1410
1409 1411
1410 2311
1410 2793
1411 1412
1411 2824
1412 1413
1412 1414
1413 2696
1413 2445
1413 2013
1413 2253
1414 1415
1414 1416
1414 2726
1415 1416
1415 1547
1416 1417
1416 1418
1417 1418
1418 1419
1418 1420
1419 1420
1419 1421
1419 2252
1420 1422
1421 2713
1421 2736
1422 2299
1424 1425
1424 2148
1424 2317
1424 2569
1425 1427
1426 1427
1426 2957
1426 2864
1427 1909
1428 1430
1428 1936
1429 1430
1429 2972
1429 2968
1430 2755
1430 1903
1430 1794
1431 2139
1432 1434
1433 2277
1434 2956
1435 1437
1435 1545
1436 1437
1436 1972
1437 1438
1437 1439
1437 1581
1438 1439
1438 1440
1439 1440
1439 1441
1440 1441
1440 2422
1441 1442
1442 1693
1442 2796
1443 2140
1444 1445
1444 1446
1444 2797
1445 1446
1445 2246
1445 2888
1446 1447
1446 1448
1446 2409
1447 1448
1447 1449
1447 1572
1448 2289
1449 1450
1449 1451
1451 1453
1452 1453
1452 1454
1453 1455
1454 1455
1455 1456
1455 1457
1455 2155
1456 1457
1456 1458
1457 2403
1458 1459
1458 2372
1458 1998
1459 1460
1459 1461
1459 1713
1459 2930
1459 1595
1459 2277
1460 1462
1460 2490
1461 1462
1461 1463
1461 1796
1462 1463
1462 1464
1464 1465
1464 1466
1464 2274
1465 1466
1466 1739
1467 1468
1467 1469
1468 1469
1468 1470
1469 1470
1470 1472
1471 1473
1471 1636
1471 2381
1472 1474
1472 2582
1473 1475
1473 1795
1473 1566
1474 1476
1474 2737
1475 2931
1476 1477
1476 1478
1477 2073
1478 1479
1478 1480
1478 2078
1479 1480
1481 2552
1481 2701
1482 1483
1482 1484
1482 2787
1482 1820
1483 1485
1483 1884
1484 1485
1484 1486
1484 2047
1485 1486
1485 1487
1486 1487
1486 1488
1487 1489
1488 2212
1489 2420
1490 1492
1490 1782
1491 1492
1491 2874
1492 2505
1492 1778
1493 1494
1493 1495
1493 1642
1493 1861
1494 1496
1495 1496
1495 2671
1496 1497
1496 1691
1496 2393
1496 2635
1497 1498
1497 1619
1498 1500
1498 2561
1498 2379
1499 1500
1499 1820
1500 1501
1500 1647
1501 2034
1502 1504
1503 2523
1504 1506
1504 2259
1504 2181
1505 1506
1505 1507
1506 1964
1507 1509
1507 1936
1507 2258
1508 1510
1508 2549
1509 1511
1509 2292
1509 2639
1510 1511
1510 1512
1511 1512
1511 1513
1511 2473
1512 1514
1513 1514
1513 1515
1513 1797
1513 2504
1514 1515
1514 1516
1514 1550
1515 1516
1515 1658
1516 1518
1516 2493
1517 1518
1517 2178
1517 2363
1518 1520
1518 2710
1519 1521
1520 1522
1520 1816
1520 2298
1520 1793
1521 1523
1522 1523
1522 1524
1522 2034
1523 1524
1524 1525
1524 1526
1525 1526
1525 1527
1526 1528
1527 1528
1527 1529
1529 2751
1529 2558
1529 2560
1530 1531
1530 2488
1531 1533
1531 2645
1532 1757
1532 2915
1532 1855
1533 1535
1533 1648
1534 1535
1534 2311
1535 1536
1535 2031
1536 1537
1536 1628
1537 1539
1537 2100
1538 2530
1538 2576
1539 1541
1540 1542
1541 1542
1541 1543
1542 1543
1542 2419
1543 2942
1544 1545
1544 1546
1544 1621
1545 1546
1545 1547
1546 2754
1547 1549
1548 1549
1549 1550
1549 1551
1549 2695
1551 1552
1551 2307
1552 1554
1553 1554
1553 1739
1553 2523
1554 1555
1554 1998
1555 2471
1555 2795
1555 2670
1556 1557
1556 1817
1556 1828
1557 2157
1558 2289
1559 1560
1559 1634
1560 1561
1560 2467
1560 2293
1560 1604
1561 1637
1561 1785
1562 1564
1563 1991
1564 1565
1565 1853
1566 1567
1566 2365
1567 1568
1567 2414
1567 1996
1568 1569
1568 1570
1568 2678
1569 1814
1569 2982
1570 1571
1570 1572
1571 1572
1571 1573
1571 1883
1572 1574
1572 2154
1573 1574
1573 1575
1573 1707
1574 1575
1574 1576
1575 1577
1575 2144
1575 2858
1576 1577
1577 2327
1578 1579
1578 2637
1579 1580
1579 2190
1580 1581
1580 1969
1582 1583
1582 1584
1583 1584
1583 1585
1583 1699
1584 1586
1584 2760
1584 1726
1585 1586
1585 1587
1585 2749
1586 1588
1586 2501
1586 2832
1587 2096
1588 1589
1589 1590
1589 1591
1590 2442
1590 2813
1590 2792
1591 1592
1591 2675
1592 1593
1592 2117
1593 1594
1593 2314
1594 1595
1594 1596
1595 1596
1596 1598
1596 2047
1597 2307
1598 1599
1598 1600
1598 2919
1599 1600
1599 1601
1599 2678
1600 1602
1601 1602
1601 2965
1602 1604
1602 1836
1602 2871
1604 1605
1605 1607
1605 2301
1605 2262
1606 1607
1606 1608
1607 1608
1607 1609
1608 2474
1608 2682
1608 2497
1609 1610
1609 1611
1609 2308
1609 1788
1610 1611
1610 1612
1611 1612
1612 1679
1614 1616
1614 2256
1614 2557
1615 2541
1615 1691
1616 2920
1616 2916
1617 1618
1617 1619
1617 1677
1618 2296
1619 1620
1620 1622
1620 1910
1621 1623
1622 2934
1623 1624
1623 1625
1623 1935
1623 2838
1624 1806
1625 1627
1626 2925
1627 1628
1628 2035
1628 2750
1629 1631
1629 2221
1630 1631
1630 1632
1631 2236
1632 1633
1632 1634
1633 1635
1635 1704
1635 1855
1635 2631
1636 1638
1636 2985
1637 1639
1637 2937
1638 1639
1639 1640
1639 2007
1640 2852
1640 2264
1641 1642
1641 1643
1641 1985
1643 1645
1643 2230
1643 2115
1643 2507
1644 1645
1644 1646
1645 1647
1645 2306
1648 1650
1648 2584
1649 2066
1649 2215
1650 1651
1650 1652
1651 1652
1652 1653
1652 2387
1653 1655
1653 2272
1654 1656
1655 1657
1655 2118
1656 1657
1656 1988
1657 1658
1657 1659
1657 1789
1657 1759
1658 2200
1659 1661
1659 1891
1660 1661
1660 1662
1660 2734
1661 1663
1661 2578
1662 1663
1663 1664
1663 2796
1664 2771
1664 2829
1665 1667
1665 2798
1666 1667
1666 2009
1667 1905
1667 2189
1668 1669
1668 1670
1669 1670
1670 1671
1670 2043
1670 2233
1671 1672
1671 2166
1672 1673
1672 1674
1673 1675
1674 1675
1674 2717
1675 1765
1675 2506
1675 2361
1676 1678
1676 2254
1676 2211
1677 1679
1678 1680
1678 2857
1678 2587
1679 1680
1679 1681
1679 2968
1680 2178
1680 2881
1681 1682
1681 1683
1681 2478
1682 1683
1683 2032
1684 1686
1684 2817
1684 2093
1684 2442
1685 1686
1686 2950
1686 2791
1687 2316
1687 2448
1688 1689
1688 2286
1688 2445
1688 1828
1689 1691
1689 2213
1690 1691
1690 1692
1691 2721
1692 1693
1692 1741
1692 2243
1693 1694
1693 2350
1694 2026
1695 1697
1695 2722
1696 2605
1696 1867
1697 1698
1697 1699
1697 2768
1698 1699
1698 1700
1698 2722
1699 2273
1700 1701
1700 1702
1701 1702
1701 2218
1702 1951
1702 1888
1702 2516
1703 1705
1703 2389
1703 2307
1704 2676
1704 2122
1704 1774
1704 2942
1705 1706
1705 2571
1706 1707
1707 1709
1708 1709
1708 1710
1709 1710
1710 1712
1710 2473
1710 2642
1711 2636
1712 1713
1712 1714
1712 2866
1713 1715
1714 2179
1715 1716
1715 1717
1716 1718
1716 2875
1717 1718
1718 1719
1718 1720
1718 2612
1719 2120
1719 1977
1720 1721
1720 2825
1720 2980
1721 2539
1721 2736
1722 1724
1722 1994
1723 1758
1724 1725
1725 1727
1725 2467
1725 2335
1725 2932
1726 1728
1726 2169
1727 1729
1727 2892
1728 1729
1729 1731
1730 2143
1731 1732
1731 1733
1732 2628
1732 2796
1733 1734
1733 1735
1734 1735
1734 1736
1734 2009
1735 1736
1736 1737
1736 2023
1737 2271
1738 1739
1738 1740
1739 1741
1740 1742
1740 1946
1740 2395
1741 1743
1742 1744
1742 2858
1743 1745
1744 1745
1744 1746
1744 1988
1745 1746
1745 1747
1747 1749
1748 2704
1749 1750
1749 1751
1749 2103
1750 1751
1750 2093
1751 1753
1751 2843
1752 1753
1752 1754
1753 2096
1753 2431
1754 1756
1755 1756
1755 1757
1756 1757
1756 1758
1756 2097
1756 2319
1757 1759
1757 1880
1758 2583
1759 1760
1760 1762
1760 2299
1762 1763
1762 1764
1762 2512
1762 2842
1763 1764
1763 1765
1764 1766
1764 2058
1765 1766
1765 1767
1765 1930
1766 1767
1766 1768
1767 1768
1767 1769
1768 1769
1768 1770
1769 1771
1769 1776
1770 2754
1771 1772
1771 1773
1772 1774
1772 2481
1774 1775
1775 1776
1776 1777
1776 1778
1777 2682
1777 2409
1778 1779
1778 1780
1779 1780
1779 1781
1780 1782
1780 2555
1781 2607
1782 2686
1783 1785
1783 2211
1783 1925
1784 1785
1784 1786
1785 1787
1785 2213
1785 2035
1786 1787
1786 1925
1787 1789
1787 2648
1788 2345
1788 2048
1789 1791
1789 2237
1789 2230
1790 1792
1790 2525
1790 2555
1790 2887
1791 1792
1791 2011
1792 1793
1792 1794
1793 1794
1793 2643
1794 1817
1795 1796
1795 1797
1797 1799
1798 1800
1798 2809
1798 1826
1799 1801
1799 2422
1800 1801
1800 1802
1801 1803
1801 2024
1802 1803
1803 1804
1803 1805
1803 2460
1804 1805
1804 2159
1805 1806
1805 1807
1806 2687
1807 1808
1807 1809
1808 1809
1808 1810
1809 1811
1810 1811
1810 1812
1811 1813
1811 2205
1813 1814
1813 2273
1813 2330
1814 1816
1814 2941
1815 1817
1815 1889
1815 2499
1816 1818
1816 2700
1817 1818
1818 1819
1818 1820
1819 1820
1820 1821
1820 2866
1821 1823
1821 2651
1822 1823
1822 1824
1822 2443
1823 1824
1823 1825
1823 2439
1823 2490
1824 1826
1824 2341
1824 2626
1825 1826
1825 1827
1826 2879
1826 2640
1827 1829
1827 2751
1827 2126
1828 1829
1829 1831
1830 1831
1830 1832
1831 2953
1831 1892
1831 2326
1832 1834
1832 2840
1833 1834
1833 1835
1834 1836
1835 1836
1835 1837
1836 2345
1837 2728
1838 1839
1838 2215
1839 1841
1839 2287
1839 1850
1840 1841
1840 1842
1841 1842
1841 2228
1842 1843
1842 1844
1842 2052
1842 2037
1843 2783
1843 2773
1844 2940
1844 2182
1845 1846
1845 1847
1846 1848
1846 2597
1846 2100
1847 1870
1847 2430
1848 1850
1848 1869
1849 2737
1849 2190
1850 1851
1850 2774
1851 1923
1852 1853
1853 2109
1854 1856
1854 2860
1855 1856
1855 2926
1856 1857
1856 1858
1857 1858
1857 2209
1857 2480
1858 1860
1859 1861
1860 1861
1860 1862
1861 1863
1862 1863
1862 1864
1863 1864
1863 1865
1863 2456
1864 1865
1864 2419
1865 2197
1866 1867
1866 2210
1868 1869
1868 2087
1868 2899
1869 1998
1869 2022
1870 1871
1870 2938
1871 1872
1871 1873
1872 1873
1872 1874
1874 1875
1874 1876
1875 1876
1875 1877
1876 2785
1877 1879
1877 2591
1877 2677
1878 2481
1879 1880
1879 1881
1880 2177
1880 2971
1881 1882
1881 1883
1882 2382
1883 1885
1885 1886
1885 1887
1886 1887
1887 1888
1887 2284
1887 1894
1888 1890
1889 1891
1889 2271
1890 1891
1891 1892
1892 2522
1893 1894
1893 2722
1894 1895
1894 2622
1894 1960
1894 2505
1895 1896
1895 1897
1895 2542
1896 1968
1897 1899
1898 2157
1898 2939
1898 2876
1899 1900
1899 2881
1899 2756
1900 1901
1900 1902
1901 1903
1902 1903
1903 1905
1904 1905
1904 1906
1905 1906
1905 1907
1906 1907
1906 1908
1907 1908
1907 1909
1908 1910
1911 1913
1911 2063
1911 1941
1912 2367
1912 2584
1912 2376
1913 1914
1913 2349
1913 2872
1914 1915
1914 2308
1914 2077
1914 2389
1914 2393
1914 2769
1915 1916
1915 2883
1916 1918
1917 1919
1917 2115
1918 1920
1919 2889
1919 1990
1920 2541
1921 1923
1922 2534
1923 1924
1923 1925
1923 2867
1924 1925
1924 1926
1925 1965
1926 1927
1926 1928
1926 2025
1927 2054
1928 2910
1928 2145
1929 2348
1930 2464
1930 2907
1931 1932
1931 1933
1931 2830
1931 2047
1931 2936
1932 2735
1932 2834
1932 2845
1933 1935
1933 2949
1934 1935
1934 2484
1934 2607
1935 2928
1936 1994
1936 2938
1937 1938
1937 1939
1938 1939
1938 1940
1938 2433
1939 1940
1940 1941
1940 1942
1941 1972
1942 1944
1942 1981
1943 1944
1943 2575
1944 1945
1944 1946
1945 2489
1945 2855
1946 1948
1946 2497
1946 2061
1947 1948
1947 1949
1947 2081
1948 1950
1949 1950
1949 2145
1950 1952
1950 1954
1951 1952
1951 2881
1952 1953
1952 1954
1953 1954
1955 1957
1956 1957
1956 1974
1957 1958
1957 1959
1957 2402
1958 1960
1959 1960
1960 1961
1961 1963
1961 2632
1963 1965
1963 2688
1964 1965
1965 2518
1966 2566
1967 1968
1967 1969
1968 1969
1968 2360
1969 1970
1969 2285
1969 2493
1970 1972
1971 1972
1971 1973
1971 2339
1972 1973
1973 1974
1974 1975
1974 2376
1975 1976
1976 1977
1977 2353
1977 2948
1978 2477
1979 1980
1979 2229
1980 2345
1981 1982
1981 1983
1982 1984
1983 1985
1983 2760
1984 1985
1984 1986
1986 1987
1987 1988
1987 1989
1988 2276
1989 1991
1989 2884
1990 2095
1991 2896
1991 2335
1991 2694
1992 2504
1993 2612
1994 2934
1995 1996
1995 2623
1996 1997
1996 2824
1997 1998
1997 1999
1998 2679
1999 2000
1999 2001
2000 2001
2000 2398
2001 2912
2002 2003
2002 2004
2003 2601
2004 2005
2005 2006
2005 2784
2006 2007
2006 2008
2006 2579
2007 2831
2008 2009
2008 2010
2009 2010
2009 2583
2010 2011
2010 2012
2011 2991
2012 2014
2013 2014
2014 2016
2015 2016
2015 2778
2016 2077
2017 2810
2017 2355
2018 2019
2018 2020
2019 2021
2019 2912
2020 2022
2021 2022
2022 2162
2023 2024
2024 2495
2024 2934
2024 2690
2024 2643
2025 2026
2026 2213
2027 2029
2028 2030
2028 2714
2029 2030
2029 2031
2029 2056
2030 2738
2031 2032
2031 2033
2031 2577
2032 2033
2032 2102
2034 2036
2035 2037
2036 2038
2036 2371
2038 2040
2039 2040
2039 2041
2041 2042
2042 2043
2043 2045
2044 2045
2044 2462
2045 2047
2045 2677
2045 2262
2046 2781
2047 2786
2048 2050
2049 2050
2049 2051
2049 2414
2049 2441
2050 2052
2050 2219
2050 2314
2051 2052
2051 2203
2053 2054
2053 2055
2054 2055
2054 2536
2054 2938
2055 2056
2055 2756
2055 2809
2057 2630
2058 2059
2059 2433
2060 2062
2061 2062
2062 2063
2062 2064
2062 2839
2063 2065
2063 2513
2064 2065
2064 2066
2065 2066
2065 2067
2066 2067
2067 2068
2067 2069
2068 2118
2068 2970
2069 2070
2069 2071
2070 2072
2071 2073
2071 2794
2072 2073
2073 2564
2073 2554
2074 2075
2076 2078
2077 2078
2078 2080
2078 2530
2079 2080
2080 2081
2080 2082
2081 2082
2082 2083
2082 2084
2083 2342
2083 2883
2084 2085
2085 2086
2086 2088
2086 2486
2088 2089
2088 2983
2089 2822
2089 2535
2090 2091
2090 2729
2090 2109
2091 2092
2091 2093
2091 2124
2095 2096
2095 2599
2096 2097
2096 2517
2097 2099
2098 2099
2098 2715
2098 2106
2099 2101
2099 2434
2100 2101
2101 2102
2101 2103
2102 2104
2102 2396
2102 2202
2103 2898
2104 2106
2104 2396
2105 2107
2106 2107
2107 2202
2109 2110
2110 2111
2110 2112
2111 2341
2112 2113
2112 2114
2113 2114
2113 2115
2114 2116
2115 2116
2115 2687
2116 2117
2116 2283
2117 2118
2117 2119
2118 2120
2119 2120
2119 2121
2120 2121
2121 2123
2121 2288
2121 2821
2122 2822
2123 2124
2123 2125
2124 2125
2125 2126
2125 2127
2125 2892
2127 2128
2127 2207
2128 2130
2128 2315
2128 2641
2128 2713
2129 2130
2129 2131
2129 2906
2130 2131
2130 2344
2131 2132
2131 2133
2132 2133
2132 2435
2132 2192
2133 2135
2134 2135
2134 2457
2135 2136
2135 2137
2136 2138
2136 2551
2137 2139
2138 2140
2139 2140
2139 2141
2141 2142
2141 2188
2142 2143
2142 2896
2143 2144
2143 2145
2144 2146
2144 2506
2144 2786
2145 2147
2146 2147
2146 2148
2147 2148
2147 2607
2148 2150
2149 2151
2150 2151
2150 2367
2151 2662
2152 2246
2152 2446
2153 2155
2154 2155
2154 2602
2155 2157
2156 2157
2157 2159
2157 2874
2158 2160
2159 2161
2160 2161
2160 2162
2161 2162
2162 2163
2162 2963
2162 2984
2163 2787
2163 2421
2164 2166
2165 2167
2165 2911
2166 2167
2166 2463
2167 2168
2167 2169
2168 2169
2168 2170
2169 2558
2170 2171
2171 2172
2171 2173
2172 2173
2172 2811
2172 2703
2172 2487
2173 2174
2173 2175
2174 2175
2174 2176
2174 2775
2175 2176
2175 2177
2176 2386
2177 2178
2177 2179
2178 2180
2179 2180
2179 2181
2180 2182
2180 2797
2181 2182
2182 2810
2183 2184
2184 2740
2185 2187
2185 2417
2186 2187
2187 2189
2188 2189
2188 2399
2189 2190
2189 2439
2190 2724
2191 2192
2191 2549
2192 2401
2193 2195
2193 2507
2194 2195
2194 2196
2195 2196
2195 2197
2195 2979
2196 2197
2196 2198
2197 2198
2197 2199
2198 2199
2199 2200
2199 2201
2200 2202
2200 2620
2200 2536
2201 2843
2202 2204
2202 2510
2203 2204
2204 2206
2205 2207
2206 2208
2207 2332
2208 2210
2208 2284
2209 2210
2210 2212
2211 2587
2212 2579
2213 2214
2214 2215
2214 2645
2214 2852
2216 2217
2216 2850
2217 2219
2217 2647
2219 2223
2220 2221
2220 2222
2220 2656
2221 2222
2221 2393
2222 2953
2223 2224
2224 2226
2225 2226
2225 2227
2225 2669
2226 2227
2227 2228
2227 2443
2228 2229
2229 2230
2229 2618
2230 2231
2230 2359
2231 2232
2231 2611
2232 2593
2232 2980
2232 2621
2232 2955
2233 2963
2234 2235
2234 2689
2236 2237
2236 2238
2237 2239
2238 2879
2238 2595
2239 2240
2239 2241
2240 2242
2240 2561
2242 2243
2242 2244
2243 2244
2245 2247
2245 2993
2246 2487
2247 2249
2247 2433
2248 2250
2248 2310
2249 2250
2249 2251
2250 2251
2250 2252
2251 2253
2251 2479
2252 2659
2253 2284
2254 2255
2254 2256
2255 2256
2255 2257
2255 2944
2257 2258
2257 2948
2257 2388
2258 2740
2259 2260
2261 2262
2261 2263
2264 2265
2265 2267
2266 2268
2267 2268
2267 2269
2267 2416
2268 2269
2268 2270
2269 2271
2269 2748
2269 2640
2270 2271
2270 2386
2271 2272
2271 2273
2271 2926
2272 2274
2274 2275
2275 2276
2275 2277
2276 2277
2276 2278
2277 2815
2278 2279
2278 2280
2279 2281
2279 2951
2280 2281
2280 2918
2281 2282
2281 2283
2282 2283
2282 2900
2283 2284
2283 2285
2284 2339
2286 2828
2287 2819
2288 2290
2289 2291
2290 2291
2290 2292
2291 2292
2291 2293
2291 2534
2292 2293
2292 2294
2292 2814
2293 2294
2293 2295
2294 2295
2295 2990
2296 2297
2297 2298
2297 2299
2298 2300
2299 2300
2300 2302
2301 2684
2302 2303
2302 2363
2303 2304
2303 2305
2304 2305
2304 2651
2305 2306
2305 2307
2306 2308
2308 2310
2308 2617
2309 2311
2310 2312
2311 2313
2312 2314
2312 2873
2313 2314
2314 2780
2315 2316
2315 2317
2316 2317
2316 2318
2316 2644
2316 2961
2317 2650
2318 2319
2318 2320
2319 2321
2320 2322
2320 2757
2321 2322
2321 2323
2321 2410
2323 2664
2324 2983
2325 2326
2325 2580
2326 2327
2326 2399
2327 2688
2327 2866
2328 2329
2329 2331
2330 2332
2330 2671
2331 2332
2331 2333
2332 2334
2332 2878
2332 2628
2333 2334
2333 2335
2334 2336
2336 2759
2336 2937
2337 2338
2337 2339
2337 2611
2338 2339
2338 2340
2339 2341
2340 2341
2340 2342
2340 2565
2341 2343
2342 2344
2342 2896
2343 2344
2343 2345
2344 2345
2344 2346
2345 2347
2346 2347
2346 2348
2347 2562
2347 2859
2348 2349
2349 2350
2351 2994
2352 2504
2352 2486
2353 2355
2354 2355
2356 2358
2356 2870
2357 2358
2357 2359
2357 2527
2358 2359
2358 2360
2359 2735
2359 2519
2360 2459
2361 2362
2361 2632
2361 2619
2362 2616
2363 2469
2363 2474
2364 2365
2365 2367
2365 2943
2367 2368
2367 2369
2368 2369
2368 2370
2369 2370
2370 2371
2370 2372
2371 2373
2372 2992
2373 2375
2374 2375
2374 2376
2375 2377
2376 2377
2377 2379
2377 2847
2377 2575
2378 2379
2378 2380
2378 2415
2378 2925
2379 2381
2380 2706
2380 2970
2381 2382
2382 2383
2382 2384
2383 2385
2383 2543
2384 2385
2384 2386
2385 2387
2386 2388
2386 2945
2387 2389
2388 2389
2389 2390
2390 2448
2390 2673
2391 2393
2392 2393
2394 2395
2394 2396
2395 2397
2396 2397
2396 2398
2396 2729
2398 2401
2399 2401
2402 2584
2402 2607
2403 2405
2404 2405
2404 2406
2404 2691
2405 2407
2406 2408
2406 2455
2407 2408
2408 2409
2408 2410
2408 2711
2410 2411
2411 2412
2411 2413
2412 2717
2413 2414
2413 2742
2413 2499
2415 2416
2416 2417
2419 2420
2419 2421
2419 2830
2421 2422
2421 2423
2422 2424
2423 2424
2423 2732
2424 2744
2424 2801
2425 2427
2427 2935
2428 2430
2428 2602
2429 2430
2429 2678
2430 2431
2432 2433
2432 2660
2433 2710
2433 2920
2434 2436
2435 2437
2436 2438
2437 2438
2437 2439
2438 2980
2438 2491
2438 2594
2439 2440
2440 2441
2440 2442
2441 2442
2442 2883
2445 2447
2446 2447
2447 2449
2447 2590
2448 2521
2449 2450
2450 2452
2450 2711
2451 2453
2451 2570
2452 2520
2453 2925
2453 2675
2453 2816
2454 2455
2454 2675
2456 2457
2457 2458
2457 2459
2458 2460
2459 2891
2461 2462
2461 2463
2463 2544
2464 2599
2465 2466
2465 2467
2466 2467
2466 2468
2467 2469
2468 2469
2468 2470
2469 2471
2470 2471
2471 2472
2471 2473
2473 2636
2474 2476
2475 2477
2475 2951
2476 2477
2476 2478
2477 2479
2478 2479
2479 2480
2480 2481
2482 2483
2482 2484
2482 2546
2483 2484
2483 2485
2483 2899
2484 2502
2485 2486
2486 2966
2487 2787
2488 2490
2489 2491
2490 2491
2491 2493
2492 2493
2493 2494
2494 2496
2494 2894
2495 2497
2495 2754
2495 2947
2496 2498
2498 2499
2498 2878
2499 2986
2500 2501
2500 2502
2501 2502
2501 2503
2502 2504
2503 2714
2503 2894
2505 2506
2506 2507
2506 2508
2507 2508
2507 2901
2508 2807
2513 2514
2513 2865
2514 2515
2514 2516
2515 2516
2515 2517
2516 2517
2516 2518
2517 2772
2518 2519
2518 2902
2519 2520
2519 2521
2520 2521
2521 2522
2521 2638
2522 2523
2524 2525
2525 2526
2526 2670
2526 2803
2528 2530
2528 2680
2529 2530
2529 2531
2530 2531
2530 2884
2531 2532
2531 2533
2532 2534
2532 2714
2533 2534
2533 2535
2535 2842
2537 2539
2538 2539
2538 2876
2539 2541
2540 2542
2541 2543
2542 2543
2542 2566
2543 2545
2544 2545
2544 2640
2546 2548
2547 2549
2548 2549
2548 2550
2550 2551
2550 2552
2551 2553
2551 2598
2552 2835
2553 2555
2553 2792
2554 2686
2555 2637
2556 2557
2556 2558
2558 2559
2559 2561
2561 2562
2561 2563
2562 2564
2563 2564
2564 2566
2564 2666
2566 2638
2567 2569
2568 2569
2568 2927
2570 2912
2571 2572
2571 2573
2572 2573
2573 2574
2574 2576
2574 2725
2574 2768
2575 2577
2576 2577
2576 2578
2578 2579
2579 2580
2580 2582
2581 2582
2581 2583
2581 2603
2581 2884
2582 2584
2583 2585
2584 2637
2585 2586
2585 2587
2586 2588
2588 2590
2588 2699
2589 2591
2590 2591
2590 2592
2591 2592
2591 2593
2592 2780
2593 2595
2594 2863
2594 2653
2595 2597
2596 2597
2597 2598
2599 2601
2600 2602
2602 2603
2603 2694
2603 2893
2604 2605
2604 2606
2606 2608
2606 2885
2607 2609
2608 2610
2610 2611
2610 2612
2611 2612
2612 2614
2613 2614
2614 2615
2614 2616
2615 2616
2615 2617
2615 2844
2616 2617
2616 2618
2617 2618
2618 2619
2619 2620
2620 2621
2620 2622
2621 2623
2623 2624
2624 2625
2624 2626
2624 2908
2625 2626
2625 2627
2626 2988
2627 2629
2627 2975
2628 2629
2629 2630
2629 2864
2630 2631
2631 2632
2632 2634
2632 2737
2633 2634
2633 2635
2634 2636
2636 2637
2636 2638
2638 2639
2638 2640
2639 2640
2641 2642
2642 2643
2644 2646
2645 2647
2645 2791
2646 2647
2646 2648
2647 2681
2648 2649
2648 2650
2649 2650
2649 2651
2650 2651
2650 2652
2651 2652
2652 2653
2653 2702
2654 2655
2654 2656
2655 2657
2655 2951
2657 2658
2658 2659
2659 2661
2660 2662
2661 2662
2661 2663
2662 2663
2662 2664
2663 2664
2663 2665
2663 2943
2665 2952
2665 2698
2666 2667
2667 2669
2668 2669
2668 2825
2669 2670
2671 2672
2671 2673
2672 2673
2674 2675
2674 2761
2675 2676
2675 2719
2675 2973
2676 2677
2676 2678
2677 2678
2679 2681
2680 2682
2682 2683
2682 2684
2683 2684
2683 2685
2684 2686
2684 2883
2685 2687
2686 2687
2686 2836
2689 2690
2690 2691
2690 2692
2690 2763
2691 2837
2692 2693
2693 2695
2695 2696
2696 2697
2697 2699
2698 2699
2699 2701
2700 2702
2701 2702
2701 2703
2701 2776
2702 2766
2703 2704
2703 2705
2704 2705
2705 2707
2706 2707
2706 2708
2708 2709
2708 2710
2709 2710
2709 2711
2710 2712
2711 2713
2712 2713
2712 2714
2713 2714
2714 2716
2716 2717
2716 2718
2718 2719
2719 2720
2720 2722
2723 2724
2723 2725
2724 2725
2724 2904
2725 2727
2726 2727
2727 2728
2727 2729
2728 2729
2730 2731
2730 2732
2731 2732
2731 2733
2732 2758
2733 2735
2734 2735
2735 2737
2736 2737
2736 2738
2737 2739
2738 2740
2739 2740
2739 2741
2740 2741
2740 2742
2741 2743
2742 2744
2743 2744
2743 2831
2744 2746
2745 2747
2746 2747
2747 2748
2747 2749
2749 2750
2750 2751
2751 2752
2751 2753
2751 2967
2752 2753
2752 2754
2753 2764
2754 2755
2754 2756
2754 2803
2755 2756
2756 2757
2757 2759
2758 2759
2758 2760
2759 2761
2760 2761
2760 2762
2761 2762
2762 2763
2763 2764
2764 2766
2765 2766
2765 2767
2766 2767
2767 2768
2768 2992
2769 2770
2770 2772
2770 2968
2771 2772
2774 2775
2776 2777
2777 2779
2778 2780
2778 2798
2779 2781
2780 2781
2780 2782
2782 2831
2783 2784
2783 2785
2785 2786
2785 2787
2788 2789
2789 2790
2789 2791
2790 2792
2793 2795
2794 2796
2795 2796
2795 2797
2796 2798
2798 2799
2799 2800
2799 2801
2800 2802
2802 2803
2803 2804
2804 2805
2804 2806
2806 2807
2806 2808
2806 2856
2807 2808
2807 2809
2808 2809
2811 2813
2811 2836
2812 2813
2812 2814
2813 2814
2813 2815
2814 2816
2815 2817
2816 2817
2817 2818
2817 2819
2818 2819
2820 2821
2820 2822
2821 2822
2822 2823
2822 2824
2823 2824
2823 2825
2824 2825
2825 2827
2826 2827
2826 2828
2827 2829
2828 2830
2829 2831
2831 2832
2832 2938
2833 2834
2833 2835
2834 2836
2835 2836
2837 2838
2840 2842
2842 2844
2844 2846
2846 2847
2846 2848
2847 2848
2847 2849
2848 2849
2848 2970
2849 2850
2849 2851
2849 2921
2850 2852
2851 2853
2853 2855
2854 2855
2854 2856
2855 2856
2855 2857
2856 2858
2857 2859
2859 2861
2860 2862
2861 2862
2862 2863
2863 2865
2864 2865
2865 2867
2868 2869
2868 2948
2869 2870
2869 2871
2871 2873
2872 2873
2872 2889
2873 2874
2873 2875
2876 2877
2877 2879
2878 2879
2878 2880
2879 2881
2880 2881
2880 2882
2881 2882
2881 2883
2882 2883
2882 2892
2886 2887
2886 2888
2887 2975
2888 2953
2889 2910
2890 2892
2891 2892
2894 2896
2895 2896
2895 2897
2896 2897
2897 2898
2897 2899
2898 2900
2899 2901
2900 2902
2901 2902
2902 2903
2903 2905
2904 2906
2905 2906
2905 2994
2905 2995
2906 2907
2907 2908
2909 2910
2909 2911
2910 2912
2912 2913
2913 2914
2913 2915
2914 2915
2914 2916
2915 2916
2915 2981
2916 2918
2917 2918
2920 2922
2922 2923
2922 2952
2923 2924
2923 2925
2924 2925
2924 2926
2925 2926
2928 2930
2929 2930
2929 2931
2931 2932
2931 2933
2932 2934
2933 2934
2935 2936
2935 2937
2936 2937
2937 2938
2937 2939
2937 2946
2938 2940
2939 2941
2939 2995
2940 2942
2941 2942
2944 2946
2945 2947
2946 2947
2947 2948
2948 2950
2949 2950
2951 2952
2952 2953
2953 2954
2953 2955
2954 2955
2954 2956
2956 2957
2956 2958
2957 2958
2958 2959
2958 2960
2959 2960
2959 2961
2960 2961
2960 2962
2961 2962
2962 2964
2964 2965
2965 2966
2965 2967
2966 2967
2967 2969
2968 2970
2969 2971
2971 2972
2973 2974
2974 2975
2974 2976
2976 2977
2977 2978
2977 2979
2978 2979
2978 2980
2978 2988
2979 2981
2981 2982
2984 2985
2984 2986
2985 2986
2986 2987
2987 2988
2987 2989
2989 2991
2990 2992
2992 2994
2993 2995
2996 2997
2996 2998
2997 2998
2998 2999
