2000 4000
0 1348
0 485
0 1330
0 1017
0 270
1 2
1 1999
1 986
1 1503
2 3
2 4
3 5
3 748
3 1351
4 5
4 6
5 6
5 955
6 7
6 8
7 8
7 1578
8 9
8 242
8 1894
9 10
9 1285
10 11
10 12
10 853
10 1558
11 12
11 13
12 1887
12 1312
13 1887
13 449
13 551
14 15
14 484
14 605
14 632
15 16
15 17
15 1113
16 18
16 1389
16 1475
17 19
17 1651
17 1633
18 427
18 1277
19 20
19 167
19 1123
20 21
20 22
20 219
21 22
21 47
21 1562
21 695
22 24
22 1777
22 1685
22 1713
23 24
23 25
23 239
24 25
24 1179
24 1960
24 1823
25 26
25 27
26 1568
26 1574
27 29
27 815
27 93
28 30
28 1438
28 536
28 1123
28 1262
28 745
28 1968
29 31
29 849
29 1384
29 1768
30 31
30 32
30 1080
31 786
31 1909
31 1233
32 33
32 659
32 500
32 1555
33 1892
33 1461
34 384
34 1502
35 36
35 37
36 1942
36 458
36 661
37 38
37 960
38 39
38 40
38 506
39 781
39 1097
39 1638
39 595
39 127
40 41
40 42
41 42
41 975
41 1615
42 1517
42 523
42 1334
42 1346
42 1994
43 306
43 862
43 65
43 1552
44 45
44 46
45 46
45 47
45 593
45 1180
46 48
46 664
46 462
46 1185
46 1243
46 1715
47 49
48 49
48 1446
48 1128
48 1974
49 50
49 51
49 1440
49 605
50 566
50 1092
51 52
51 1002
52 54
52 1437
52 712
53 54
53 904
53 977
53 1735
54 1265
54 288
54 580
55 57
55 1398
55 1403
55 965
56 57
56 234
57 59
57 766
57 803
57 696
58 1062
58 1651
59 61
59 303
60 62
60 1022
60 1141
61 1318
61 1323
62 1099
62 468
62 97
63 1918
63 972
63 90
64 65
64 571
64 749
64 1979
65 1174
65 249
65 1504
66 67
66 110
66 1653
66 1473
67 69
67 466
68 70
68 111
69 70
69 1407
70 72
70 434
71 73
71 1581
71 939
72 1059
72 806
72 204
72 1519
73 74
73 75
73 444
73 1861
74 1690
74 668
75 77
75 378
75 1942
75 1313
75 1785
76 77
76 78
77 78
77 403
77 723
78 79
78 372
79 997
79 827
80 1898
80 1258
80 767
81 82
81 83
81 1521
81 256
82 83
82 84
83 84
83 543
84 85
84 350
84 315
85 86
85 87
86 88
86 1325
87 89
87 143
88 90
88 1263
89 900
89 1038
90 91
90 1020
90 1147
90 1864
91 1657
91 1549
91 562
92 766
92 1088
92 620
92 916
93 513
94 219
94 761
94 827
95 96
95 97
95 513
95 1358
95 235
96 97
96 1953
96 981
97 169
98 99
98 100
98 1361
99 100
99 101
99 1393
99 937
100 102
100 1455
100 1990
101 141
101 1327
101 740
102 103
102 104
103 105
103 1140
103 1158
104 142
104 1488
104 980
104 752
105 106
105 107
106 107
106 1408
106 871
107 1445
107 504
107 1601
108 109
108 726
108 1562
108 644
109 110
109 111
109 973
109 1310
110 112
110 1795
110 905
110 1368
111 112
111 1402
111 987
112 1906
112 293
113 115
113 269
113 1862
114 115
114 1083
115 116
115 714
115 1512
116 1493
116 1757
116 459
116 1217
117 118
117 296
118 120
118 1032
118 521
119 1138
119 401
119 1239
119 1526
119 319
119 672
120 122
120 595
120 1890
121 123
121 1084
121 1007
122 1593
122 1023
123 124
123 125
123 685
123 1542
123 168
124 125
124 126
125 127
125 295
125 1236
125 1862
126 128
126 1640
126 547
126 376
127 128
127 1003
127 914
128 130
128 1541
129 130
129 1183
130 931
130 531
130 1756
131 132
131 133
132 133
132 173
133 135
133 1290
133 352
134 135
134 1397
134 1964
135 291
135 334
135 1668
135 1865
135 1394
136 137
136 246
136 1764
136 399
136 894
137 138
137 139
138 140
138 1602
139 801
139 438
140 834
140 584
140 320
141 142
141 143
141 1242
142 1443
142 1659
142 1770
142 1785
143 144
143 145
143 456
144 145
144 146
144 1463
144 1137
144 1358
145 1312
145 1964
145 614
145 1838
146 148
146 509
146 1979
146 161
146 1590
147 148
147 149
147 1171
148 149
148 438
148 628
149 1074
149 980
150 151
150 152
151 152
151 153
151 665
152 153
152 1217
152 1761
153 155
153 1194
153 812
153 1290
154 155
154 1867
154 267
155 156
155 212
156 157
156 158
157 158
157 159
158 160
158 1530
159 161
159 203
160 161
160 519
160 948
161 162
161 412
162 164
162 1699
163 165
163 1268
164 421
164 507
164 851
165 166
165 167
166 167
166 410
166 1793
166 1554
166 559
166 744
166 1165
167 168
167 169
168 798
169 171
169 466
170 172
170 1035
170 1294
171 173
171 1798
172 173
172 1401
172 1229
173 1913
173 772
174 176
174 1383
175 177
175 1777
176 177
176 178
176 804
177 178
177 358
177 1819
178 179
178 300
178 1421
178 1765
179 181
179 1359
179 248
179 1102
180 1172
180 1309
181 587
181 707
181 1204
181 529
181 1337
182 183
182 642
182 649
182 1050
182 1745
182 1757
183 185
183 1348
184 185
184 186
184 909
184 1349
185 186
185 1874
185 1868
186 188
186 1759
187 1811
187 423
188 1125
188 1005
189 190
189 191
189 1084
190 1832
190 951
190 1627
191 192
191 1299
192 1075
192 382
192 1461
192 1569
193 195
193 487
194 195
194 869
194 1139
195 197
195 289
195 823
195 1159
196 198
196 1925
196 1587
197 198
197 1465
197 758
198 200
198 1283
199 200
199 534
200 330
200 899
201 1616
201 647
202 203
202 953
202 1112
202 1470
203 763
203 381
203 1497
204 1835
205 206
205 1398
206 208
206 1745
207 1411
207 906
207 753
208 210
208 447
208 506
208 1356
208 1446
209 210
209 211
209 1251
209 1872
210 212
210 1001
211 212
211 1119
211 256
212 213
212 214
212 1222
213 1840
213 1192
214 215
214 225
214 1039
214 841
214 820
215 216
215 1590
216 1193
216 1933
216 1285
216 1565
217 218
217 1524
218 1932
218 1800
218 229
219 220
220 464
220 1000
220 757
221 223
221 277
221 328
222 223
222 825
223 224
223 225
223 942
223 1279
224 364
224 805
224 929
224 1725
225 286
225 1145
225 1619
226 227
226 228
226 890
227 228
227 629
228 229
228 1220
228 1505
229 230
229 1256
229 1408
229 1830
230 231
230 1539
230 444
231 232
231 1953
231 364
232 234
232 699
233 235
233 333
234 236
234 1873
234 1184
235 236
236 238
236 413
237 239
237 1244
237 1127
238 882
238 593
238 1673
238 1481
239 240
240 1177
240 1166
240 1489
240 1508
240 1751
241 242
241 243
242 1918
242 1579
243 244
243 770
244 1677
244 899
244 1510
245 246
245 247
245 692
246 248
246 973
247 248
247 249
247 511
248 250
248 1708
248 1913
248 1778
249 251
249 1820
250 251
250 252
251 1438
251 1894
252 253
252 254
252 522
252 686
252 1300
253 846
253 1053
253 1292
253 647
254 255
254 256
255 257
255 917
255 517
255 955
255 1271
255 1363
256 1810
256 864
257 258
257 259
257 301
257 1020
258 1336
258 1792
258 485
259 260
259 261
260 262
260 686
261 262
261 263
262 1937
262 1935
263 264
263 265
263 769
264 266
264 1287
265 266
265 1860
266 1370
266 1074
266 1646
266 919
267 1218
267 314
268 269
268 726
268 776
268 1102
268 1766
269 271
269 1117
269 1788
270 271
270 772
271 273
271 1120
272 1778
272 776
272 1133
273 274
273 275
273 1729
274 275
274 276
274 1383
275 1133
275 611
276 278
276 1508
276 1345
276 1600
277 278
277 279
278 279
278 280
278 1739
278 1708
279 280
279 281
279 582
280 1958
280 1085
280 558
281 282
281 442
281 748
282 283
282 284
283 284
283 285
283 1142
284 285
284 286
284 1710
284 1068
285 286
285 695
286 341
286 507
287 289
287 678
287 371
287 1355
288 290
288 403
288 405
289 531
289 405
289 1672
289 1864
289 1611
290 944
290 304
291 1595
291 374
291 1795
291 933
291 1275
292 293
292 294
293 295
293 1845
293 438
294 295
294 296
295 617
295 1071
296 297
296 298
296 1824
297 973
297 1070
297 760
297 1117
298 299
298 1412
298 353
298 538
298 1439
299 301
299 1664
299 1122
300 302
300 419
301 1991
302 303
302 304
302 362
302 1697
303 304
303 305
303 975
304 1236
304 1291
304 678
305 1902
305 804
306 308
306 941
307 308
307 309
307 790
308 309
308 1878
308 1979
309 311
309 429
309 330
310 312
310 900
310 1197
311 312
311 313
312 313
312 314
313 315
313 799
313 1960
314 395
315 316
315 484
315 338
315 1256
316 317
316 318
316 984
316 1151
317 318
317 1078
317 1148
318 319
318 320
318 1787
319 320
319 1493
320 837
320 1586
320 1965
320 478
321 322
321 323
321 1816
322 1321
322 1045
323 324
323 925
324 326
324 753
324 1200
325 326
325 327
325 1498
325 1523
326 328
326 537
327 328
327 329
327 981
328 329
329 331
329 386
330 332
330 870
331 1828
331 1938
331 1738
331 906
331 1818
332 333
332 1611
332 337
333 335
333 1808
333 1164
334 336
335 336
335 1885
335 433
336 337
336 338
337 451
337 1468
338 339
339 341
339 1105
339 868
340 341
340 979
340 1615
340 1649
341 1249
341 997
342 985
342 886
343 345
343 589
343 891
344 724
344 1096
344 566
345 1782
345 927
345 929
345 1985
345 1175
345 393
346 348
346 1800
347 349
347 1731
348 350
348 854
348 928
348 1208
349 351
349 1426
349 1472
349 1140
350 607
350 1469
351 353
351 966
352 354
353 632
353 810
353 961
354 356
354 1688
354 1909
355 357
355 1447
356 357
356 1914
356 942
357 643
357 1503
357 1974
357 615
358 360
359 361
359 427
359 1486
359 1930
360 361
360 362
360 1448
361 648
361 1341
362 364
362 626
362 1608
363 365
363 794
363 1911
363 729
364 365
365 367
365 948
366 367
366 368
366 745
366 1937
367 369
367 738
367 1281
368 370
368 466
368 1863
368 1879
369 370
369 371
369 797
370 371
370 372
370 928
371 372
371 1451
372 373
372 1217
373 1083
373 490
373 1555
373 1825
374 376
374 1816
374 1435
375 377
375 1584
376 918
376 1637
376 1606
377 378
377 765
377 508
377 976
378 380
378 1653
378 550
379 380
379 381
380 1218
380 1168
380 1267
380 1099
380 1081
381 383
382 1879
382 1945
383 384
383 1663
383 756
384 385
384 1518
384 1880
385 386
385 984
386 387
386 727
387 388
387 1653
387 637
388 390
388 975
389 825
389 1215
390 392
390 1403
391 392
391 393
391 1540
392 393
392 394
392 845
393 470
394 395
394 588
395 397
395 587
396 398
396 1216
397 398
397 483
397 403
398 399
398 756
398 563
398 1110
398 1926
398 1946
399 1422
399 1975
399 1124
400 402
400 1789
400 1264
401 968
402 403
402 404
402 985
403 946
404 406
404 724
404 1897
405 1748
406 407
406 408
406 936
407 409
407 810
408 409
408 1597
408 508
409 410
409 411
409 1553
409 1309
410 412
410 1216
411 412
411 453
412 414
412 492
413 414
413 415
414 415
414 416
414 1414
415 416
415 417
415 1330
415 1341
415 1402
415 1987
416 418
416 672
416 1634
416 1854
417 419
417 766
417 1570
417 1716
418 419
418 420
418 1027
418 1289
419 738
420 422
420 1298
421 525
421 1327
421 568
421 1777
422 424
422 1575
422 1249
422 764
423 424
423 480
424 425
424 426
424 1857
424 1286
425 426
425 1431
425 641
426 427
426 1385
426 1137
426 931
427 429
427 440
427 1722
427 1190
428 429
428 801
428 1166
429 431
429 923
429 1444
430 431
430 1301
430 901
431 432
431 433
432 433
432 434
433 434
433 1198
434 435
434 436
435 1706
435 1966
436 437
436 438
437 1184
437 682
438 1178
439 1080
439 905
440 441
440 960
440 1194
440 1228
441 442
441 443
442 1786
442 863
443 444
443 1824
444 677
445 447
445 757
445 839
446 447
446 448
447 1565
447 1463
447 669
448 1134
448 1202
448 1670
448 1912
449 450
449 690
450 452
450 1618
451 453
451 1979
452 454
452 619
452 1786
453 1765
453 949
453 1695
454 455
454 456
455 456
455 457
455 1161
455 1808
456 1501
456 850
457 458
457 1725
458 459
458 460
459 460
459 461
459 1324
460 461
460 462
460 690
461 463
461 1036
462 1409
462 1160
463 464
463 465
463 724
464 465
464 802
465 466
465 1917
466 467
466 1323
467 1737
467 1537
467 804
467 532
468 470
468 1228
468 1572
469 470
469 471
469 1975
470 471
470 472
471 472
471 1800
472 473
472 474
473 474
473 475
473 514
474 476
474 1448
475 476
475 477
475 1024
476 478
476 1890
477 478
477 1517
478 479
479 480
479 481
479 1608
480 481
480 482
480 607
481 482
481 1203
482 484
482 1887
483 1281
484 569
484 1741
485 487
485 1851
485 1351
485 1883
486 487
486 488
486 1278
486 1397
487 488
487 489
488 489
488 1647
489 1944
489 572
490 492
490 1235
490 1821
490 1857
491 493
491 1276
492 493
493 494
493 495
493 570
493 1640
494 495
494 496
494 1938
495 496
495 497
496 497
496 1230
497 498
497 499
497 1203
498 500
498 1821
499 500
499 1762
500 501
500 502
501 503
501 1967
502 504
502 1564
503 504
503 505
504 967
505 506
505 507
505 1343
505 1592
507 1948
507 1469
508 510
508 1905
508 856
509 511
509 1242
509 1934
510 511
510 512
510 1650
511 1015
512 513
512 514
512 603
513 515
513 935
513 1625
514 515
515 516
515 760
516 517
516 518
517 1754
518 519
518 520
519 520
519 1158
519 1569
519 1845
520 521
520 1680
520 651
521 523
522 1274
522 649
522 1407
523 525
523 806
523 907
523 740
524 979
524 1381
524 653
525 526
525 527
525 1653
526 528
526 1806
527 528
527 529
528 793
528 540
529 530
529 1329
530 532
530 1909
530 594
530 951
531 1551
531 1653
532 533
533 534
533 581
533 1848
533 979
534 535
534 684
534 1274
535 536
535 537
535 1054
536 538
537 1347
537 1671
537 1437
538 1038
539 540
539 1767
540 541
540 542
540 1719
540 922
541 542
541 543
541 1240
541 867
542 543
542 544
543 545
543 1718
543 1996
544 546
544 1300
544 691
544 1552
544 635
545 546
545 547
545 1265
545 1967
546 548
546 1017
547 549
548 549
548 1453
549 550
549 551
550 552
550 1935
551 552
551 1104
551 1712
551 1843
552 553
552 1683
552 1739
552 1480
553 1713
553 624
554 555
554 556
555 557
555 620
556 557
556 558
557 558
557 814
557 910
557 917
558 734
558 571
559 560
559 1381
560 562
560 1832
561 563
561 1625
561 1105
561 1310
562 563
562 940
562 1185
563 564
563 1686
564 565
564 1720
564 1152
564 1718
565 566
565 1922
566 567
567 568
567 1286
567 1585
568 569
569 1060
569 983
570 731
570 714
571 1193
572 573
572 574
573 575
573 1844
574 705
574 1360
575 576
575 577
575 1998
576 577
576 578
577 578
577 579
577 1909
578 579
578 1702
579 581
579 1850
579 1034
580 581
580 782
580 1547
580 1786
581 1922
581 642
582 583
583 584
583 585
584 1821
584 1572
585 587
585 666
586 588
586 1017
587 588
587 1309
588 589
588 590
588 1467
589 590
589 591
590 591
590 592
591 592
591 593
592 1660
592 1670
592 1841
594 996
595 597
595 1157
596 1289
596 1303
596 1022
597 599
597 1180
597 1054
598 599
598 1464
598 1979
598 1474
599 600
599 1507
600 601
600 1872
600 972
601 602
601 603
601 915
601 1269
601 1473
601 1835
602 604
602 1592
603 1501
603 1036
604 606
604 1530
605 606
606 607
606 1960
607 609
607 1502
608 1431
608 1327
609 1746
609 989
610 611
610 612
611 612
611 613
612 614
612 669
613 614
613 615
614 616
614 1960
615 1616
615 1397
616 617
616 1857
616 899
616 1514
617 618
617 944
618 620
618 1247
618 963
618 1719
619 620
619 901
620 621
621 622
621 623
621 1752
622 623
622 624
623 624
623 625
623 1025
623 1315
624 626
624 653
624 882
625 626
625 627
626 1399
626 1610
627 628
627 629
627 802
627 1064
628 1022
628 1148
629 630
629 1414
629 1933
630 631
630 1215
630 666
631 632
631 633
631 1910
631 1958
632 633
633 634
633 635
634 635
634 1992
635 636
635 873
636 637
636 638
636 811
637 639
637 1856
638 639
638 640
639 640
639 641
639 657
640 642
640 1701
640 1072
641 642
643 645
643 950
643 678
644 645
645 646
645 647
646 647
646 648
646 1712
647 648
647 649
648 649
648 650
648 1703
649 1413
650 651
650 652
650 1161
651 653
651 1685
651 1727
652 653
652 654
653 654
653 1140
654 655
654 1577
654 1731
654 1583
655 656
655 1691
656 657
656 658
657 1422
658 659
658 660
658 1279
658 1241
659 1829
659 1710
660 661
660 1596
661 662
662 663
662 664
662 1014
663 664
663 665
664 1922
664 988
664 1225
665 667
665 1110
666 667
666 668
667 668
667 763
668 669
668 743
668 1646
669 670
670 747
670 1257
670 1090
671 672
671 673
672 673
673 675
673 1425
674 676
674 1787
675 677
675 1320
676 678
676 1848
677 678
678 680
679 680
679 864
679 1700
680 681
680 682
681 682
681 851
681 856
682 1501
682 1490
683 684
683 685
684 1357
684 695
684 1765
685 687
686 1270
686 1137
687 689
687 1700
687 1686
688 690
688 1326
689 800
689 918
690 692
690 1258
691 693
691 706
692 1189
692 1388
693 694
693 695
694 695
694 696
694 1950
694 1408
695 697
696 808
696 1508
696 1702
697 698
697 699
698 1552
698 929
699 1743
699 1709
700 701
700 702
701 703
701 864
701 817
701 885
701 1112
702 703
702 704
702 1532
703 704
703 705
704 706
704 1028
705 706
705 1546
706 707
706 1988
707 1990
708 710
708 720
709 1192
709 757
710 712
710 1285
710 1183
710 1199
710 1618
711 712
711 1342
711 1815
712 714
712 1129
713 714
713 715
713 1463
714 715
715 755
715 1524
715 1837
716 718
716 1805
716 1619
717 718
717 1613
718 719
718 1238
718 1461
719 720
719 721
720 721
720 1896
720 1760
721 722
721 738
721 742
722 723
722 724
723 724
723 1181
724 725
725 726
725 1689
725 1206
725 1904
726 1851
727 728
727 1050
728 729
728 955
729 773
729 1218
729 1133
730 738
730 1679
731 732
731 733
731 1875
732 733
732 1715
733 734
733 735
733 1232
733 1043
734 735
734 1323
735 736
735 737
735 1398
736 737
736 738
736 1074
737 739
737 1787
737 1744
738 739
738 1195
738 1931
739 741
739 1145
740 1945
740 1023
741 742
741 743
742 743
742 1485
743 744
743 745
743 772
744 745
746 747
746 748
746 1905
747 748
747 1711
747 1449
748 773
748 1735
749 1232
750 1344
750 1721
751 752
751 753
752 753
752 1167
753 754
754 755
754 756
755 756
755 1192
755 1866
755 1255
756 757
756 758
756 826
757 1641
758 985
758 1683
759 760
759 761
759 1322
759 1853
760 762
760 1993
761 762
761 763
761 873
762 763
762 764
763 765
763 1538
763 780
763 1808
764 1400
764 1090
765 767
765 1995
765 790
766 841
766 1563
766 1553
767 1277
768 769
768 904
768 1422
769 1518
770 772
770 784
770 1002
771 772
771 773
771 852
772 1852
772 1726
773 774
773 1520
774 776
774 1158
775 776
775 777
775 1898
776 1591
777 778
777 779
777 1144
777 1605
778 779
778 1972
779 780
779 781
780 787
781 782
781 783
782 895
783 785
783 1727
783 1540
784 785
784 1094
784 788
785 786
785 787
786 787
786 788
786 1369
786 1450
787 789
787 1840
788 789
788 790
789 790
789 1203
791 793
791 1790
792 793
792 794
792 1165
792 813
793 794
793 795
794 796
794 1508
794 1635
795 796
795 1893
795 980
795 1377
796 798
796 1268
796 869
797 1521
798 799
798 927
799 800
799 801
800 801
800 802
801 802
801 803
802 804
803 1824
804 1596
804 1298
804 1492
805 807
806 808
806 955
807 808
807 809
807 1881
808 810
808 1772
809 810
809 811
810 812
810 1114
811 1426
812 814
812 971
813 814
814 816
814 1635
814 1009
815 817
815 1938
815 1987
816 817
816 1254
816 1082
817 1499
818 820
818 1728
819 820
819 821
820 1768
820 1024
821 822
821 823
822 824
822 1027
823 825
823 943
824 825
824 826
825 826
825 888
826 827
827 828
827 1877
828 829
828 830
828 1364
829 830
829 831
830 831
830 832
831 832
831 833
831 940
831 999
831 1092
832 833
832 834
832 1617
832 1775
833 834
833 835
833 854
833 997
834 836
834 1912
835 836
835 1941
836 1935
836 1410
837 839
837 936
837 1762
838 840
838 1223
839 841
839 1876
840 841
840 1895
840 1448
841 842
841 843
841 1475
842 843
842 844
843 844
843 845
844 846
844 1994
845 1159
846 848
846 1884
846 1026
847 849
847 1821
847 1007
848 849
848 850
848 1846
849 851
849 1029
849 1411
850 851
851 853
851 978
852 853
852 1468
852 1732
853 1609
854 1077
855 857
855 1073
855 1613
856 1429
857 858
857 859
858 859
858 860
859 861
859 1310
860 862
860 1367
861 862
861 863
862 863
862 1378
862 1649
863 864
864 865
865 866
865 867
866 1061
866 1416
866 1453
867 868
868 872
870 1925
871 872
871 1079
872 873
872 1675
874 876
874 1015
875 877
875 1570
876 877
876 1152
876 1659
877 878
877 1577
878 880
878 937
879 881
879 1407
879 1730
880 882
880 1233
880 1147
880 1925
881 882
881 1091
882 921
883 884
883 1557
883 1932
883 887
884 885
884 959
884 1419
884 1099
885 887
886 888
886 959
886 1231
886 1348
887 889
887 1804
887 1530
888 890
888 1945
889 890
889 891
890 1866
890 1104
891 892
892 894
892 1469
893 894
893 895
894 895
895 897
895 1242
896 897
896 1486
896 1991
896 1542
897 898
897 899
898 899
898 900
899 1784
900 902
900 957
901 1660
901 1901
901 1268
901 1873
902 904
902 1184
903 904
903 1473
904 905
904 1297
904 1526
905 977
905 1297
906 907
906 1529
906 1181
907 909
908 909
908 1088
909 911
909 1163
910 911
910 1671
911 1058
911 1748
912 913
912 1627
912 1374
912 1564
912 1599
913 914
913 915
914 915
914 1407
915 1494
916 1179
917 1994
918 1597
918 1771
918 1709
919 920
919 1516
920 921
920 922
921 922
921 932
922 1665
923 924
923 925
923 1421
923 1950
924 925
924 926
924 1543
925 926
925 927
926 927
926 928
927 929
927 1211
929 931
930 1620
930 945
930 1235
931 932
932 933
932 934
932 1525
933 934
933 1093
934 935
934 936
934 1591
935 937
936 1269
937 1896
937 1285
937 974
938 939
938 940
938 1546
939 1905
939 1720
941 942
941 943
942 1719
943 945
944 945
944 946
945 947
946 947
946 1072
946 1681
947 948
947 949
947 979
948 1410
949 1369
949 1506
950 951
950 952
951 1736
952 953
952 1802
953 955
953 1951
954 955
954 1118
954 1156
954 1725
954 1832
955 1108
956 1964
956 1455
957 958
957 1017
958 959
958 960
959 961
960 961
960 962
961 1960
962 963
962 964
962 1357
962 1922
963 1103
963 1415
964 965
964 966
965 1441
966 968
966 1048
967 968
967 969
968 969
968 973
969 970
969 971
969 1182
970 971
970 972
970 1869
971 973
971 1275
972 974
973 1941
974 975
975 988
976 1704
977 978
978 980
979 1134
980 1229
980 1424
980 1657
982 983
982 984
983 984
983 985
984 1587
984 1071
985 986
986 987
986 1822
987 988
987 989
988 990
988 1078
989 990
989 991
990 991
990 1577
991 993
991 1153
992 993
992 994
993 1391
993 1847
993 1742
994 995
994 996
995 996
995 997
996 998
996 1879
996 1106
997 1663
998 999
998 1935
998 1099
999 1001
999 1172
999 1086
1000 1001
1000 1002
1000 1005
1001 1002
1001 1003
1002 1004
1003 1005
1003 1117
1004 1005
1004 1604
1004 1830
1005 1006
1005 1952
1006 1007
1006 1008
1006 1405
1008 1009
1008 1010
1009 1010
1010 1012
1010 1186
1011 1012
1011 1013
1012 1013
1012 1014
1012 1198
1013 1014
1013 1802
1013 1289
1014 1016
1015 1016
1015 1017
1015 1455
1016 1017
1016 1018
1016 1386
1017 1019
1017 1476
1017 1303
1018 1019
1018 1974
1019 1021
1019 1370
1019 1848
1021 1023
1021 1373
1021 1895
1022 1024
1022 1830
1022 1613
1023 1025
1025 1266
1026 1404
1027 1191
1028 1029
1028 1030
1028 1387
1029 1030
1029 1716
1030 1031
1030 1032
1030 1994
1031 1650
1031 1949
1031 1554
1032 1033
1032 1034
1033 1035
1033 1419
1033 1132
1033 1460
1034 1035
1035 1036
1035 1037
1036 1038
1037 1039
1037 1395
1038 1040
1038 1132
1038 1459
1038 1594
1039 1041
1040 1042
1040 1043
1040 1788
1040 1207
1041 1042
1041 1043
1041 1141
1042 1043
1042 1044
1043 1398
1044 1046
1044 1659
1044 1756
1045 1046
1045 1914
1046 1047
1046 1129
1046 1586
1047 1049
1047 1734
1047 1866
1048 1049
1048 1050
1048 1116
1048 1341
1048 1620
1048 1834
1049 1050
1049 1051
1049 1295
1050 1051
1050 1371
1050 1214
1051 1052
1051 1053
1052 1053
1052 1054
1053 1055
1054 1550
1055 1056
1055 1057
1056 1534
1056 1171
1056 1762
1056 1144
1057 1058
1057 1059
1058 1060
1058 1126
1058 1420
1059 1060
1059 1061
1059 1958
1060 1727
1061 1062
1061 1776
1061 1243
1062 1063
1062 1851
1062 1749
1063 1064
1063 1065
1064 1605
1065 1066
1065 1688
1065 1718
1066 1068
1066 1444
1066 1122
1067 1068
1067 1069
1068 1069
1069 1070
1069 1071
1070 1815
1070 1323
1071 1072
1071 1779
1072 1235
1073 1669
1073 1366
1073 1421
1074 1084
1074 1921
1075 1077
1075 1863
1076 1078
1076 1472
1076 1158
1077 1078
1077 1079
1078 1080
1078 1330
1079 1080
1080 1082
1080 1340
1081 1843
1081 1853
1081 1755
1082 1083
1083 1084
1083 1709
1083 1574
1083 1996
1084 1387
1084 1698
1085 1086
1085 1087
1085 1466
1086 1280
1087 1089
1087 1231
1087 1271
1088 1089
1088 1090
1089 1091
1089 1711
1089 1912
1091 1092
1091 1093
1092 1093
1092 1471
1093 1243
1093 1188
1094 1096
1095 1096
1095 1097
1095 1194
1095 1579
1096 1759
1096 1172
1097 1353
1098 1099
1098 1100
1099 1261
1099 1734
1100 1101
1100 1102
1101 1102
1101 1103
1101 1125
1102 1505
1103 1104
1103 1347
1104 1106
1105 1117
1106 1107
1107 1109
1107 1357
1108 1110
1109 1111
1109 1390
1111 1112
1111 1113
1113 1114
1113 1924
1114 1116
1115 1116
1115 1117
1116 1118
1116 1513
1116 1728
1117 1135
1118 1120
1119 1472
1120 1121
1120 1122
1121 1122
1121 1123
1121 1366
1121 1723
1122 1134
1122 1695
1124 1125
1125 1126
1126 1127
1126 1217
1127 1128
1127 1772
1128 1129
1128 1130
1129 1609
1130 1132
1130 1853
1131 1132
1131 1133
1132 1134
1133 1903
1134 1644
1135 1136
1135 1828
1136 1138
1136 1721
1138 1139
1138 1140
1139 1140
1139 1618
1140 1141
1141 1988
1142 1143
1143 1144
1143 1145
1143 1586
1143 1657
1144 1976
1144 1297
1145 1146
1145 1147
1145 1787
1146 1147
1146 1375
1146 1914
1147 1308
1147 1395
1149 1150
1149 1162
1150 1152
1150 1777
1150 1237
1151 1789
1152 1153
1153 1701
1153 1483
1154 1156
1154 1712
1154 1611
1155 1156
1155 1157
1155 1999
1156 1158
1156 1881
1157 1158
1157 1159
1158 1517
1159 1161
1160 1161
1160 1392
1162 1164
1162 1824
1163 1164
1164 1737
1166 1187
1167 1169
1167 1571
1167 1742
1168 1170
1168 1364
1169 1170
1169 1171
1169 1443
1170 1179
1170 1540
1172 1174
1172 1401
1172 1544
1172 1600
1173 1174
1173 1175
1174 1730
1174 1495
1175 1176
1175 1177
1175 1325
1175 1563
1176 1177
1176 1620
1177 1178
1177 1532
1178 1179
1178 1180
1179 1181
1180 1181
1181 1182
1182 1240
1182 1839
1183 1870
1183 1860
1183 1900
1184 1186
1186 1477
1186 1753
1187 1952
1187 1940
1187 1868
1188 1189
1189 1190
1189 1191
1190 1640
1191 1192
1191 1745
1192 1194
1192 1926
1193 1194
1195 1197
1195 1925
1196 1197
1196 1252
1197 1198
1199 1200
1200 1202
1201 1816
1201 1326
1201 1759
1202 1204
1202 1911
1203 1802
1203 1289
1204 1206
1204 1674
1204 1928
1205 1538
1205 1905
1206 1208
1206 1443
1206 1607
1207 1711
1207 1604
1208 1209
1209 1210
1209 1211
1210 1212
1210 1858
1211 1213
1212 1213
1212 1214
1213 1215
1213 1652
1214 1215
1215 1217
1215 1849
1216 1653
1217 1218
1217 1372
1218 1220
1218 1753
1219 1220
1219 1221
1220 1394
1220 1807
1221 1222
1221 1223
1222 1223
1222 1790
1223 1224
1223 1225
1224 1225
1224 1226
1225 1226
1226 1227
1226 1228
1227 1228
1227 1229
1228 1229
1229 1876
1230 1231
1230 1502
1231 1232
1231 1280
1232 1234
1233 1234
1234 1236
1234 1510
1235 1237
1236 1802
1237 1239
1238 1239
1238 1240
1239 1241
1240 1242
1240 1391
1241 1242
1242 1244
1243 1485
1244 1245
1244 1246
1245 1397
1245 1271
1246 1248
1246 1680
1247 1249
1247 1912
1247 1724
1248 1513
1248 1353
1248 1850
1249 1776
1249 1376
1250 1252
1250 1829
1250 1716
1251 1252
1252 1254
1252 1694
1252 1451
1252 1939
1253 1383
1253 1548
1253 1452
1254 1255
1254 1256
1255 1709
1257 1259
1257 1431
1257 1484
1258 1259
1259 1260
1259 1261
1260 1261
1260 1262
1261 1262
1261 1263
1261 1320
1262 1640
1262 1836
1263 1264
1263 1265
1264 1265
1265 1293
1266 1267
1266 1268
1267 1269
1268 1269
1269 1710
1270 1271
1270 1272
1271 1616
1271 1661
1271 1672
1272 1273
1272 1274
1273 1274
1273 1275
1276 1277
1276 1278
1277 1278
1277 1279
1278 1826
1278 1522
1280 1281
1281 1282
1282 1283
1282 1284
1282 1889
1283 1285
1283 1724
1284 1286
1284 1809
1285 1889
1286 1657
1287 1288
1287 1735
1288 1289
1288 1290
1288 1626
1290 1291
1291 1293
1292 1294
1293 1294
1293 1295
1294 1296
1294 1784
1295 1297
1296 1520
1296 1576
1296 1925
1297 1386
1298 1300
1299 1300
1299 1301
1300 1301
1301 1302
1301 1303
1302 1303
1302 1304
1304 1305
1304 1306
1305 1306
1305 1307
1306 1308
1306 1342
1306 1603
1307 1308
1307 1319
1308 1310
1309 1310
1311 1312
1311 1313
1312 1314
1312 1800
1313 1868
1314 1316
1314 1877
1314 1648
1315 1317
1316 1317
1316 1318
1317 1318
1317 1319
1317 1893
1318 1320
1318 1648
1319 1320
1319 1321
1320 1321
1320 1882
1321 1322
1321 1323
1321 1452
1322 1324
1322 1520
1323 1324
1323 1325
1324 1326
1325 1327
1326 1328
1326 1590
1327 1329
1327 1360
1328 1329
1328 1627
1329 1330
1329 1331
1330 1814
1331 1332
1331 1333
1332 1746
1332 1615
1333 1334
1333 1335
1334 1336
1335 1337
1335 1921
1335 1721
1336 1337
1336 1338
1337 1338
1337 1986
1338 1339
1338 1461
1339 1340
1339 1341
1340 1342
1340 1371
1340 1946
1342 1670
1343 1345
1344 1346
1344 1589
1345 1407
1346 1348
1346 1826
1346 1524
1347 1348
1347 1349
1348 1349
1349 1351
1350 1352
1350 1571
1350 1545
1351 1792
1352 1354
1352 1679
1353 1355
1354 1356
1354 1957
1355 1356
1356 1884
1357 1359
1359 1360
1359 1361
1360 1763
1361 1362
1362 1363
1362 1546
1363 1408
1365 1367
1365 1966
1366 1367
1367 1369
1367 1678
1367 1667
1368 1369
1369 1371
1370 1371
1370 1372
1371 1373
1372 1373
1373 1374
1373 1375
1374 1375
1374 1376
1375 1522
1375 1542
1376 1496
1377 1410
1378 1379
1378 1809
1379 1380
1379 1381
1380 1381
1380 1382
1382 1861
1382 1968
1383 1384
1384 1386
1385 1387
1385 1581
1385 1809
1387 1707
1388 1389
1389 1390
1389 1577
1390 1391
1390 1392
1391 1392
1391 1893
1392 1394
1393 1395
1394 1396
1394 1969
1395 1396
1395 1397
1396 1591
1396 1876
1398 1399
1398 1491
1399 1401
1399 1677
1399 1549
1400 1401
1400 1402
1400 1705
1400 1706
1400 1798
1401 1402
1402 1496
1403 1405
1404 1405
1404 1406
1404 1638
1405 1406
1405 1566
1406 1407
1406 1408
1407 1737
1408 1781
1409 1410
1409 1411
1409 1597
1410 1411
1410 1412
1410 1413
1411 1412
1412 1413
1412 1414
1413 1414
1414 1883
1415 1417
1416 1732
1416 1747
1417 1884
1417 1582
1417 1584
1418 1420
1418 1723
1419 1421
1420 1645
1422 1423
1423 1424
1423 1425
1424 1426
1424 1483
1425 1426
1425 1427
1426 1427
1426 1885
1426 1578
1427 1428
1427 1570
1428 1619
1428 1730
1429 1430
1429 1431
1429 1460
1429 1747
1430 1431
1430 1432
1431 1432
1431 1433
1432 1433
1432 1434
1432 1559
1433 1434
1433 1435
1434 1435
1434 1915
1435 1436
1436 1437
1436 1438
1437 1438
1437 1805
1438 1439
1438 1943
1438 1601
1439 1440
1440 1442
1441 1442
1441 1443
1441 1929
1441 1842
1442 1443
1442 1444
1443 1568
1444 1446
1445 1447
1445 1790
1447 1449
1447 1805
1449 1450
1449 1926
1450 1451
1452 1453
1453 1454
1453 1455
1454 1455
1454 1634
1455 1457
1455 1967
1456 1457
1456 1998
1456 1844
1457 1458
1457 1459
1458 1459
1458 1556
1459 1461
1462 1463
1462 1464
1464 1466
1465 1467
1466 1467
1467 1468
1469 1611
1470 1471
1471 1472
1471 1595
1472 1474
1474 1475
1476 1477
1476 1478
1477 1478
1477 1479
1478 1480
1478 1572
1479 1480
1479 1481
1480 1481
1481 1482
1481 1483
1482 1483
1482 1484
1483 1484
1483 1538
1484 1486
1484 1620
1487 1488
1487 1489
1488 1490
1489 1490
1489 1491
1490 1492
1490 1756
1491 1492
1491 1722
1492 1494
1492 1789
1493 1495
1493 1589
1494 1496
1494 1573
1495 1497
1495 1623
1496 1876
1497 1498
1497 1499
1498 1500
1498 1789
1499 1500
1499 1501
1499 1955
1500 1501
1500 1502
1501 1502
1501 1503
1502 1503
1504 1506
1505 1507
1506 1507
1506 1508
1507 1508
1507 1509
1509 1511
1509 1805
1509 1779
1510 1827
1511 1512
1511 1513
1512 1813
1513 1515
1514 1515
1515 1516
1515 1517
1516 1517
1517 1518
1518 1519
1518 1649
1518 1741
1519 1520
1520 1521
1521 1523
1523 1524
1525 1527
1525 1798
1526 1527
1527 1529
1527 1844
1527 1934
1528 1529
1528 1530
1529 1531
1530 1531
1530 1951
1531 1532
1531 1533
1532 1533
1532 1903
1533 1534
1533 1535
1534 1535
1534 1536
1535 1536
1535 1537
1536 1537
1536 1538
1536 1858
1536 1924
1537 1539
1538 1539
1539 1540
1539 1757
1541 1542
1541 1672
1543 1545
1544 1545
1545 1547
1546 1547
1547 1549
1547 1784
1548 1550
1549 1550
1550 1552
1550 1959
1551 1553
1551 1838
1553 1555
1554 1555
1554 1556
1555 1556
1556 1557
1556 1558
1556 1758
1557 1933
1558 1559
1559 1670
1560 1562
1560 1596
1561 1562
1561 1563
1561 1997
1562 1564
1564 1565
1564 1735
1565 1566
1566 1567
1566 1674
1567 1568
1567 1948
1568 1570
1568 1855
1569 1959
1569 1679
1570 1572
1570 1919
1571 1573
1572 1657
1573 1574
1573 1575
1574 1575
1575 1576
1575 1577
1576 1578
1577 1579
1578 1579
1578 1580
1579 1656
1580 1581
1580 1582
1580 1850
1581 1695
1582 1584
1583 1584
1583 1966
1584 1586
1584 1716
1585 1586
1586 1846
1587 1588
1588 1589
1588 1590
1589 1590
1591 1603
1592 1593
1593 1594
1593 1601
1594 1595
1595 1596
1596 1597
1596 1598
1596 1678
1596 1826
1598 1599
1598 1600
1599 1851
1601 1602
1601 1603
1602 1603
1602 1604
1605 1987
1606 1607
1607 1608
1609 1610
1610 1611
1612 1613
1612 1614
1614 1615
1614 1933
1616 1618
1617 1887
1617 1993
1618 1619
1621 1622
1621 1623
1622 1623
1622 1624
1623 1625
1623 1871
1624 1625
1624 1626
1625 1801
1626 1628
1627 1629
1628 1629
1628 1630
1629 1631
1629 1992
1630 1631
1630 1632
1631 1632
1631 1633
1632 1633
1632 1634
1633 1634
1634 1635
1636 1637
1636 1638
1636 1906
1637 1639
1639 1640
1639 1641
1640 1931
1640 1972
1641 1642
1641 1748
1642 1643
1642 1644
1643 1645
1643 1794
1644 1645
1644 1650
1645 1647
1645 1957
1646 1891
1647 1648
1647 1649
1648 1732
1649 1771
1651 1652
1651 1653
1652 1653
1652 1654
1654 1655
1654 1656
1655 1656
1655 1657
1656 1658
1658 1659
1658 1660
1660 1661
1660 1724
1661 1663
1662 1663
1662 1664
1662 1841
1664 1665
1664 1666
1665 1666
1665 1737
1665 1921
1666 1667
1666 1668
1667 1669
1668 1670
1669 1833
1669 1873
1670 1671
1670 1672
1671 1672
1671 1673
1673 1675
1675 1676
1675 1774
1676 1677
1676 1680
1677 1678
1677 1679
1678 1680
1679 1928
1679 1691
1680 1682
1681 1682
1681 1748
1682 1683
1682 1684
1683 1685
1684 1685
1684 1686
1685 1687
1687 1689
1687 1748
1688 1767
1689 1691
1690 1691
1690 1692
1691 1692
1692 1693
1692 1694
1693 1694
1693 1695
1693 1820
1694 1695
1694 1696
1696 1697
1696 1698
1697 1699
1698 1739
1699 1700
1699 1701
1700 1728
1701 1703
1701 1715
1701 1904
1702 1704
1703 1704
1704 1705
1704 1706
1705 1706
1706 1707
1707 1709
1709 1710
1710 1712
1711 1923
1713 1714
1714 1715
1714 1716
1715 1717
1715 1916
1717 1718
1717 1719
1718 1719
1720 1881
1721 1723
1723 1724
1724 1726
1726 1727
1727 1728
1728 1730
1729 1840
1730 1731
1731 1733
1733 1734
1733 1735
1734 1736
1736 1737
1738 1739
1738 1740
1739 1741
1740 1741
1740 1742
1741 1742
1741 1743
1742 1954
1743 1744
1743 1745
1744 1746
1745 1963
1746 1747
1746 1748
1746 1806
1747 1749
1749 1750
1750 1751
1750 1752
1751 1752
1752 1753
1753 1754
1754 1755
1754 1756
1754 1845
1755 1756
1756 1757
1758 1759
1759 1760
1759 1761
1760 1761
1760 1762
1761 1762
1763 1764
1763 1765
1764 1766
1765 1766
1766 1880
1767 1768
1767 1769
1768 1934
1769 1771
1769 1988
1770 1772
1771 1772
1772 1773
1773 1774
1773 1775
1774 1775
1774 1957
1775 1894
1776 1778
1776 1869
1777 1778
1777 1897
1778 1779
1780 1781
1780 1782
1781 1783
1781 1977
1782 1783
1782 1784
1783 1784
1783 1785
1785 1786
1786 1957
1787 1984
1790 1792
1790 1993
1791 1792
1791 1793
1793 1795
1794 1795
1794 1796
1795 1797
1795 1876
1796 1797
1796 1798
1797 1798
1797 1935
1799 1800
1799 1801
1800 1802
1801 1802
1801 1861
1802 1804
1803 1804
1803 1805
1804 1806
1804 1988
1805 1807
1805 1812
1806 1808
1807 1808
1809 1811
1810 1811
1810 1817
1811 1812
1811 1813
1812 1814
1813 1814
1813 1815
1814 1816
1815 1817
1817 1818
1817 1819
1818 1819
1819 1820
1819 1821
1821 1823
1822 1823
1822 1824
1823 1824
1823 1825
1824 1826
1825 1877
1826 1827
1827 1828
1827 1829
1828 1867
1829 1831
1830 1831
1830 1832
1831 1832
1831 1833
1832 1833
1832 1834
1833 1834
1833 1835
1834 1835
1835 1836
1836 1837
1837 1838
1837 1839
1839 1840
1840 1841
1840 1842
1841 1899
1842 1901
1842 1928
1843 1844
1844 1845
1847 1848
1847 1849
1849 1850
1849 1984
1850 1852
1851 1853
1852 1854
1854 1855
1855 1856
1855 1857
1856 1857
1856 1858
1858 1859
1859 1860
1859 1861
1860 1861
1860 1862
1861 1862
1863 1865
1864 1865
1864 1922
1865 1867
1867 1868
1867 1869
1867 1989
1868 1869
1869 1871
1870 1872
1870 1992
1871 1872
1871 1873
1873 1874
1874 1876
1875 1877
1875 1995
1877 1879
1878 1879
1878 1880
1880 1881
1882 1884
1882 1886
1883 1884
1884 1885
1884 1886
1885 1887
1886 1887
1887 1888
1887 1889
1888 1889
1888 1890
1890 1891
1891 1892
1891 1893
1892 1893
1892 1910
1894 1895
1894 1896
1895 1896
1896 1898
1898 1899
1899 1900
1900 1901
1901 1903
1902 1903
1902 1904
1903 1905
1905 1907
1906 1908
1907 1908
1907 1909
1908 1909
1908 1910
1910 1929
1913 1915
1914 1916
1915 1916
1915 1997
1916 1918
1916 1991
1917 1918
1917 1919
1918 1920
1918 1999
1919 1921
1920 1921
1920 1922
1921 1922
1923 1924
1923 1925
1927 1928
1927 1929
1929 1931
1930 1931
1931 1932
1931 1933
1932 1934
1933 1934
1935 1936
1936 1937
1936 1938
1937 1939
1939 1940
1940 1941
1940 1942
1941 1943
1942 1944
1943 1945
1944 1946
1944 1974
1945 1946
1945 1947
1947 1948
1947 1949
1948 1950
1949 1951
1951 1953
1953 1954
1953 1955
1954 1956
1954 1959
1955 1956
1956 1957
1956 1958
1957 1958
1961 1962
1961 1963
1962 1964
1962 1989
1963 1964
1963 1965
1965 1967
1966 1967
1966 1968
1968 1969
1969 1970
1969 1971
1969 1985
1970 1971
1970 1972
1971 1972
1971 1973
1972 1973
1973 1974
1973 1975
1974 1975
1975 1977
1976 1977
1976 1978
1977 1979
1978 1979
1978 1980
1980 1981
1980 1982
1980 1997
1981 1982
1981 1983
1982 1983
1982 1984
1983 1984
1983 1996
1986 1988
1989 1991
1989 1998
1990 1991
1991 1993
1992 1993
