4000 8000
0 1
0 2
1 2
1 3
1 3999
2 3
2 4
2 969
3 4
3 79
3 1435
3 615
3 1499
4 2998
4 2602
5 6
5 7
5 1405
6 2801
6 610
6 2644
6 3463
7 428
7 23
7 2883
7 611
7 2728
8 9
8 10
8 981
9 11
9 3287
9 3921
10 11
10 12
10 1278
11 12
11 2814
11 1980
12 13
12 14
12 2357
13 15
13 717
14 15
14 16
14 2576
14 3225
15 16
15 2373
15 1037
15 2408
16 18
16 1371
16 1696
16 2214
16 3966
17 19
17 3579
17 1429
18 819
18 457
18 1256
18 3198
19 21
19 1997
19 2353
20 3624
20 1563
21 22
21 23
21 1924
21 2474
22 23
22 3870
23 25
23 1071
24 26
24 1393
25 2234
25 1137
25 3358
25 3430
26 28
26 943
27 28
27 29
27 2926
28 29
28 1259
28 1723
28 1317
29 30
29 31
29 363
29 3862
29 3904
30 32
30 1711
30 664
31 32
31 33
31 2116
32 33
32 3744
33 1582
33 522
33 2182
34 35
34 72
34 1603
35 36
35 2433
35 589
36 38
36 885
36 359
37 3560
37 1261
38 39
38 1867
39 1679
39 487
40 1123
40 1935
40 2310
40 3003
41 3864
41 3054
42 43
42 682
42 2697
42 3751
43 44
43 3839
44 3386
44 1548
44 3471
44 1976
45 1137
45 2826
46 47
46 48
47 48
47 49
47 2096
48 49
48 50
49 50
49 1926
49 1285
49 3635
50 52
50 2684
50 198
51 52
51 53
51 3212
52 54
52 247
52 210
53 54
53 55
54 55
54 56
54 1064
55 1160
55 3031
56 57
56 3205
57 58
57 2908
58 59
58 2373
59 61
59 3311
59 2029
60 61
60 62
60 1873
60 2432
61 62
61 63
62 63
62 64
62 3264
63 65
63 3140
63 3325
64 66
64 3925
64 401
65 67
65 3874
65 657
66 1055
66 2499
67 68
67 69
68 3153
68 3706
69 70
69 1710
69 1262
70 2372
70 2588
71 72
71 3710
72 74
72 868
73 75
73 3047
73 2153
73 2865
74 75
74 76
74 1123
75 76
75 3758
75 1020
76 77
76 1302
76 311
77 78
77 1158
77 3984
78 871
78 2418
78 2628
78 782
79 2120
80 2514
80 1126
80 3707
81 82
81 83
82 3008
82 581
83 1586
83 3762
84 85
84 417
85 86
85 87
85 695
85 1791
86 87
86 88
86 241
87 88
87 89
87 3470
88 89
88 455
89 90
89 2395
89 1709
90 91
90 92
91 92
91 1834
92 93
92 94
93 94
93 95
94 2243
94 3067
94 1505
95 96
95 1799
95 1385
96 97
96 98
96 1156
96 2896
97 959
97 3259
97 3954
98 766
98 2132
99 101
99 2194
99 3693
100 130
100 2196
100 1721
101 103
101 1423
102 2165
102 2894
102 3479
103 104
103 105
103 456
104 105
104 2500
104 2025
105 106
105 3717
106 107
106 108
107 1388
107 3042
108 109
108 3714
108 216
109 3155
109 2198
110 111
110 112
110 1595
111 112
111 2535
112 114
112 142
112 1188
112 2310
113 114
113 115
114 3829
114 1055
114 2938
114 2083
114 2939
115 116
115 2045
116 117
116 118
117 118
117 119
117 3119
118 120
118 3671
118 2531
118 3087
119 120
119 2203
120 3099
120 1220
120 2082
121 123
121 2817
122 123
122 124
122 2468
123 124
123 844
124 126
124 2906
125 126
125 127
126 127
126 1022
127 128
127 2080
127 437
127 1175
128 129
128 130
128 2122
128 1137
128 1865
129 2412
129 1199
130 132
130 2902
130 1529
130 2720
130 3104
131 1132
131 3763
131 1032
132 133
132 730
133 134
133 475
134 1369
134 1389
134 3231
135 136
135 3634
135 2250
135 1721
136 137
136 536
136 275
136 1906
137 2484
137 3899
138 139
138 140
138 3109
139 140
139 1157
139 258
139 2794
139 3509
140 141
140 393
140 800
141 458
141 2693
142 143
142 1605
142 1712
143 145
143 367
143 1065
143 1809
144 146
144 880
145 146
145 2314
145 2522
145 252
146 1660
146 2235
146 3848
146 180
146 393
146 2358
147 149
147 1884
148 150
148 757
149 151
149 3741
149 3070
150 152
150 280
151 153
151 1818
151 2366
151 2826
152 154
152 2077
152 2537
153 154
153 155
153 2860
154 155
154 156
155 157
155 3940
156 158
156 913
156 2999
157 158
157 270
158 1381
158 392
159 160
159 3983
160 162
160 3182
160 1781
160 3541
161 162
161 920
161 2037
162 163
162 2787
162 3417
163 3123
163 3319
163 2496
164 165
164 166
164 2493
164 3620
165 166
165 167
165 2959
165 2633
166 167
166 2586
166 593
167 1000
167 1859
168 2462
168 2016
169 170
169 171
170 171
170 1192
171 2989
171 665
171 1049
171 2569
172 173
172 2391
173 175
173 1296
173 341
173 2197
173 1521
174 175
174 176
175 1327
175 854
176 178
176 1905
176 3655
177 178
177 179
178 180
178 3117
179 1070
179 3486
179 3209
180 3355
181 2660
181 2753
182 184
182 2373
183 184
183 3085
183 3967
184 185
184 3181
184 574
184 1880
185 1404
185 1524
185 1271
186 187
186 188
186 3453
187 188
187 189
188 189
188 190
189 190
189 1551
190 191
190 2698
190 1724
190 2930
191 192
191 3965
192 194
192 944
193 483
193 2114
193 2637
193 2274
194 195
194 196
195 196
195 197
195 3677
196 2200
196 373
196 836
197 760
197 3331
197 770
198 199
199 200
199 2782
199 430
200 1036
200 3789
201 202
201 203
201 3379
202 204
202 1159
202 2703
202 1905
203 1829
203 565
204 1461
204 3101
204 1283
205 206
205 2565
205 905
206 207
206 679
207 208
207 209
207 2149
208 2603
208 1220
208 3431
209 665
209 2818
209 309
210 211
210 768
210 1457
210 1635
211 212
211 213
211 3523
211 1132
212 213
212 1436
212 240
213 215
213 2884
213 403
214 215
214 216
215 216
215 217
215 3664
216 3706
217 218
217 3497
217 3103
218 220
218 2598
218 1225
219 220
219 221
220 221
220 3271
221 2149
221 1540
222 224
222 1011
222 1702
223 224
223 3688
223 1956
224 225
224 226
225 226
225 227
226 227
226 228
226 2975
227 229
227 1859
227 238
228 3713
228 1139
228 571
228 2523
228 2833
228 3980
229 230
229 231
229 904
229 1531
230 231
230 232
230 569
230 924
230 2127
230 2712
230 3488
231 232
231 3666
231 630
232 234
232 3559
233 235
233 3350
233 2367
234 236
234 3128
235 236
235 3227
235 3757
236 237
236 1937
236 2464
237 238
237 239
237 1516
238 1703
238 3750
239 240
239 241
240 241
240 242
241 242
242 244
242 3092
242 3190
243 244
243 2631
243 1909
244 2418
244 2567
245 247
245 1581
245 2915
246 3933
246 525
246 1167
247 248
247 249
247 3573
248 3819
248 1701
248 1710
248 1129
249 3904
249 2315
250 3468
250 1047
250 2185
251 832
251 1358
251 2587
252 253
253 783
253 1962
253 3510
253 2702
254 3441
254 991
254 1997
255 257
255 592
255 3885
255 776
256 258
256 1552
256 365
257 2405
257 2026
258 259
259 261
259 358
259 2315
259 929
260 262
260 757
260 3131
261 3688
261 1864
261 3340
261 653
261 1398
262 264
262 955
262 2860
263 2346
263 2921
263 2028
263 2059
264 265
264 266
265 266
265 1665
265 1812
265 3657
266 1857
266 2291
267 268
267 748
267 3716
268 269
268 270
268 2760
268 678
269 271
269 1154
269 845
270 271
270 272
271 272
271 273
271 1543
272 274
272 2415
272 992
272 3875
273 1541
273 2968
274 275
274 276
274 2727
275 479
275 1654
275 1767
276 278
276 2310
276 3159
277 279
277 2888
277 3598
278 280
278 3228
278 2586
279 281
279 3736
279 2409
280 281
280 282
280 3571
281 282
281 1192
281 2203
281 2999
282 284
282 1128
282 798
282 2262
282 3712
282 362
282 2894
283 284
283 2282
283 2692
283 527
283 761
284 285
284 286
284 930
284 1861
285 287
285 573
286 288
286 3157
287 288
287 1785
288 289
288 315
288 1430
288 3531
288 1198
288 1552
289 290
289 291
290 291
290 292
290 3667
291 292
291 3261
291 2133
291 2517
292 294
292 3333
293 294
293 295
293 2042
293 1474
293 2654
294 295
294 296
294 336
295 3089
295 1345
296 298
296 2302
297 298
297 299
297 3812
298 1478
298 1904
298 337
299 300
299 301
299 1023
299 2162
299 3133
300 2206
300 1769
300 2802
301 302
301 303
301 2201
302 304
302 2943
302 1309
303 304
303 2537
303 3894
304 305
304 1926
304 3751
304 2803
305 306
305 1720
306 307
306 1566
306 2700
307 308
307 1116
307 3174
308 309
308 310
309 310
309 311
309 1840
310 311
310 312
310 1936
310 3210
311 3881
311 983
312 314
312 354
312 3148
313 315
313 3743
313 2911
313 3190
313 3287
313 3965
313 3367
313 3649
314 316
314 3251
314 667
315 317
316 317
316 318
316 3726
317 2351
317 3683
317 2253
317 2430
318 319
318 320
318 2706
319 321
319 1710
319 2151
319 820
319 2182
320 322
320 3466
321 323
321 2316
321 3120
322 323
322 3237
323 325
323 1835
324 325
324 595
325 326
325 327
326 327
326 328
326 598
326 3306
327 328
327 329
328 1480
328 3675
329 3626
329 2198
329 1281
329 643
330 332
330 856
330 949
331 3520
331 3667
332 333
332 2687
333 335
333 529
333 1304
334 335
334 336
334 2722
335 336
335 337
335 3590
336 1686
337 338
337 339
338 339
338 682
339 340
339 341
340 341
340 342
340 512
340 3415
341 2600
342 343
342 344
343 344
343 1476
343 2540
343 851
343 2872
344 3138
344 1937
344 3837
344 1303
344 3035
345 3889
345 799
346 348
346 3602
346 1088
347 3100
347 685
347 2128
348 3378
348 3517
348 633
349 350
349 351
349 859
349 3978
349 1150
350 351
350 352
350 1118
351 3471
351 3056
351 2368
351 3399
352 353
352 664
353 354
353 2244
354 3181
354 612
355 356
355 357
355 3552
356 358
356 895
356 3338
356 3890
357 358
357 359
358 360
358 1323
359 361
360 361
360 1183
360 2831
360 1310
361 3413
361 2111
361 1385
361 1393
362 363
363 364
364 414
364 476
365 367
366 3564
366 2199
366 429
366 2549
367 369
367 3855
367 3719
368 370
368 2350
368 835
369 370
369 2371
369 2932
369 3728
369 2582
370 372
370 3550
371 373
371 525
371 456
372 373
372 1990
373 2876
374 376
374 2766
375 3322
375 3422
376 377
376 378
377 378
377 379
377 3134
378 1521
378 1549
379 2191
379 2442
380 381
380 382
380 1546
380 3082
381 382
381 1573
381 965
382 384
382 2434
383 384
383 385
383 1130
383 1686
383 1031
384 386
384 1459
384 1256
385 3012
385 3672
386 1691
386 562
387 2222
387 3192
387 3990
387 1381
388 390
388 485
388 3008
388 3992
389 391
389 1708
390 391
390 3518
390 1776
390 3762
391 392
391 1878
391 3944
392 393
392 394
392 2507
393 1264
393 3933
393 656
394 395
394 1259
395 396
395 397
395 2037
395 2190
396 397
396 398
396 3302
396 3896
396 935
397 3673
397 2159
397 2975
398 2430
398 2416
398 3998
399 400
399 3467
399 3546
400 401
400 402
401 3316
402 3498
402 1899
402 1008
402 1978
403 3757
403 1987
404 406
404 2489
404 3691
405 3523
405 3549
405 1369
406 503
406 3357
407 408
407 409
407 3592
408 3935
408 2788
409 410
409 2762
410 411
410 412
410 3298
410 2965
411 412
411 3834
412 414
412 2502
413 415
413 2352
414 3077
414 1854
415 416
415 2450
416 418
416 523
416 1451
416 3861
417 419
417 846
417 3969
417 692
417 1213
418 2583
418 2936
418 3246
419 420
419 1305
419 3935
420 421
420 422
420 1481
420 2267
421 422
421 1074
421 881
422 423
422 1258
422 3414
423 425
423 2651
423 1804
423 1412
423 3868
424 426
424 1437
425 2809
425 3008
426 2883
426 1169
427 3505
427 792
427 1538
427 1688
428 2431
428 3308
429 1972
429 1637
430 431
430 432
430 1076
431 433
431 1639
431 2260
431 3170
432 433
432 434
432 553
433 435
433 745
434 436
434 3696
434 2864
434 3089
435 436
435 437
436 3630
436 1987
437 438
437 439
437 597
437 830
438 440
438 1781
439 440
439 441
440 442
440 3922
440 796
441 1542
441 1189
442 443
442 1046
442 3778
443 444
443 1835
444 445
444 3210
444 3662
445 446
445 3966
445 2198
445 3872
446 1980
446 586
446 1597
446 564
447 448
447 1216
447 1204
448 449
448 450
449 450
449 451
449 1633
449 2758
450 451
450 452
451 2576
451 2384
451 2737
451 3783
452 453
452 454
452 3447
453 454
453 2336
453 2075
454 456
454 3354
454 675
455 456
455 457
457 3614
457 1868
458 459
458 460
458 659
458 1061
459 3977
459 2075
459 2672
460 461
460 3980
460 3462
460 2332
461 462
461 1100
462 463
462 464
462 2761
463 3471
463 2854
464 1957
464 3349
464 2253
465 466
465 1568
465 2742
466 736
466 2461
466 1911
467 468
467 1648
467 3342
468 469
468 470
468 3204
468 3532
469 2330
469 650
469 946
469 2354
470 471
470 472
471 473
471 1078
472 911
472 3761
472 502
473 474
473 475
474 475
474 2357
474 1618
474 2580
475 477
475 3604
475 3511
476 3716
476 2165
477 479
477 2045
477 884
478 479
478 843
478 3784
478 3106
479 481
479 2685
480 1352
480 994
480 982
481 483
481 2135
481 2859
482 483
482 484
483 484
483 485
484 485
484 486
484 3212
484 3445
485 486
485 487
486 488
486 2205
487 489
487 2643
487 1768
488 490
488 2372
489 490
489 491
489 3538
489 3930
490 492
490 1282
490 983
491 492
491 3755
491 2233
492 493
492 2262
492 2134
492 2947
493 1012
493 1123
493 3994
494 883
494 3584
495 497
495 1660
496 497
496 1262
497 498
497 518
497 1220
497 3092
498 499
498 500
499 501
499 3409
499 3699
500 502
500 2615
500 1194
501 503
501 2001
502 3793
502 2513
502 804
503 505
503 2059
503 3530
504 506
504 3449
505 3271
505 1385
506 508
506 1974
506 628
506 3218
507 508
507 943
507 2207
507 1969
508 3507
508 1239
508 3795
509 511
509 3850
509 1011
510 511
510 512
511 1589
511 2937
511 2295
512 3262
512 666
513 802
513 1964
513 3452
513 1278
513 634
514 516
514 3962
515 1642
515 525
516 517
516 518
517 518
517 519
517 585
517 2969
517 3392
518 1943
518 3543
519 521
519 1821
519 1650
519 2052
520 521
520 522
521 523
521 2691
521 1321
522 524
522 721
522 1302
523 525
523 2484
523 3002
523 3664
524 2513
524 2431
524 1902
524 2022
525 526
525 527
525 2304
526 1963
526 2883
526 1152
527 528
527 909
527 2937
528 529
528 530
528 2462
529 530
529 563
530 531
530 1729
530 1965
531 532
531 533
532 533
532 534
532 1094
533 2676
533 1451
533 988
533 1974
534 535
534 536
535 725
535 2659
536 537
536 538
536 2611
537 538
537 539
538 539
538 2165
539 540
539 541
540 541
540 542
540 3937
540 2078
541 542
541 543
542 543
542 544
542 2169
543 544
543 545
544 545
544 546
544 2463
545 547
545 963
545 3231
545 2043
545 3355
546 547
546 2142
547 548
547 549
548 549
548 550
548 1245
548 2224
549 550
549 551
550 551
550 552
550 3979
551 553
551 659
551 3543
552 553
552 3293
553 1653
554 556
554 1912
555 557
555 2941
556 558
556 2010
557 2646
557 3329
558 559
558 942
559 560
559 1529
559 2020
559 1129
559 1427
560 2136
560 793
561 562
561 692
561 1918
562 563
562 564
562 3426
563 564
563 565
563 1467
564 565
564 566
565 566
565 567
565 3913
565 3044
566 567
566 3751
566 2596
566 939
566 3622
567 568
567 569
567 2725
568 570
568 1210
568 2205
569 3130
569 3176
570 571
570 572
570 2189
570 3383
571 572
571 573
572 573
572 2895
573 574
573 2941
573 3692
573 2887
574 1601
574 1308
574 2994
575 576
575 577
576 1666
576 2404
577 578
577 579
577 3186
577 1354
578 579
578 3751
579 580
579 1787
579 984
580 582
580 1466
581 582
581 583
581 2658
582 584
582 1934
582 1276
583 584
583 585
584 585
584 586
585 587
585 922
585 3512
586 3357
586 1420
586 2819
587 588
587 959
588 589
588 666
589 590
590 592
590 1882
591 593
591 1742
591 3837
591 3021
592 1908
592 925
593 2918
593 881
593 3239
594 595
594 3566
595 597
595 3749
596 597
596 3781
596 1401
597 598
597 2575
598 599
598 3045
599 600
599 1440
599 2970
599 2864
600 601
600 602
600 906
600 1761
601 602
601 603
602 603
602 2930
602 1752
603 604
603 2657
604 605
604 1281
604 1895
605 607
605 1392
606 607
606 608
607 608
607 609
608 868
608 1955
608 2129
608 2565
608 1097
609 610
609 611
610 612
611 612
611 1306
611 1778
611 1956
611 2400
612 614
612 3992
613 614
613 615
613 1052
614 616
614 712
614 1287
615 616
616 617
616 618
616 640
616 3895
617 618
617 841
618 642
618 1957
618 3898
618 2655
618 3436
619 620
619 621
619 1474
619 2854
619 2960
619 3537
619 3776
620 621
620 3848
620 1393
620 1107
621 2200
621 2450
621 1372
622 623
622 624
623 624
623 625
623 2768
623 3421
624 625
624 2554
625 627
625 3073
625 1795
626 3371
626 3545
626 1143
627 1961
627 3547
628 753
628 2599
628 2997
629 630
629 842
630 3574
630 2974
630 1639
631 2897
631 1666
632 3951
632 3717
633 634
634 635
635 636
635 1813
635 3721
636 637
636 638
637 639
637 1566
637 839
637 2931
638 2619
638 3177
638 2715
639 640
639 1892
639 1729
640 1021
640 1905
640 2280
640 3342
641 643
641 3190
641 3574
641 3874
642 643
642 644
643 3796
643 3198
643 3216
643 648
643 3485
644 645
644 778
645 646
645 647
646 648
646 2435
647 1785
647 1206
647 1367
648 3561
648 1978
649 2014
649 3960
649 1014
649 2908
650 652
650 1485
650 1636
651 3283
651 1858
651 3752
652 2693
652 3681
652 3835
652 828
653 1049
653 1109
653 1480
654 656
654 1351
654 1977
655 657
655 689
655 3149
656 657
656 2060
656 3667
657 659
657 1527
658 659
658 767
659 1818
659 3923
659 2252
659 3854
660 661
660 662
661 3533
661 1523
661 2108
662 664
662 3361
663 665
663 3113
664 1123
664 1749
665 667
665 2412
665 2834
665 3248
666 3724
666 1307
666 1717
667 668
667 2742
668 669
668 2474
669 2816
669 772
669 1560
669 3041
669 1639
669 2331
670 3597
670 1917
671 1323
671 3567
672 2053
672 2257
673 674
673 675
674 675
674 708
675 676
675 2183
676 677
676 926
677 678
677 762
677 2575
677 3204
678 679
679 681
679 3271
679 3919
680 681
680 3693
681 683
681 1565
682 684
682 3815
682 749
683 1166
683 3399
683 1508
684 685
684 686
685 686
685 1909
686 687
686 688
687 688
687 689
687 1735
688 3171
688 2196
688 1005
689 690
689 691
689 1484
690 691
690 692
691 2474
691 3378
692 3469
693 695
693 1335
693 1907
693 2720
694 696
694 3918
694 2933
695 2951
695 2717
696 697
696 698
696 961
696 3910
697 698
697 699
697 3970
698 2873
698 974
699 700
699 2890
700 701
700 2558
700 3767
700 2447
701 702
701 2747
701 2093
702 703
702 3699
703 704
703 705
704 705
704 2926
705 707
705 3096
705 744
706 707
706 708
707 708
707 709
707 3627
707 729
708 710
708 2103
708 781
708 1823
708 3182
709 711
709 794
710 712
710 2846
711 712
711 713
711 1292
712 713
712 714
713 715
713 894
714 716
714 1043
714 3564
715 716
715 3893
716 3540
716 3932
717 2897
717 2889
717 3830
717 2147
718 3122
718 2009
719 720
719 1286
720 721
720 722
721 722
721 1523
721 2387
722 723
722 724
723 724
723 2510
723 2004
724 725
724 3769
724 995
724 1273
725 989
725 1389
725 2744
726 2892
726 2233
726 1003
726 1968
727 729
727 3871
728 729
728 730
728 2494
729 730
730 732
730 3257
730 2978
730 882
731 732
731 733
732 734
732 845
733 1344
733 3063
733 2452
734 735
734 736
734 2001
734 2686
735 737
735 1368
735 3027
736 737
736 738
736 2776
737 738
737 739
738 739
738 1597
739 740
739 945
739 2695
739 3696
739 2600
739 1450
740 3558
740 1647
740 3370
741 894
741 2521
742 743
742 744
742 2005
742 760
743 2529
743 2063
744 745
745 746
745 3702
746 1848
746 2272
747 749
747 880
747 1745
748 750
748 3153
749 751
750 752
750 1874
750 2918
751 1925
751 1053
751 3411
751 2501
752 753
752 754
752 1827
753 754
753 2503
753 1513
753 2140
754 755
754 805
754 1885
755 757
755 2667
756 757
756 2833
756 3087
757 758
757 1867
757 2825
757 1893
758 759
758 1149
759 760
759 2209
759 1770
759 2832
760 761
761 2324
762 3460
762 2051
763 764
763 853
764 2775
764 1668
765 766
765 767
766 3795
766 3180
767 1467
767 1356
767 3971
768 770
769 770
769 771
769 1218
769 3773
770 771
771 772
771 1109
772 774
773 775
773 1371
774 775
774 776
774 3809
774 822
775 776
775 827
776 777
776 3775
777 778
777 779
777 1180
778 2968
778 3441
778 2082
779 780
779 781
779 3647
780 781
780 782
781 3726
782 784
782 3305
782 3098
783 784
783 785
783 3010
784 786
784 1694
784 1117
784 3794
785 786
785 787
785 1078
786 787
786 788
786 3766
787 3776
787 3618
788 2355
788 2807
788 3011
788 2864
789 791
789 2007
789 2055
789 3506
790 791
790 792
791 792
791 1202
791 3734
792 794
792 3764
793 794
793 795
794 2285
794 2323
795 3563
795 1241
795 3761
796 798
797 799
797 2833
798 1612
799 800
799 801
799 1561
799 3932
800 801
800 1461
801 2174
801 2732
802 803
802 804
802 3586
802 3385
803 805
803 2318
803 2762
803 3169
804 805
805 3836
805 2157
806 807
806 3599
806 3820
806 1219
807 808
807 809
807 3007
808 810
808 1444
808 3394
809 810
809 811
809 815
809 3384
810 811
810 812
811 812
811 2566
811 2136
812 3123
812 2397
813 814
813 815
814 815
814 816
814 2764
815 817
815 2713
815 3792
815 3805
816 2380
816 1913
816 2473
817 818
817 819
818 819
818 3392
819 821
819 1115
820 2763
821 822
821 823
822 949
822 1084
823 824
823 3571
823 1381
824 825
824 826
825 826
825 1703
826 827
826 828
826 3686
827 828
827 2733
828 829
828 2461
829 830
829 831
829 3918
830 990
831 833
831 2915
832 833
832 834
832 3838
833 834
833 1055
834 836
834 1541
834 1940
834 1047
835 837
835 1902
836 3733
836 2204
836 2467
836 926
836 2046
836 3947
837 839
837 1424
838 839
838 840
838 864
838 2084
839 841
840 841
840 842
841 2278
841 1850
841 2359
842 844
842 3622
843 1455
844 845
844 2780
845 3498
845 2981
845 3402
845 3594
846 847
846 848
847 849
847 2305
847 1673
848 849
848 850
849 851
849 1016
850 851
850 3315
850 1460
850 1288
851 1984
851 2839
851 3360
852 2674
852 1675
852 1178
853 854
853 3217
853 2225
854 856
854 1189
854 2458
854 3106
854 3921
855 857
855 3671
856 858
856 1723
856 1280
857 3706
857 2399
858 860
858 2088
858 3993
859 861
860 861
860 3186
861 2389
861 1208
862 863
862 1107
862 2243
862 3602
863 919
863 1074
864 866
864 3759
865 867
865 1849
866 867
866 868
867 868
867 1184
868 2528
868 3833
868 3572
869 871
869 1418
869 2343
869 3466
869 3296
869 3985
870 872
870 1773
871 2394
871 1883
872 874
872 3449
872 2428
873 875
873 3901
873 2276
874 3415
874 1633
875 1821
875 3106
876 877
876 3393
876 2257
877 1863
877 3263
877 2917
878 2075
878 3818
879 881
879 3681
879 1380
880 881
880 882
880 1510
881 1037
881 2468
882 1081
882 2811
882 1043
883 884
883 3852
884 3647
885 887
885 3317
886 1184
886 2047
887 888
887 2501
887 1000
888 889
888 890
889 890
889 891
890 891
890 892
891 893
891 2726
892 894
892 3892
892 2840
893 894
893 3024
893 3688
894 895
894 2836
895 896
895 897
896 2919
896 1499
897 898
897 1983
897 3368
898 900
898 2182
899 900
899 901
899 1409
899 2761
900 901
900 902
900 1054
900 1291
901 902
901 2358
901 2951
902 904
902 3820
902 2982
903 904
903 905
903 2022
904 906
905 906
905 1051
906 1056
907 1974
907 3816
908 909
908 3843
908 1620
909 924
910 911
910 2864
911 913
911 2615
912 913
912 914
912 3675
913 914
913 3098
913 2589
914 915
914 1571
915 3200
915 2561
916 1312
916 3314
917 919
917 3531
917 990
918 919
918 3387
918 2010
918 2436
919 920
919 921
920 921
920 3679
921 922
921 923
921 3091
922 2198
923 924
923 925
924 925
925 2294
925 1896
925 1813
926 928
926 3261
926 1016
926 1615
927 928
927 3207
927 1660
927 3384
928 929
928 930
929 930
930 932
930 2519
931 932
931 933
931 2076
931 3282
932 934
932 3686
932 1286
933 934
933 3604
934 935
934 936
934 2721
935 1171
935 1863
935 3388
936 937
936 938
936 1733
937 2495
937 1013
937 1943
938 940
938 2755
939 3497
939 2361
940 941
940 942
941 942
941 943
942 944
942 3091
943 3690
943 3230
944 945
944 946
944 3535
945 2317
946 947
946 3464
946 2525
947 3850
947 986
948 949
948 950
949 951
950 951
950 952
951 952
951 953
952 954
952 1590
953 3234
953 2450
954 955
954 956
955 956
955 2943
956 957
956 958
957 959
957 1737
958 959
958 960
959 960
959 961
960 961
960 962
960 3779
961 3840
961 1013
962 964
962 3160
963 964
963 965
963 975
964 965
964 2091
965 1024
966 968
966 1666
967 969
967 3229
967 3805
968 969
968 2164
969 3170
969 2099
970 971
970 3491
970 3913
971 972
971 973
971 2710
972 3932
972 2667
973 974
973 3776
974 975
974 976
974 3596
974 3699
975 976
975 1780
976 2846
976 1582
977 1525
977 2007
978 979
978 1320
979 980
979 981
979 2090
979 2125
980 981
980 2823
981 982
981 2057
982 3122
982 1167
983 1367
983 3398
984 985
984 1546
985 986
985 987
985 1412
986 3499
986 2145
987 988
987 989
987 1764
987 3666
988 989
988 3375
989 2613
989 3536
990 991
990 3072
991 3556
992 993
992 1371
992 2840
993 994
993 2346
993 3854
993 3580
994 3601
994 3391
994 1394
995 996
995 997
995 1226
996 997
996 998
997 998
997 999
998 999
998 1000
999 1000
999 2326
999 2610
1000 1002
1000 3107
1001 1002
1001 1003
1001 2874
1002 1003
1002 3568
1002 3557
1003 1004
1003 3891
1004 1005
1004 1006
1004 1393
1005 1006
1006 3864
1006 3677
1006 3325
1007 1008
1007 1009
1008 1010
1008 3703
1009 1011
1009 3179
1010 1011
1010 1922
1010 1703
1011 3828
1012 1014
1012 3949
1013 1300
1013 3004
1014 1015
1014 1016
1014 1341
1015 1016
1015 3417
1016 3757
1016 2677
1017 1918
1017 2918
1017 1128
1018 1020
1018 3780
1018 2002
1019 1020
1019 3204
1019 3642
1020 1021
1020 2895
1021 3349
1021 2272
1022 1024
1022 3488
1023 1025
1023 3239
1024 3157
1024 2191
1024 2357
1025 1027
1025 2742
1026 1027
1026 1028
1026 1867
1026 2516
1026 2844
1027 1028
1027 1029
1027 2577
1028 1029
1028 1030
1029 1031
1029 2283
1029 2293
1030 1031
1030 1032
1031 1032
1031 3680
1032 1033
1032 1822
1033 1035
1033 3073
1034 1035
1034 1036
1035 1036
1035 1037
1035 1172
1036 3239
1036 1844
1036 3737
1036 2659
1038 1039
1038 1040
1038 1427
1038 1511
1038 1340
1039 1041
1039 3239
1040 1041
1040 3014
1040 3702
1041 2926
1041 3626
1042 1043
1042 1044
1042 1392
1042 1602
1042 1976
1043 1044
1044 1046
1044 1686
1045 1047
1045 2051
1045 2389
1046 1047
1046 1048
1047 1048
1048 1049
1048 1050
1048 1619
1049 1050
1049 1051
1049 1815
1050 1051
1050 1052
1051 1052
1051 3164
1052 1802
1053 3353
1054 1055
1054 2350
1055 1057
1055 3594
1055 3804
1056 1058
1056 2103
1057 1058
1057 1059
1058 3225
1058 3416
1059 1060
1059 2510
1059 3891
1060 1061
1060 1885
1060 2187
1061 1671
1061 1596
1061 1514
1062 1064
1062 3890
1063 1064
1063 1065
1063 1732
1064 1671
1065 1819
1065 1596
1065 2892
1066 1067
1066 2397
1066 3797
1067 1068
1067 1069
1067 2316
1068 1069
1068 3018
1069 1070
1069 1071
1070 1072
1070 3731
1070 1716
1070 2592
1071 1073
1071 2039
1071 3045
1072 1073
1072 1846
1072 3374
1073 1074
1073 1075
1073 3624
1074 1075
1074 1076
1074 2836
1075 3574
1075 3374
1075 2533
1076 1884
1076 1182
1077 1078
1077 1079
1078 2195
1079 1081
1079 3357
1080 1082
1080 3504
1081 1082
1081 1189
1082 1083
1082 3949
1082 1158
1083 1084
1083 2973
1083 3110
1084 1671
1084 1170
1085 1086
1085 1087
1085 1871
1086 1087
1086 1088
1087 1088
1087 1089
1087 2820
1087 2921
1088 1998
1088 2526
1088 2797
1089 3362
1089 2322
1090 3858
1090 3761
1090 2621
1090 1403
1090 2298
1091 1092
1091 2783
1091 3716
1092 1094
1092 3208
1092 3276
1093 1095
1093 1772
1093 1408
1093 3618
1094 2871
1095 1097
1095 2781
1096 1097
1096 1174
1096 3216
1097 1098
1097 2620
1097 3908
1097 2751
1098 3151
1098 1991
1099 1100
1099 1101
1099 1280
1099 3763
1100 1102
1100 2511
1100 1739
1101 1102
1101 3798
1101 2171
1102 3822
1102 1755
1103 1104
1103 1105
1103 3886
1104 1106
1104 3826
1104 3489
1104 3867
1105 1106
1105 1107
1105 3434
1106 1797
1106 2597
1107 3895
1108 1185
1108 3155
1108 2213
1109 1111
1110 1111
1110 3518
1110 3957
1110 1414
1110 3161
1111 1112
1111 2769
1111 1120
1111 3651
1112 1113
1112 1114
1112 1838
1113 1114
1113 1115
1114 1115
1114 3111
1115 1116
1115 1117
1115 1633
1115 1211
1115 2696
1116 3188
1116 1894
1116 2417
1117 2794
1117 2904
1117 1212
1118 1120
1119 2441
1119 1301
1119 2509
1120 1121
1120 1970
1121 1122
1121 1123
1121 2137
1122 1123
1122 1160
1122 1954
1122 2255
1123 1511
1124 1125
1124 1126
1124 1522
1125 1126
1125 1127
1125 3796
1126 1127
1126 1128
1126 2464
1126 3027
1127 1128
1127 1129
1127 3902
1127 2522
1128 1129
1128 2784
1128 3859
1129 2817
1129 1592
1130 1132
1130 3731
1131 1132
1131 1133
1131 3612
1132 3168
1132 2489
1132 3238
1132 2755
1132 3429
1133 1134
1133 1135
1134 1135
1134 1136
1135 1353
1135 2671
1136 1138
1136 1256
1137 1138
1138 1139
1138 1140
1139 1141
1139 1959
1140 1141
1140 1142
1141 1143
1141 3888
1141 3746
1142 1143
1142 1144
1142 1998
1142 3337
1143 3111
1143 3605
1144 1145
1144 1480
1144 3563
1144 3601
1145 1147
1145 2054
1146 1147
1146 1524
1147 1149
1147 2389
1147 3043
1148 1150
1148 3331
1149 2469
1149 2344
1149 3268
1149 1463
1150 1151
1151 1153
1151 1686
1152 2764
1152 3939
1153 2154
1153 1999
1153 2499
1153 1190
1154 1156
1154 2622
1154 1385
1155 1156
1155 3800
1155 2334
1156 1157
1156 1547
1157 1863
1157 2855
1157 1829
1157 3646
1158 3117
1158 3338
1159 1991
1159 1857
1159 3455
1159 2377
1160 1162
1160 3257
1161 2135
1161 2158
1162 1163
1162 1164
1163 1165
1163 3689
1164 1165
1164 1166
1164 1460
1165 1166
1165 1167
1166 3122
1166 1246
1166 1487
1166 2765
1168 1170
1168 1673
1169 1170
1169 1727
1170 1171
1170 3927
1171 2326
1171 3689
1172 1173
1173 3780
1173 1174
1174 1175
1174 1441
1174 2780
1175 2754
1176 1178
1176 2045
1177 1178
1177 1179
1178 1179
1178 1824
1179 1181
1179 3145
1179 1932
1179 3436
1180 2456
1180 2193
1180 3334
1181 1183
1181 3246
1181 3433
1182 3681
1182 1384
1182 1980
1182 3985
1183 1185
1184 1185
1184 1598
1184 3828
1185 1186
1185 1187
1186 1187
1186 1188
1186 2615
1186 3213
1187 1188
1187 1189
1188 1189
1189 1191
1189 2970
1190 1192
1190 2425
1191 3317
1191 1439
1191 1387
1192 1193
1192 1194
1192 1625
1192 3510
1193 1195
1193 1248
1194 1195
1194 1538
1195 1196
1195 3287
1195 3065
1196 1198
1196 1213
1196 1783
1196 2422
1197 1198
1197 1199
1197 2679
1198 1199
1198 2326
1199 1200
1199 1201
1200 1202
1200 3527
1200 3697
1201 1202
1201 2318
1201 3926
1201 1609
1202 1204
1203 1204
1203 1205
1203 3295
1203 2385
1204 2163
1205 1207
1205 3693
1205 3217
1205 1788
1205 2199
1206 1287
1207 1208
1207 3980
1208 1209
1208 1210
1208 3774
1209 2123
1209 1514
1209 1324
1209 2960
1210 1211
1210 1228
1210 3924
1210 3681
1211 1212
1212 1213
1213 1214
1214 1215
1214 1216
1215 1217
1215 3390
1215 1500
1216 1217
1216 1714
1216 1308
1217 1218
1217 1219
1217 1779
1217 2163
1218 1220
1219 2749
1219 2635
1220 1222
1221 1771
1221 1387
1221 3567
1221 2316
1221 3265
1222 1224
1222 2800
1222 1320
1223 1224
1223 1225
1223 1624
1224 1226
1224 2771
1225 1227
1226 1228
1226 1919
1227 2861
1227 2454
1228 3131
1228 1503
1229 1231
1229 1859
1230 1231
1230 1377
1230 1446
1231 3465
1231 2752
1232 1233
1232 1234
1233 1234
1233 1235
1233 2466
1234 1235
1234 3912
1235 1236
1235 1237
1235 1494
1235 2321
1236 1238
1236 2356
1236 2442
1236 2897
1237 1355
1237 3332
1238 1240
1238 3799
1238 1610
1239 1241
1239 2865
1240 3508
1240 1876
1241 1243
1241 3811
1241 1657
1242 1243
1242 1833
1242 2251
1242 3520
1243 1244
1243 1245
1244 1246
1244 3148
1244 1400
1245 2773
1245 2167
1245 3076
1246 1248
1247 1248
1247 1330
1248 2061
1248 1699
1249 1251
1249 3491
1249 1623
1249 3533
1250 1251
1250 1499
1251 1253
1251 3641
1251 2015
1252 1435
1252 1800
1252 1346
1252 1773
1253 1254
1253 3788
1254 1255
1254 1256
1255 1256
1255 3302
1255 3007
1256 2048
1257 1258
1257 1259
1257 3002
1258 1259
1258 1260
1259 1261
1259 3301
1260 1261
1260 2225
1260 1736
1260 1897
1261 1263
1261 1784
1262 1263
1262 3241
1263 1264
1263 3418
1263 3593
1264 1266
1265 1266
1265 1488
1266 1267
1266 1268
1267 1269
1267 3997
1267 2877
1268 1270
1268 2220
1268 2748
1269 1271
1269 1885
1270 1272
1270 3560
1271 1272
1271 1279
1271 3005
1272 1273
1272 2776
1273 3418
1274 1275
1274 3055
1275 1276
1275 1277
1275 3519
1276 1277
1277 1278
1277 1279
1278 1280
1279 1280
1279 2095
1279 3119
1279 3251
1280 1908
1281 1283
1281 2026
1281 3061
1282 1283
1282 1284
1283 1284
1283 2711
1284 1285
1284 2253
1284 3654
1284 2739
1284 3078
1285 2492
1285 3289
1286 3947
1287 1288
1287 1944
1287 3640
1288 1289
1288 2755
1289 1290
1289 1291
1290 1291
1290 1292
1290 1683
1291 1292
1291 1485
1291 3047
1291 3679
1292 3786
1292 3635
1292 2231
1293 1295
1293 2606
1293 1599
1294 1295
1294 1296
1295 1296
1295 3375
1296 1298
1296 3430
1297 1298
1297 1306
1297 1681
1298 2053
1298 3092
1298 2323
1299 1300
1299 3145
1300 1302
1301 1302
1301 1303
1301 3015
1301 3705
1302 1303
1303 1304
1303 1953
1303 2962
1303 3066
1304 1305
1305 1307
1305 3746
1306 1308
1307 1308
1307 3957
1307 2799
1307 3738
1308 1310
1309 1311
1310 1311
1310 1312
1311 1312
1311 1313
1312 1313
1312 1314
1312 1734
1312 2392
1312 3388
1312 3749
1313 1314
1313 3250
1313 3982
1313 1887
1314 1315
1314 3680
1315 1317
1315 2964
1316 1318
1316 2459
1317 1318
1317 3266
1318 1319
1318 1320
1318 1862
1319 1321
1319 2517
1319 1669
1319 1690
1320 1396
1321 1323
1321 2033
1321 3256
1322 3700
1322 2707
1322 1691
1323 1324
1323 1325
1323 2979
1323 3143
1323 1473
1324 1326
1324 2230
1325 1616
1325 2338
1325 2926
1326 1328
1326 3928
1326 3038
1327 1328
1327 2669
1328 1329
1328 1330
1329 1330
1329 1663
1330 1332
1330 2534
1330 3200
1330 1700
1331 1332
1331 2356
1331 2946
1332 1333
1332 1334
1332 2643
1333 1334
1333 1335
1334 1335
1334 1336
1334 1384
1334 3560
1335 1337
1335 2114
1335 1951
1335 1490
1336 1338
1336 3897
1337 1339
1337 1608
1338 3876
1338 3975
1338 1953
1339 1340
1339 1341
1340 1341
1340 3132
1340 3210
1341 1342
1342 1536
1342 2920
1343 1345
1343 1412
1343 1913
1344 1345
1344 2365
1344 3249
1344 3513
1345 1346
1345 1347
1345 1676
1346 1347
1347 1348
1347 1349
1347 2825
1348 1349
1348 1350
1349 1350
1349 3119
1349 3145
1350 1351
1350 1352
1350 1748
1351 1352
1351 1353
1351 2100
1351 2967
1351 3479
1352 1354
1352 1424
1353 1355
1353 2859
1354 1355
1355 1356
1355 1357
1356 1357
1356 1358
1357 1358
1357 3345
1357 3168
1358 2847
1358 3265
1358 3882
1359 1360
1359 2965
1359 1443
1359 2131
1360 1361
1360 1362
1360 3104
1360 3011
1361 1362
1361 1363
1362 1363
1362 3299
1362 3859
1363 1364
1363 1365
1363 3081
1363 2038
1364 1365
1364 1794
1365 1366
1365 1875
1365 3033
1365 2889
1365 3869
1366 1367
1366 1368
1367 1368
1368 1369
1368 1370
1368 3707
1368 3920
1369 1370
1369 1371
1369 2767
1370 1372
1370 3036
1370 1662
1371 1373
1371 2849
1371 3130
1371 2778
1372 1628
1372 3235
1373 1375
1373 3348
1373 2842
1374 1375
1374 1443
1374 2137
1375 1693
1375 3964
1376 1377
1376 1378
1376 3313
1377 1378
1377 1379
1377 2431
1377 3795
1377 1934
1378 1379
1378 1380
1379 1381
1379 1890
1380 2816
1381 1382
1382 3276
1382 1795
1382 1466
1383 1385
1383 2619
1385 1930
1386 1387
1386 3260
1387 1389
1387 3017
1388 1974
1388 2240
1388 3234
1389 3211
1390 1391
1390 1392
1390 3826
1391 1393
1391 3658
1391 2705
1392 1394
1394 1395
1394 1396
1395 1396
1395 1397
1395 3139
1396 1398
1396 1867
1396 3199
1396 3651
1397 3190
1397 3234
1397 2582
1398 1399
1399 1597
1399 2564
1400 2825
1401 1749
1402 1403
1402 2619
1403 1404
1403 3009
1404 1405
1404 2752
1404 1425
1405 2729
1405 2134
1405 2804
1406 3487
1406 1898
1406 1483
1407 2889
1407 3721
1408 1409
1409 1411
1410 1411
1410 2131
1410 3179
1410 1472
1411 1413
1411 3627
1413 1414
1413 1415
1413 2337
1414 1416
1414 1810
1414 2566
1415 1630
1415 3674
1415 3411
1415 2690
1415 2917
1415 3845
1416 1417
1416 1418
1416 3403
1417 1419
1417 2223
1417 3477
1418 1419
1418 1420
1418 1608
1419 1420
1419 2928
1420 1421
1420 3878
1421 1422
1421 1423
1421 2014
1421 3233
1421 3626
1422 1423
1422 1424
1422 2666
1422 3956
1423 1553
1423 1719
1424 2603
1424 2099
1424 3193
1425 1426
1425 1736
1425 1792
1425 2016
1426 1427
1426 1428
1426 2806
1427 2671
1427 3762
1428 1430
1428 3213
1428 3728
1429 2168
1430 1432
1431 1432
1431 1715
1432 1434
1432 3971
1432 2261
1433 1434
1433 1435
1433 3156
1434 1435
1434 1436
1434 3220
1435 1436
1435 1437
1435 2054
1435 2593
1436 3288
1437 1439
1437 2007
1438 3316
1438 1508
1439 1460
1440 1442
1440 2155
1440 3069
1441 1443
1442 1443
1442 3908
1442 3714
1443 1445
1443 3468
1444 3426
1444 1897
1444 1529
1445 1447
1445 3931
1446 1784
1446 2402
1447 1448
1447 3195
1448 1449
1448 1622
1449 1451
1449 3258
1450 2319
1450 2624
1452 1453
1452 1454
1452 1721
1453 1454
1453 1455
1453 3573
1453 1640
1454 1456
1454 3531
1454 2692
1455 1456
1455 1457
1455 3950
1456 1457
1456 3040
1457 3442
1457 2068
1457 3809
1458 1459
1458 3502
1459 3961
1459 1472
1459 3753
1459 1773
1460 3008
1461 1462
1461 2164
1462 1463
1462 2997
1462 3181
1463 3446
1463 3173
1464 1465
1464 1466
1464 1603
1465 1466
1465 1467
1465 2466
1466 1467
1466 1468
1466 3478
1466 2300
1466 2861
1467 1469
1467 1971
1467 3028
1468 1469
1468 1470
1468 3569
1469 1471
1469 2743
1470 1472
1470 3368
1471 1472
1471 2821
1471 2562
1471 3037
1472 2660
1472 2294
1473 3333
1473 1941
1474 2158
1475 3461
1475 2891
1475 3736
1476 1478
1477 1478
1477 1479
1477 2102
1478 1479
1478 2626
1479 1480
1479 1481
1479 3208
1479 3140
1480 2088
1481 1483
1481 2525
1481 2083
1482 1483
1482 1484
1482 3091
1483 1484
1483 1485
1484 1486
1485 3873
1486 1487
1486 1488
1487 3588
1487 3551
1487 2273
1488 2594
1488 3793
1488 2248
1489 1490
1489 1491
1490 1491
1490 2021
1491 1493
1491 3755
1491 3299
1491 3984
1492 1494
1492 1894
1493 1495
1493 1690
1493 3164
1494 1495
1495 1496
1495 1648
1496 3218
1496 3843
1497 1499
1497 1968
1497 3420
1498 1500
1498 3925
1499 1500
1499 3522
1500 1502
1500 1757
1501 1502
1501 2517
1501 1540
1502 3038
1502 3056
1503 3377
1503 3816
1504 1505
1504 3232
1505 3060
1506 1508
1506 2771
1506 3926
1507 1508
1507 2665
1508 1509
1508 1785
1509 1510
1509 2168
1510 1511
1512 1513
1512 2477
1513 3612
1513 3473
1513 1630
1515 1517
1515 3059
1516 1518
1517 1518
1517 1519
1518 1519
1518 1520
1519 1521
1519 3983
1520 1521
1520 1522
1521 1522
1521 3780
1522 3112
1522 3712
1523 2500
1524 3099
1525 1526
1525 1527
1525 3260
1526 1527
1526 1528
1527 1528
1528 1529
1528 1530
1528 2173
1528 3069
1528 2594
1529 2616
1530 2527
1530 3753
1530 2279
1531 1533
1532 1533
1532 1534
1532 2601
1532 2429
1533 2193
1533 1692
1533 3163
1534 1536
1534 3634
1535 1536
1535 2127
1535 3249
1536 1537
1536 1538
1536 2167
1537 1539
1537 2151
1537 3016
1539 1540
1539 1541
1540 1541
1541 1542
1541 1543
1541 2123
1542 1544
1542 3011
1542 3403
1543 1545
1544 1546
1544 2311
1545 1546
1545 1547
1547 2035
1548 3956
1549 1551
1549 3423
1550 1551
1550 3490
1550 2716
1551 1552
1551 1553
1551 3458
1552 1553
1553 1554
1553 1555
1554 3420
1554 1848
1555 2771
1555 3932
1555 3456
1556 1558
1556 1958
1556 2273
1557 1558
1557 1559
1558 1559
1558 1560
1559 1561
1559 3740
1559 3154
1560 2091
1561 1562
1562 1564
1562 3866
1563 1564
1563 1565
1564 1566
1564 1719
1565 1566
1565 1755
1566 1568
1567 1568
1567 3721
1567 2387
1568 1569
1568 1570
1569 1570
1569 1571
1569 1577
1570 1571
1570 1572
1571 1572
1571 1573
1572 1574
1572 2067
1572 3994
1573 1574
1573 1575
1573 3337
1574 1575
1574 3182
1575 3800
1575 2407
1575 1621
1576 1577
1576 1578
1577 3440
1577 2782
1578 1580
1578 1780
1578 3406
1579 1580
1579 3366
1580 3368
1580 3847
1580 2186
1581 1582
1581 1686
1582 1583
1582 2536
1583 1584
1583 1585
1583 3188
1584 1585
1584 2447
1585 1586
1585 1587
1585 1946
1585 2036
1586 1587
1586 1588
1587 1589
1587 2538
1587 2891
1588 1589
1588 1590
1589 1590
1589 1591
1590 1591
1590 3659
1591 1592
1591 1593
1592 1594
1592 3922
1593 1594
1593 1595
1594 2269
1594 3359
1594 2372
1594 2384
1595 2629
1597 1599
1598 3411
1598 3808
1599 1601
1599 3032
1600 1602
1600 3093
1601 1603
1601 3077
1602 3110
1602 3166
1603 2694
1604 1605
1604 1774
1605 1606
1605 1607
1605 2300
1605 3554
1606 1607
1606 1608
1607 1609
1607 3030
1608 1609
1609 1610
1609 3540
1609 2986
1610 3589
1611 1612
1611 1613
1611 2049
1612 1613
1612 1614
1612 3637
1613 1614
1613 1615
1614 1615
1614 1616
1614 2876
1614 3708
1614 3911
1615 2903
1615 2882
1616 1949
1616 1993
1617 1618
1617 3051
1617 3901
1617 3766
1618 3838
1618 1720
1619 1621
1619 2091
1620 1621
1620 1622
1621 1622
1621 1623
1622 1623
1622 1624
1622 2177
1622 2552
1623 1624
1623 2788
1624 1625
1624 1710
1625 3044
1625 2923
1626 1627
1626 2381
1626 1905
1627 1629
1627 3213
1627 3517
1628 1630
1628 3730
1628 2159
1628 2001
1629 1630
1629 1631
1630 1631
1630 1632
1631 1633
1631 3654
1631 3955
1631 1699
1632 3515
1632 3481
1632 2477
1632 2956
1633 2103
1634 2916
1634 3931
1635 2215
1636 1637
1637 3112
1638 1639
1638 1689
1638 1679
1639 1640
1640 2962
1641 1642
1641 2663
1642 1643
1642 2820
1642 3375
1643 1645
1643 3196
1644 3278
1644 3778
1644 3714
1645 1646
1645 1647
1645 1972
1646 1647
1646 1648
1647 1649
1648 3912
1648 1834
1649 2827
1649 3732
1650 2168
1651 1709
1651 3198
1651 3444
1652 1653
1652 3610
1653 1655
1653 2237
1653 3701
1654 3091
1655 2744
1655 1939
1655 3992
1655 2490
1656 1657
1656 3690
1656 2995
1657 2344
1658 1660
1658 2411
1658 2490
1659 1660
1659 1661
1659 2870
1660 1661
1660 1662
1660 3940
1661 1662
1661 3926
1661 3824
1662 3517
1662 3850
1663 1664
1663 3243
1664 1665
1664 1666
1665 2193
1666 1667
1666 2746
1666 3328
1667 1668
1667 1669
1668 1669
1668 1670
1669 2560
1670 1671
1670 3012
1670 3753
1671 1673
1671 3197
1672 1674
1672 1946
1673 1675
1674 1675
1674 1676
1674 2120
1674 2328
1675 1676
1675 3118
1675 2055
1675 3180
1675 3795
1676 1933
1676 1962
1677 3258
1677 3054
1677 2461
1678 3480
1678 3256
1679 3467
1680 1682
1680 3933
1681 2394
1681 2138
1682 1683
1682 1684
1683 2663
1684 1773
1684 3017
1685 1687
1685 2235
1686 1688
1687 1689
1687 2817
1688 1689
1688 1690
1688 3129
1689 1690
1689 1691
1689 2264
1690 1692
1691 3514
1691 3990
1692 1693
1692 2587
1693 1695
1693 2536
1694 1696
1694 3600
1695 1696
1695 1697
1695 2655
1695 3297
1695 3743
1696 1698
1696 1992
1696 3673
1697 1887
1697 2492
1698 1699
1698 3459
1699 2115
1699 2050
1700 1701
1700 3469
1701 1703
1701 2880
1702 2692
1703 3103
1703 2093
1703 2483
1704 1705
1704 1706
1704 2854
1705 1707
1705 3572
1706 1707
1706 1708
1706 2060
1706 3636
1707 1709
1707 2938
1708 1827
1708 2437
1708 3922
1709 1710
1709 3174
1709 3253
1710 2303
1711 3063
1711 2283
1712 2471
1712 2827
1713 1714
1713 1715
1714 1716
1715 1716
1715 1717
1716 1718
1716 2657
1716 3760
1717 1821
1717 2499
1718 1719
1718 1720
1719 1721
1719 3799
1720 3254
1720 2768
1722 1724
1722 2598
1723 3748
1724 3364
1724 3138
1725 2079
1725 3911
1726 1727
1726 1728
1726 1837
1726 1810
1727 1729
1727 2037
1727 3716
1728 1729
1728 2112
1728 2078
1729 2872
1729 3221
1730 1732
1730 3528
1731 1732
1731 1733
1732 2001
1733 1735
1733 2831
1734 1868
1735 1737
1735 1960
1736 1737
1736 1738
1736 3138
1737 1738
1737 1739
1737 3948
1738 1739
1738 1862
1738 2945
1739 1964
1739 2170
1740 3475
1740 1875
1740 3668
1741 1742
1741 1743
1742 1743
1742 1744
1743 1744
1743 1745
1744 2427
1744 3742
1744 2949
1745 2731
1745 1992
1746 1796
1746 1921
1747 1749
1747 1995
1747 2025
1747 3529
1748 3091
1748 3451
1749 1750
1750 1751
1750 1752
1750 3422
1751 1752
1751 2585
1751 2998
1752 1754
1752 3994
1753 1754
1753 1755
1753 3371
1754 1756
1754 3090
1755 1756
1755 1757
1755 2298
1756 1757
1756 1758
1756 2121
1757 1758
1758 1759
1758 1922
1759 1760
1759 1780
1760 2576
1760 2446
1760 3422
1761 3473
1762 1764
1762 2084
1762 2303
1762 3590
1763 1764
1763 1765
1763 3576
1764 1765
1764 2712
1764 3232
1765 1766
1765 2224
1765 2888
1766 1768
1766 3308
1766 2805
1767 1769
1768 3072
1769 1770
1769 1771
1770 1771
1770 1772
1770 1889
1771 1772
1771 1773
1772 1774
1772 2867
1772 3892
1773 1774
1774 1775
1774 2037
1775 1777
1775 1916
1776 2238
1777 1779
1777 1793
1777 3777
1778 1779
1778 1780
1779 1781
1780 1782
1780 2313
1781 3218
1781 2188
1782 1784
1782 2070
1782 2621
1783 3591
1784 1785
1784 2117
1785 1786
1786 1787
1786 1788
1787 3646
1787 2303
1788 2067
1789 1790
1789 1791
1790 1792
1790 1803
1790 3393
1791 1793
1792 1793
1792 2329
1793 1794
1793 1795
1793 3347
1794 1795
1794 1796
1795 3016
1796 3227
1796 2606
1796 3275
1796 3371
1797 2923
1797 3568
1798 1799
1798 1800
1799 1801
1799 1818
1800 1801
1800 1802
1800 2219
1801 1803
1801 2049
1802 3058
1802 2515
1802 2681
1802 3411
1803 1805
1803 1944
1804 1806
1805 1806
1805 1807
1805 3331
1806 1807
1806 1808
1807 1808
1807 3369
1807 3053
1808 2289
1808 3136
1808 2871
1808 3902
1809 3222
1810 3388
1810 2721
1811 1813
1811 2659
1812 1814
1812 3432
1812 2215
1812 2320
1813 1814
1813 3750
1814 1815
1814 1816
1815 2703
1816 1817
1816 1818
1816 2297
1817 1818
1817 2723
1817 3110
1818 3897
1818 3221
1819 1820
1819 1821
1819 2789
1819 2647
1820 1821
1820 1822
1820 2676
1821 1822
1821 1823
1822 1824
1822 3569
1823 1825
1823 2430
1823 2452
1824 1826
1825 1827
1825 3592
1826 1827
1826 1828
1826 2155
1827 1941
1828 1829
1828 1870
1829 1830
1829 1831
1830 1831
1830 1832
1831 1833
1831 2923
1831 1874
1832 1833
1832 1834
1833 2579
1834 1835
1834 3695
1835 1837
1835 2135
1835 2961
1836 1837
1836 1838
1836 2728
1837 1839
1838 3360
1838 2532
1839 1840
1839 1841
1840 3513
1840 3185
1841 1842
1841 1843
1842 1843
1842 2905
1842 3690
1843 1845
1843 2061
1844 1846
1844 3281
1845 1846
1845 1847
1845 3771
1846 1847
1846 1848
1847 1848
1847 1849
1848 1850
1848 3987
1848 3502
1848 3783
1849 1850
1849 1851
1850 1851
1850 1852
1851 1853
1851 3097
1851 2290
1852 1854
1852 2372
1853 1855
1853 2240
1853 2396
1854 1855
1854 3930
1855 1901
1855 3246
1856 1858
1856 2363
1856 3225
1857 1859
1857 3905
1858 1859
1858 1860
1858 2491
1859 1860
1859 2171
1859 3831
1860 1861
1860 1862
1860 2417
1860 3169
1860 3306
1861 1862
1861 3723
1862 1863
1863 1865
1864 1866
1864 2662
1865 1866
1866 1867
1866 2838
1866 3515
1868 1869
1868 1870
1869 1870
1869 1871
1869 3010
1870 1871
1870 1872
1870 3352
1871 1872
1872 2836
1872 2779
1873 1875
1874 2085
1875 3366
1875 3981
1875 2706
1876 2856
1876 2414
1877 1878
1877 2433
1878 1880
1878 2310
1879 1880
1879 2879
1879 2995
1880 1881
1881 1882
1881 1883
1881 2103
1882 1883
1882 1884
1883 1884
1883 1885
1884 1886
1884 3599
1885 1886
1885 1993
1885 2977
1886 3106
1886 3204
1887 3613
1887 3484
1887 3968
1887 3974
1888 1889
1888 1890
1888 2800
1889 1891
1890 1891
1890 1892
1891 1892
1891 1893
1891 2587
1892 3067
1892 2039
1893 1894
1894 1896
1894 3974
1895 1896
1896 2482
1896 2231
1898 1900
1898 3622
1899 2245
1899 2563
1900 1902
1900 2509
1901 1903
1901 3816
1901 1985
1903 1904
1903 1905
1904 3556
1904 3638
1905 1906
1906 3579
1906 2142
1907 3429
1908 1909
1909 2244
1910 1911
1910 1912
1911 1912
1912 1914
1912 2088
1914 1915
1914 1916
1915 1917
1915 3210
1916 1918
1916 2705
1917 2178
1917 1938
1917 3299
1918 1919
1918 1920
1918 1964
1918 3128
1918 3559
1918 3943
1919 1920
1920 1921
1920 1922
1920 3088
1921 1922
1921 1923
1921 3242
1922 1923
1922 1924
1923 1924
1923 1925
1923 2734
1924 1925
1925 1926
1925 1927
1925 2870
1926 1928
1927 2999
1927 2663
1927 3326
1927 2924
1927 3766
1928 1929
1928 1930
1929 1930
1929 2609
1930 1932
1931 1932
1931 3738
1932 1934
1933 2278
1933 3420
1933 3102
1934 2224
1934 3142
1935 2394
1936 1938
1936 2192
1937 1939
1938 1939
1938 1940
1938 2266
1938 3406
1938 2029
1938 3860
1939 1941
1939 3110
1940 1942
1941 3482
1942 1943
1942 1944
1942 3907
1943 2961
1943 2772
1944 1945
1945 1946
1945 3197
1945 2459
1946 2356
1947 1948
1947 2843
1947 3448
1947 3060
1947 3008
1948 1949
1948 1950
1949 1950
1949 1951
1950 1951
1950 1952
1950 2812
1951 1953
1952 1954
1952 2869
1952 3468
1952 2706
1953 1954
1954 1955
1954 2199
1955 1957
1956 1957
1957 3516
1958 1959
1958 1960
1958 2556
1959 1960
1959 3715
1960 1961
1960 2164
1960 3247
1961 1962
1961 1963
1963 1964
1963 1965
1963 3476
1964 3192
1965 1966
1966 1967
1966 1968
1966 2252
1966 2278
1967 3128
1967 3833
1968 1969
1968 2559
1968 3205
1969 1970
1969 1971
1970 3412
1971 2354
1971 3976
1971 3204
1972 3714
1972 2338
1973 1974
1973 3207
1973 3938
1974 3458
1975 1976
1975 1977
1976 1978
1977 3470
1979 1980
1979 2332
1981 1982
1981 1983
1982 1983
1982 3089
1983 2031
1984 1986
1984 3591
1984 2354
1985 1986
1986 1987
1986 3203
1987 1989
1988 1989
1988 1990
1988 3328
1989 1990
1989 2395
1990 1991
1990 1992
1990 3121
1991 2270
1991 3043
1991 3258
1992 2948
1992 3238
1993 1994
1993 3441
1993 2540
1994 1996
1994 3796
1994 2176
1995 1996
1995 1997
1996 1997
1996 1998
1997 1999
1997 2427
1998 1999
1999 2001
2000 2001
2000 3218
2002 2003
2002 3272
2003 2004
2003 2005
2004 2006
2004 3200
2004 2089
2004 2260
2005 2007
2005 2574
2006 2008
2006 2355
2007 2008
2007 2009
2008 2010
2008 3073
2009 2010
2009 3534
2009 3685
2010 2011
2011 2013
2011 3446
2012 2013
2012 2014
2013 3465
2013 2036
2014 2016
2015 2017
2016 3395
2017 2018
2017 2019
2018 2019
2018 2020
2018 3637
2019 2020
2019 2021
2020 2022
2020 2293
2021 2023
2021 2374
2022 3781
2023 2025
2023 3171
2024 2026
2024 2903
2025 3314
2026 2027
2026 2028
2027 2028
2027 2029
2028 3999
2028 3982
2028 3106
2030 2032
2030 2395
2031 2032
2031 3619
2031 3910
2032 3765
2032 3669
2032 2751
2033 2034
2033 3223
2034 2036
2034 3240
2035 2036
2035 2474
2036 2037
2036 3224
2037 3836
2038 2039
2040 2041
2040 2042
2041 2043
2041 3341
2041 2656
2042 2044
2043 2044
2044 2045
2044 3744
2044 3043
2045 2046
2045 2335
2046 2047
2046 3335
2047 2048
2047 3540
2047 3788
2048 2050
2048 3079
2049 2051
2050 2051
2050 3220
2051 2052
2051 2053
2052 2829
2052 3715
2053 2055
2053 3521
2054 2056
2055 2057
2055 2307
2056 3251
2056 3133
2057 2058
2058 2059
2058 2060
2059 2060
2060 2349
2060 2700
2061 2063
2061 3930
2062 2063
2062 2081
2062 3924
2062 2936
2062 2730
2063 2064
2063 2065
2063 3302
2064 2066
2064 3098
2065 2066
2065 3177
2066 2067
2066 2068
2067 2068
2067 2594
2068 2213
2069 3503
2069 3663
2069 3292
2070 2999
2070 2707
2070 2732
2071 2072
2071 3631
2072 2074
2072 2640
2072 2950
2073 2075
2073 2961
2074 2076
2074 3806
2074 3537
2075 2077
2075 2986
2076 2078
2077 2078
2077 2787
2078 2079
2079 2080
2079 2081
2080 2082
2081 2083
2081 3690
2082 2083
2082 3324
2083 2084
2084 2236
2085 2087
2085 2846
2086 2087
2086 2088
2087 2088
2087 2089
2088 2089
2088 2090
2089 2091
2090 2092
2090 2833
2091 2092
2091 2223
2092 2560
2092 3143
2094 2095
2094 2369
2094 3540
2095 2097
2095 3254
2095 2532
2096 3988
2096 2708
2097 3850
2097 3691
2097 3856
2098 2099
2098 3798
2099 3554
2100 2337
2101 2715
2101 2483
2102 3215
2104 2106
2104 3945
2105 2106
2105 2107
2106 2108
2106 2332
2107 2108
2107 2420
2108 2109
2108 2110
2109 2110
2109 2932
2109 3531
2110 2111
2110 2112
2110 2684
2111 3007
2112 2114
2113 2115
2113 3062
2113 2491
2114 2116
2115 2116
2115 2117
2116 3941
2116 2507
2117 2118
2117 2119
2118 2119
2118 3486
2119 2120
2119 2121
2120 3986
2121 2123
2121 3790
2122 2124
2122 2265
2123 2124
2124 2125
2124 2126
2124 3710
2125 2126
2125 3945
2126 2127
2126 2751
2127 2128
2128 2129
2128 3974
2129 2131
2130 2131
2130 2132
2130 2513
2130 3624
2132 2733
2132 3260
2133 3045
2133 3161
2134 2135
2134 3502
2135 3559
2135 3682
2135 3204
2136 2869
2136 3042
2137 2139
2137 2672
2137 2753
2138 2139
2138 2403
2138 3553
2139 2140
2139 2141
2139 3101
2140 2141
2141 3199
2141 2297
2142 2143
2143 2144
2143 2145
2143 2565
2144 2145
2144 2146
2145 2146
2145 2147
2145 2992
2146 2147
2146 3573
2146 2505
2147 2148
2147 3249
2148 2149
2148 2150
2149 2150
2150 2151
2150 2152
2151 2153
2151 3127
2152 2153
2152 2447
2152 2910
2153 2154
2153 2255
2154 2156
2154 2781
2156 2158
2156 2860
2157 2159
2157 2161
2158 2596
2158 3708
2158 2357
2158 2597
2159 2645
2160 2162
2160 3014
2161 2162
2161 2163
2161 2692
2162 2775
2162 3905
2162 3099
2163 3933
2164 3357
2164 3879
2165 2166
2165 2167
2166 2167
2166 2168
2166 2421
2167 2169
2168 2170
2168 2331
2169 2570
2170 2172
2172 2173
2172 2174
2172 2890
2173 2482
2173 3321
2174 2175
2174 2176
2174 3785
2175 2177
2175 3354
2176 2177
2177 2178
2178 2179
2178 2180
2179 3922
2179 3827
2180 3477
2180 3403
2181 2183
2181 2520
2182 2183
2183 2184
2184 2186
2184 2924
2184 2910
2185 2186
2185 3654
2186 2188
2186 3198
2187 2188
2188 2189
2188 2256
2189 2191
2189 2234
2189 2723
2190 2192
2191 2192
2191 2193
2191 2426
2192 2194
2192 3815
2193 2195
2193 2585
2193 3611
2193 2542
2194 3213
2194 3607
2195 2196
2195 3446
2195 3574
2196 2198
2197 2199
2199 2200
2199 3495
2200 3993
2200 3509
2201 2763
2201 3617
2202 2203
2202 2785
2202 3866
2203 2204
2204 2206
2205 2207
2206 3614
2206 3801
2206 3803
2207 2209
2207 3550
2208 2209
2208 2818
2209 2211
2210 2211
2210 2212
2210 3581
2211 2212
2211 2213
2212 2213
2212 2214
2213 2214
2213 2566
2213 3452
2214 3683
2215 2217
2216 2217
2216 2218
2217 2218
2217 2717
2217 3551
2218 2219
2218 2724
2218 3355
2219 2220
2220 2221
2220 2222
2221 2223
2221 2642
2222 2223
2222 2224
2223 3438
2225 3420
2225 2783
2226 2469
2226 3681
2227 2228
2227 2229
2227 3404
2228 2230
2228 2525
2229 2231
2229 2418
2230 2231
2230 2232
2231 2232
2231 2239
2232 2233
2232 2234
2233 2234
2233 2235
2234 2236
2235 2237
2236 2237
2236 2238
2236 2863
2237 2238
2237 2239
2238 2240
2238 2547
2238 2364
2239 2241
2240 2241
2240 2242
2241 2242
2241 2243
2242 3098
2242 3653
2242 2824
2243 2244
2243 2245
2244 2245
2244 2341
2245 3097
2245 2717
2246 2247
2246 2248
2246 3675
2247 2248
2247 2947
2248 2249
2248 3094
2249 2250
2249 2251
2250 2251
2250 2252
2250 3109
2251 2252
2251 2253
2251 2842
2253 3608
2254 2255
2254 2256
2256 2257
2257 2258
2257 2259
2257 3589
2257 3772
2258 2259
2258 2260
2259 2260
2259 2261
2261 2263
2261 2531
2262 2802
2263 2264
2263 2265
2263 3271
2264 2266
2265 2266
2266 2327
2267 2268
2268 2270
2268 3212
2268 3493
2268 3309
2269 2270
2269 2271
2270 2271
2270 2272
2270 2382
2270 3914
2271 2272
2271 2820
2271 3278
2272 2273
2272 2694
2274 3106
2275 2276
2275 2334
2275 3683
2276 3619
2277 2279
2277 3841
2277 2983
2278 2280
2279 2280
2280 2281
2281 2282
2281 2283
2281 3055
2282 2284
2283 2785
2283 3698
2284 2286
2284 2439
2284 2892
2284 3283
2285 2286
2285 2287
2286 2287
2286 2288
2286 2781
2286 3680
2287 2288
2287 2289
2287 2781
2288 3015
2288 3705
2289 2290
2289 2291
2290 2510
2291 2292
2291 2890
2292 2457
2292 3125
2294 2295
2295 2300
2296 2297
2296 2298
2297 2688
2298 3483
2299 2300
2299 2301
2301 2303
2301 2930
2301 2386
2302 2303
2302 2304
2304 2306
2305 2306
2305 3366
2306 2307
2306 3234
2307 2308
2307 2605
2308 2309
2308 2310
2309 2310
2309 3193
2309 2772
2309 3611
2310 2389
2311 2312
2311 2529
2311 2733
2312 2313
2312 2314
2313 2314
2314 2316
2314 3696
2315 2317
2316 2318
2317 2318
2317 2319
2317 3400
2318 2320
2318 3722
2319 2320
2319 3852
2320 2321
2321 2322
2321 2984
2322 2324
2322 3012
2323 2324
2323 2325
2324 2325
2324 3034
2325 2326
2325 2327
2325 2373
2326 2327
2326 2328
2326 2387
2327 2328
2327 2329
2327 2371
2328 2329
2328 2404
2329 2331
2330 2331
2330 2332
2331 2332
2331 2767
2332 2333
2332 2362
2332 2483
2333 2335
2333 2829
2334 2336
2335 2336
2335 2337
2336 2338
2336 3835
2337 2338
2337 3885
2338 2340
2338 2481
2338 3998
2339 2341
2339 3656
2339 3698
2340 2341
2340 2636
2340 3847
2341 2342
2341 3319
2342 2344
2342 3988
2343 2345
2344 2346
2345 2347
2345 3942
2346 2348
2346 2907
2347 2348
2347 2349
2348 2350
2348 2724
2348 3585
2349 2350
2350 2966
2351 2352
2351 2353
2352 2354
2352 2852
2352 3004
2353 2355
2353 3201
2354 3671
2355 2356
2355 2357
2355 2447
2356 2358
2358 3448
2359 3466
2360 2361
2360 3405
2361 2363
2362 2364
2363 2364
2363 2365
2363 2843
2364 3548
2364 3598
2364 3217
2365 2825
2365 2964
2366 3542
2367 2368
2368 2369
2368 2370
2369 2370
2369 2371
2370 2371
2370 2794
2372 3437
2372 3583
2373 3015
2374 3963
2375 2376
2375 2522
2376 2377
2376 3021
2377 2400
2378 2379
2378 3745
2378 3441
2379 2380
2379 2381
2380 2381
2380 2382
2381 2383
2381 2682
2381 3471
2382 2383
2383 2384
2383 2385
2383 3341
2385 2386
2386 2387
2386 3278
2388 2389
2388 2668
2388 3743
2390 2392
2390 3347
2391 2392
2391 2393
2391 3672
2392 2393
2393 2951
2393 3409
2393 3782
2393 3945
2394 3011
2394 3514
2395 3859
2395 3959
2396 3887
2397 2399
2397 2998
2398 2399
2398 2400
2398 3769
2399 2400
2399 2401
2400 2401
2400 3779
2401 2402
2401 2403
2402 3304
2403 2931
2404 2405
2404 2714
2404 3354
2405 2406
2405 2407
2406 2407
2406 3080
2407 2409
2408 3282
2409 2411
2409 3815
2410 2411
2410 2412
2410 2801
2411 2412
2411 2413
2412 3682
2412 3427
2412 3931
2413 3289
2413 2905
2414 2415
2414 2416
2415 2416
2415 2417
2416 2417
2416 2418
2417 3405
2418 2420
2419 2420
2419 3175
2419 3282
2420 2421
2420 2422
2421 2423
2422 3000
2423 2424
2423 2425
2423 2875
2424 2425
2424 2426
2424 3817
2425 3749
2425 2577
2426 3516
2427 2428
2427 2429
2427 3898
2428 2429
2429 3268
2429 3718
2431 3219
2432 2433
2432 2878
2433 2434
2433 2435
2434 3539
2434 3207
2435 2436
2435 2437
2436 2702
2436 3416
2437 2438
2437 2472
2438 2439
2438 2930
2439 2440
2439 2441
2439 2808
2440 2442
2440 2764
2441 2442
2441 3549
2442 2444
2443 3001
2443 3679
2443 3760
2444 2445
2444 2769
2444 3144
2445 2446
2445 2447
2446 2448
2447 2449
2447 2618
2448 2449
2448 2450
2449 2450
2449 3519
2449 3014
2450 2452
2451 2453
2451 2739
2452 2454
2453 2454
2453 2455
2454 2455
2454 2456
2454 3694
2455 2456
2455 2979
2456 2885
2456 2769
2457 2459
2457 3695
2457 3829
2458 2485
2458 3366
2458 3455
2459 2460
2460 2461
2460 2462
2461 2631
2462 2464
2462 3013
2463 2464
2463 2661
2463 2882
2465 2467
2465 3804
2465 2511
2466 3507
2467 2469
2469 2470
2469 2471
2469 2744
2469 3830
2470 2471
2470 2472
2470 2893
2470 3202
2471 2472
2471 2473
2471 3318
2472 2473
2472 2474
2473 2475
2473 3628
2473 2584
2473 2757
2473 3889
2474 2727
2475 2476
2475 3697
2476 2477
2476 2478
2476 3321
2477 3223
2477 3336
2478 2479
2478 3040
2479 3200
2479 3901
2480 2481
2480 2482
2481 2483
2481 2701
2481 2580
2482 2484
2482 2648
2484 2485
2484 2486
2484 2770
2485 2487
2486 2487
2486 2488
2486 3206
2487 2489
2487 3808
2488 2490
2488 2729
2489 2491
2491 3526
2491 2664
2492 2493
2492 2494
2493 2495
2494 2496
2495 2497
2495 2637
2496 3585
2497 2498
2497 2499
2498 2499
2498 2500
2500 3884
2502 2503
2502 2971
2503 2505
2504 2505
2504 2506
2504 3944
2505 3723
2506 2507
2506 2704
2506 3263
2507 3135
2508 2509
2508 2510
2509 2510
2509 3151
2510 2512
2510 3303
2511 2512
2512 3380
2512 3387
2512 3099
2513 2959
2513 2970
2514 2515
2514 2516
2514 3999
2515 2614
2515 2863
2516 3947
2516 3351
2516 2874
2517 2518
2518 2519
2518 2520
2518 2527
2519 2521
2520 2521
2520 2522
2521 2522
2521 2523
2522 2523
2522 2884
2523 3519
2524 2525
2524 2526
2526 2527
2526 2579
2527 2595
2528 2530
2529 2531
2529 2770
2530 2531
2530 2532
2532 3619
2533 3285
2534 2535
2534 2536
2535 2537
2535 3314
2536 2537
2536 2538
2537 2539
2537 3039
2538 2540
2538 3004
2539 2541
2539 3288
2539 2783
2539 3524
2540 2774
2541 2542
2541 2543
2541 3168
2541 3972
2542 2543
2543 2895
2543 2878
2544 2545
2544 2546
2544 3160
2545 2546
2545 3898
2546 2547
2546 3970
2547 2909
2547 3774
2548 2549
2548 2922
2549 2550
2550 2998
2550 3941
2550 3825
2551 2552
2551 2553
2552 2553
2553 2555
2553 3268
2554 2555
2554 2556
2555 2556
2555 2557
2556 3036
2557 2558
2557 2559
2557 2572
2558 2560
2559 2561
2560 2561
2560 2562
2561 2563
2561 3071
2562 2563
2562 2564
2563 2564
2564 2565
2564 3123
2565 3038
2566 2568
2567 2569
2567 3995
2568 2569
2568 2570
2569 2570
2570 3515
2570 3891
2571 2572
2571 2573
2572 3341
2572 2688
2573 2575
2573 3030
2574 2575
2575 3496
2576 3339
2577 3577
2578 2580
2578 3101
2579 2580
2581 3527
2581 3100
2581 3518
2582 2583
2582 3453
2583 2584
2583 3926
2584 2586
2585 2587
2587 2589
2588 3354
2588 3937
2589 2904
2589 3851
2590 2697
2590 3656
2590 2928
2591 2593
2591 3749
2591 3810
2592 2769
2593 2779
2594 2595
2594 3147
2595 2596
2595 2597
2595 2851
2596 2598
2597 3816
2598 2599
2598 2600
2599 3467
2599 3041
2600 2601
2600 2602
2601 2603
2602 2604
2602 3636
2603 2605
2603 2781
2604 2606
2604 2936
2605 2606
2605 3009
2605 2902
2606 2608
2607 2608
2607 2609
2607 2666
2608 2609
2608 2610
2609 2610
2609 2611
2609 3278
2610 2611
2611 2613
2612 2613
2612 2614
2612 3516
2613 2614
2613 2615
2614 2615
2614 2616
2614 3068
2615 3724
2615 2771
2616 2618
2616 2637
2617 2618
2617 2619
2618 3674
2619 2620
2619 2621
2620 2622
2621 2623
2622 2623
2622 2624
2623 2624
2623 3239
2624 2626
2624 3788
2624 3381
2625 2626
2625 3019
2626 2627
2626 2628
2627 2628
2627 2629
2628 2630
2629 2631
2629 3066
2629 3184
2630 2631
2630 2632
2631 2632
2632 2715
2632 3536
2633 2634
2634 2635
2634 2837
2635 2637
2635 3543
2636 2638
2637 2638
2637 3878
2638 3337
2638 3660
2639 2641
2639 2998
2639 3096
2639 3057
2640 2641
2640 2642
2641 2642
2641 3336
2642 2643
2642 2644
2642 3620
2643 2645
2644 2646
2644 3492
2645 2646
2645 2647
2646 2647
2646 3736
2647 2648
2647 3330
2648 2649
2648 3062
2648 3101
2649 2650
2649 2651
2650 2651
2650 2652
2650 3137
2651 2652
2651 2653
2652 2653
2652 2654
2652 2958
2653 2655
2653 3247
2653 2835
2654 2655
2655 3503
2655 3851
2656 2657
2657 2659
2657 3935
2658 2749
2659 2660
2660 2662
2661 2663
2661 3179
2662 3326
2663 3210
2664 2665
2664 3860
2665 2667
2665 3520
2665 3930
2667 2668
2667 2669
2668 3175
2668 3788
2669 2671
2669 3508
2670 2671
2670 2672
2671 2673
2671 2903
2672 2674
2672 3377
2673 2675
2673 3306
2673 3678
2673 3686
2674 3818
2674 3944
2675 2676
2675 2677
2675 3102
2676 2677
2677 3109
2677 3986
2678 2679
2678 3130
2679 2681
2680 2681
2680 2682
2681 2682
2682 2683
2683 2684
2683 2685
2683 3300
2684 3067
2684 3158
2685 2686
2685 2803
2685 3439
2686 2688
2687 2688
2687 2689
2688 2689
2689 2690
2689 2691
2690 2691
2691 2693
2691 3761
2693 2694
2693 2695
2694 2695
2695 3156
2696 3783
2697 2698
2698 2700
2698 2722
2699 2700
2699 2701
2700 2701
2700 3316
2701 2703
2701 3981
2701 3784
2702 3883
2702 2796
2702 3787
2703 2705
2704 3849
2705 3070
2707 2709
2708 2710
2709 2710
2709 2711
2710 2711
2710 3886
2711 2731
2712 3668
2713 2715
2713 3194
2714 2715
2714 3719
2715 2716
2715 3096
2716 2717
2716 3247
2717 2718
2717 2719
2718 2719
2718 2720
2719 2720
2719 2721
2720 2963
2720 3496
2720 2811
2722 2724
2723 3927
2724 2726
2725 3067
2725 2838
2726 2727
2726 2728
2727 2728
2727 2990
2729 3040
2730 2731
2731 2785
2732 2733
2733 2734
2733 3256
2734 2736
2735 2736
2735 2737
2736 2737
2736 2738
2736 3345
2737 3423
2737 3154
2738 2740
2738 3253
2739 2740
2740 2741
2740 2742
2741 2813
2741 3126
2743 2744
2743 2745
2743 2863
2744 2745
2744 3997
2745 2746
2745 2747
2746 2748
2747 3955
2747 3869
2748 2749
2749 2750
2749 3425
2750 2751
2750 2752
2751 2752
2751 2981
2751 3243
2752 2754
2753 2754
2754 2755
2754 2756
2755 3494
2756 2757
2756 2758
2757 2759
2758 3144
2759 2760
2759 2761
2760 2762
2761 3704
2762 3815
2763 2764
2763 2765
2763 3929
2764 3051
2764 3340
2765 2766
2766 2767
2766 2768
2766 3711
2768 2770
2768 3308
2769 2770
2769 3861
2770 2790
2771 3526
2772 3142
2772 3582
2773 2775
2773 3122
2774 2775
2774 3024
2775 2777
2776 3648
2777 2778
2777 2779
2777 3975
2778 2779
2779 2781
2779 3030
2780 2781
2780 2782
2784 2786
2784 3521
2785 2786
2785 2787
2786 2788
2786 3600
2786 3097
2787 2788
2787 2789
2788 2790
2788 3255
2789 2791
2790 2791
2790 2792
2790 3586
2791 2792
2791 3124
2792 2793
2792 2794
2793 2794
2793 2795
2794 2795
2795 2796
2795 2797
2795 3480
2796 2798
2796 3748
2797 2798
2797 3063
2798 3314
2798 3709
2798 3688
2799 2800
2800 2802
2801 2802
2802 2803
2804 2805
2805 2806
2806 2952
2807 2809
2808 2809
2809 2810
2809 2811
2810 2811
2810 2812
2812 2813
2813 2815
2813 3139
2814 2815
2814 2816
2815 2816
2815 3609
2815 3887
2815 3765
2816 2817
2816 2818
2817 2818
2817 2819
2818 2820
2819 3275
2819 3727
2821 2823
2822 2823
2822 2824
2823 2824
2823 2825
2823 3823
2824 2825
2824 3619
2826 2827
2826 3593
2827 2829
2828 2829
2828 2830
2829 2830
2829 2831
2830 2832
2830 3876
2831 3178
2832 3134
2834 2898
2835 2836
2836 2837
2837 2838
2837 2839
2837 3053
2838 2839
2839 2841
2841 2842
2841 2843
2843 3166
2844 3319
2845 2846
2845 2847
2846 2847
2846 2848
2847 3960
2848 3604
2848 3856
2849 2851
2849 3510
2850 2851
2850 2852
2851 2852
2852 2853
2852 2854
2853 2854
2853 2855
2854 3023
2855 2857
2856 2857
2856 3928
2857 2858
2857 2859
2858 2859
2858 3993
2859 2860
2861 2862
2862 2863
2862 2864
2862 3359
2863 3857
2865 3783
2866 3048
2866 2910
2866 3881
2867 2868
2867 3977
2868 2869
2868 2870
2868 3884
2869 2870
2869 3844
2869 3023
2871 2872
2872 2873
2872 3677
2873 2875
2873 3615
2875 2876
2875 2901
2876 2878
2877 2878
2877 3314
2878 3421
2879 2880
2879 3814
2880 2881
2881 2882
2881 2883
2882 2883
2883 3577
2884 2885
2885 2886
2885 2887
2885 3222
2886 2888
2886 3492
2887 2889
2887 3055
2888 2889
2888 2890
2890 2892
2891 2892
2891 3374
2892 3289
2892 3090
2893 2895
2894 3749
2895 2896
2895 2897
2895 3332
2896 2897
2897 2899
2898 2899
2898 2900
2899 2900
2899 2901
2900 2901
2900 2902
2901 2903
2901 3365
2902 3276
2903 3874
2904 2906
2905 2907
2906 2908
2906 3026
2906 3228
2907 3791
2907 3054
2908 3640
2909 2910
2909 2911
2911 2913
2912 2913
2912 2914
2913 2914
2913 2915
2914 2915
2914 2916
2915 2916
2916 2917
2916 2918
2917 3979
2918 3882
2918 3776
2919 2920
2919 2921
2920 2921
2920 2922
2922 2923
2922 2924
2923 2925
2923 3497
2924 2926
2924 3198
2925 2926
2925 3560
2927 2928
2927 3366
2927 3333
2928 3634
2928 3698
2929 2930
2929 2931
2930 3094
2930 3606
2931 3888
2932 2934
2932 2992
2933 2934
2933 3177
2934 3915
2934 3740
2935 2936
2935 2937
2936 2937
2936 2938
2936 3782
2937 3038
2938 2940
2938 3310
2939 2940
2939 3724
2940 2941
2940 3515
2940 3674
2941 2943
2941 3525
2942 2943
2942 2944
2943 2944
2943 2945
2944 2945
2944 2946
2945 3160
2945 3033
2945 3897
2946 2947
2946 2948
2947 2948
2947 3242
2948 3890
2948 3564
2949 2951
2949 3742
2950 2951
2950 3832
2951 3457
2952 2953
2952 2954
2953 2954
2953 2955
2954 2956
2954 3606
2955 2957
2955 3336
2956 2957
2957 2958
2957 2959
2958 2960
2961 3936
2962 2963
2963 2965
2964 2965
2964 3546
2966 2968
2966 3188
2967 2969
2968 2969
2968 2970
2969 2971
2971 2972
2971 2973
2972 2973
2972 2974
2973 2975
2973 3522
2974 2976
2974 3754
2976 2978
2976 3165
2977 3133
2978 2980
2979 2981
2980 3570
2980 3250
2982 2984
2983 2993
2983 3371
2984 3758
2985 2986
2985 3463
2987 2988
2987 2989
2988 2989
2988 2990
2989 2990
2989 2991
2990 2991
2991 2992
2991 2993
2993 2994
2993 2995
2993 3903
2994 3010
2995 2996
2996 2997
2996 2998
2996 3114
3000 3001
3000 3002
3001 3002
3001 3003
3003 3004
3003 3453
3005 3006
3006 3007
3006 3008
3011 3012
3011 3017
3012 3013
3012 3473
3013 3015
3013 3113
3014 3015
3014 3266
3015 3017
3018 3019
3018 3020
3019 3020
3019 3477
3020 3021
3020 3022
3020 3617
3021 3022
3022 3023
3022 3024
3024 3025
3024 3026
3025 3026
3025 3027
3026 3027
3026 3468
3027 3105
3028 3029
3028 3042
3029 3030
3029 3031
3030 3032
3030 3223
3031 3033
3031 3412
3031 3284
3032 3034
3033 3034
3034 3036
3034 3406
3034 3399
3035 3036
3035 3348
3036 3037
3036 3038
3037 3038
3038 3039
3039 3041
3040 3041
3040 3288
3043 3982
3044 3045
3046 3047
3046 3048
3047 3048
3047 3623
3048 3049
3048 3050
3049 3540
3049 3499
3049 3577
3049 3933
3050 3051
3050 3052
3050 3691
3051 3053
3052 3053
3052 3078
3053 3054
3054 3055
3054 3056
3055 3057
3055 3879
3056 3058
3057 3058
3057 3173
3058 3059
3058 3349
3059 3060
3059 3061
3060 3061
3060 3062
3061 3062
3062 3064
3064 3065
3064 3066
3065 3066
3066 3829
3066 3481
3067 3068
3067 3069
3068 3070
3070 3071
3071 3073
3071 3468
3072 3073
3073 3074
3073 3124
3074 3152
3074 3997
3075 3077
3075 3679
3076 3077
3076 3684
3077 3079
3077 3217
3078 3079
3079 3081
3079 3513
3080 3081
3080 3082
3081 3083
3082 3083
3083 3084
3083 3085
3083 3585
3084 3086
3084 3559
3085 3086
3085 3087
3086 3087
3086 3088
3087 3258
3088 3090
3088 3305
3089 3091
3089 3442
3090 3091
3092 3094
3093 3094
3093 3984
3095 3096
3095 3097
3096 3098
3097 3936
3098 3823
3099 3100
3100 3101
3100 3102
3102 3229
3103 3104
3103 3862
3105 3107
3107 3225
3107 3569
3108 3109
3108 3110
3111 3113
3111 3136
3111 3600
3112 3113
3112 3114
3112 3615
3113 3114
3114 3856
3115 3116
3115 3117
3116 3117
3116 3118
3117 3118
3117 3995
3118 3120
3119 3729
3120 3121
3121 3123
3122 3123
3123 3124
3123 3125
3124 3125
3124 3126
3125 3957
3125 3437
3126 3128
3126 3927
3127 3129
3128 3129
3129 3658
3129 3843
3130 3132
3131 3759
3132 3134
3133 3497
3134 3196
3135 3968
3136 3137
3136 3858
3137 3139
3139 3140
3140 3141
3141 3925
3141 3756
3142 3144
3143 3209
3144 3145
3145 3146
3146 3147
3146 3148
3147 3149
3148 3467
3149 3150
3150 3151
3150 3152
3151 3612
3151 3694
3152 3153
3152 3154
3153 3225
3154 3155
3154 3727
3155 3157
3155 3702
3156 3157
3157 3182
3157 3190
3158 3944
3159 3161
3159 3175
3160 3162
3161 3162
3161 3440
3162 3163
3162 3455
3162 3287
3163 3164
3165 3167
3165 3635
3166 3258
3167 3168
3167 3169
3167 3428
3169 3439
3171 3172
3171 3173
3172 3174
3172 3346
3173 3175
3173 3317
3174 3175
3175 3177
3176 3177
3178 3891
3179 3227
3180 3617
3181 3182
3181 3227
3182 3183
3182 3536
3183 3184
3183 3185
3184 3185
3184 3952
3185 3355
3186 3188
3187 3188
3187 3189
3188 3189
3189 3190
3189 3191
3191 3192
3191 3193
3193 3194
3193 3195
3194 3195
3194 3330
3195 3196
3195 3197
3196 3197
3196 3198
3197 3198
3197 3199
3198 3200
3198 3462
3199 3201
3200 3574
3201 3202
3202 3203
3203 3204
3203 3205
3203 3438
3205 3206
3206 3208
3206 3920
3207 3209
3208 3210
3209 3210
3209 3629
3210 3649
3211 3213
3211 3419
3213 3214
3214 3216
3214 3240
3215 3217
3215 3678
3218 3220
3218 3934
3219 3220
3219 3221
3221 3222
3221 3223
3221 3898
3222 3223
3223 3225
3223 3616
3224 3226
3226 3227
3226 3228
3226 3425
3227 3229
3227 3235
3228 3933
3229 3506
3230 3231
3231 3925
3232 3981
3233 3235
3235 3312
3236 3237
3236 3238
3237 3238
3237 3239
3239 3240
3240 3241
3240 3242
3241 3410
3243 3244
3244 3245
3244 3920
3245 3246
3245 3247
3246 3247
3246 3603
3247 3253
3248 3249
3250 3252
3251 3252
3252 3254
3252 3532
3254 3256
3255 3257
3257 3259
3259 3261
3260 3261
3261 3910
3261 3967
3262 3264
3262 3509
3263 3265
3264 3265
3265 3266
3266 3267
3267 3268
3267 3269
3268 3270
3269 3270
3269 3271
3269 3451
3269 3607
3270 3271
3270 3311
3271 3273
3271 3397
3272 3737
3273 3274
3273 3275
3274 3275
3274 3500
3275 3277
3276 3278
3276 3741
3277 3278
3277 3344
3278 3799
3279 3280
3279 3554
3280 3281
3280 3478
3281 3282
3283 3285
3284 3920
3285 3286
3285 3287
3286 3287
3286 3288
3288 3289
3288 3290
3290 3291
3290 3292
3291 3292
3291 3293
3292 3294
3292 3578
3293 3294
3293 3487
3294 3295
3294 3794
3295 3297
3296 3297
3297 3299
3298 3300
3300 3523
3301 3302
3301 3370
3303 3304
3304 3305
3304 3306
3305 3306
3307 3993
3307 3380
3308 3309
3309 3310
3310 3311
3311 3312
3311 3313
3312 3313
3312 3314
3313 3314
3315 3317
3316 3318
3317 3318
3318 3325
3319 3320
3319 3321
3320 3321
3320 3322
3321 3322
3322 3323
3322 3324
3323 3324
3323 3325
3324 3325
3326 3328
3327 3329
3327 3883
3328 3330
3329 3330
3329 3331
3331 3333
3331 3814
3332 3333
3332 3498
3333 3334
3334 3336
3335 3337
3336 3338
3337 3618
3339 3340
3339 3341
3340 3341
3341 3342
3341 3645
3341 3774
3342 3343
3343 3344
3343 3345
3344 3345
3344 3346
3345 3347
3346 3347
3346 3348
3347 3349
3347 3521
3348 3350
3349 3350
3349 3351
3350 3351
3350 3352
3351 3353
3351 3825
3351 3915
3352 3353
3353 3354
3353 3355
3354 3355
3355 3356
3356 3357
3356 3358
3357 3359
3358 3359
3358 3801
3359 3360
3361 3362
3361 3363
3362 3364
3362 3649
3363 3365
3363 3424
3363 3623
3364 3365
3364 3366
3365 3367
3366 3368
3367 3368
3368 3369
3368 3370
3369 3371
3370 3371
3372 3373
3372 3374
3372 3938
3373 3374
3373 3375
3375 3587
3376 3377
3376 3378
3377 3378
3378 3380
3378 3851
3379 3381
3380 3381
3380 3382
3380 3460
3381 3382
3382 3383
3382 3384
3383 3384
3385 3714
3386 3387
3386 3388
3387 3389
3389 3390
3389 3391
3390 3391
3390 3392
3391 3393
3392 3394
3394 3396
3395 3396
3395 3397
3396 3397
3396 3398
3397 3398
3397 3807
3398 3399
3400 3402
3401 3402
3401 3403
3402 3403
3404 3405
3405 3406
3407 3408
3407 3409
3408 3409
3408 3410
3409 3411
3410 3411
3410 3412
3412 3413
3412 3414
3412 3949
3413 3414
3413 3415
3414 3415
3415 3417
3416 3418
3417 3418
3418 3420
3419 3420
3419 3421
3421 3422
3422 3424
3423 3425
3424 3440
3424 3970
3424 3846
3425 3426
3426 3427
3426 3850
3427 3428
3428 3430
3429 3589
3430 3431
3431 3432
3432 3433
3432 3434
3433 3434
3434 3436
3435 3436
3435 3511
3437 3438
3437 3439
3438 3440
3439 3441
3440 3442
3442 3444
3442 3943
3443 3444
3443 3445
3444 3445
3445 3447
3446 3616
3447 3449
3448 3450
3449 3451
3449 3530
3449 3608
3450 3451
3450 3452
3454 3455
3454 3549
3455 3456
3456 3457
3456 3458
3457 3459
3458 3459
3459 3460
3459 3461
3461 3462
3461 3963
3462 3949
3463 3464
3463 3465
3464 3466
3465 3466
3465 3467
3466 3468
3467 3469
3468 3941
3470 3536
3472 3473
3472 3474
3473 3731
3474 3475
3474 3476
3475 3476
3475 3855
3476 3478
3477 3578
3478 3480
3480 3481
3481 3482
3482 3483
3482 3484
3483 3484
3484 3525
3484 3954
3485 3486
3485 3865
3486 3487
3486 3842
3487 3488
3487 3489
3488 3489
3489 3491
3490 3491
3490 3492
3491 3493
3492 3493
3493 3495
3494 3495
3495 3496
3497 3499
3497 3644
3498 3901
3499 3500
3499 3747
3500 3501
3500 3502
3501 3502
3501 3503
3503 3505
3504 3505
3504 3506
3505 3506
3505 3507
3506 3508
3507 3509
3508 3509
3508 3939
3511 3513
3512 3513
3513 3515
3514 3515
3514 3516
3515 3516
3516 3518
3519 3520
3520 3921
3522 3806
3523 3525
3524 3526
3525 3526
3525 3906
3526 3528
3527 3528
3527 3529
3528 3529
3528 3530
3529 3530
3530 3532
3532 3533
3533 3534
3534 3535
3534 3536
3534 3730
3535 3536
3536 3881
3537 3983
3538 3540
3539 3540
3539 3541
3541 3542
3542 3543
3542 3544
3542 3856
3544 3545
3544 3546
3545 3546
3545 3547
3546 3547
3546 3548
3546 3739
3547 3549
3547 3592
3548 3550
3549 3986
3549 3676
3550 3552
3551 3552
3552 3888
3553 3634
3554 3556
3555 3556
3555 3557
3556 3558
3557 3558
3557 3559
3558 3559
3558 3560
3559 3560
3560 3561
3561 3562
3561 3563
3562 3563
3562 3564
3563 3564
3564 3566
3565 3566
3565 3567
3566 3567
3566 3568
3567 3569
3568 3570
3568 3643
3569 3570
3570 3571
3570 3572
3570 3711
3571 3572
3572 3573
3574 3576
3575 3576
3575 3577
3576 3951
3576 3786
3577 3578
3578 3579
3578 3580
3579 3580
3579 3581
3580 3581
3580 3582
3581 3583
3582 3583
3583 3584
3584 3585
3584 3586
3587 3588
3587 3589
3588 3589
3588 3590
3589 3591
3591 3592
3591 3593
3592 3594
3593 3594
3595 3596
3595 3597
3596 3598
3597 3599
3597 3778
3598 3600
3599 3720
3600 3741
3601 3602
3601 3747
3602 3603
3603 3604
3604 3606
3604 3780
3605 3607
3606 3608
3607 3609
3609 3611
3610 3611
3610 3612
3611 3731
3613 3614
3613 3615
3614 3616
3615 3616
3616 3618
3621 3622
3621 3623
3625 3626
3625 3627
3626 3627
3627 3629
3628 3629
3628 3630
3629 3630
3630 3631
3630 3632
3631 3632
3631 3633
3632 3633
3632 3634
3633 3634
3633 3635
3634 3636
3635 3636
3636 3637
3638 3639
3638 3640
3639 3640
3639 3641
3640 3641
3641 3642
3641 3643
3641 3888
3642 3724
3643 3644
3644 3646
3645 3905
3646 3778
3647 3649
3648 3649
3648 3650
3650 3651
3650 3652
3651 3666
3652 3653
3652 3654
3653 3654
3653 3655
3654 3742
3655 3657
3656 3657
3656 3858
3657 3658
3658 3660
3658 3880
3659 3660
3659 3661
3660 3661
3660 3662
3661 3662
3661 3663
3662 3663
3663 3665
3665 3666
3665 3670
3669 3671
3670 3671
3670 3672
3671 3672
3672 3673
3673 3674
3676 3677
3676 3678
3678 3680
3682 3684
3683 3685
3684 3686
3685 3686
3687 3688
3687 3689
3689 3690
3689 3691
3689 3909
3692 3694
3693 3695
3694 3696
3695 3696
3695 3697
3697 3699
3697 3849
3700 3701
3700 3702
3701 3702
3703 3704
3703 3705
3704 3706
3705 3706
3706 3707
3706 3708
3709 3711
3710 3711
3711 3977
3713 3714
3713 3715
3717 3718
3717 3848
3718 3720
3720 3745
3722 3724
3723 3725
3724 3726
3725 3726
3725 3727
3726 3728
3727 3961
3729 3731
3730 3731
3732 3733
3732 3734
3733 3734
3733 3735
3734 3735
3734 3736
3735 3736
3735 3737
3736 3737
3737 3738
3737 3915
3737 3955
3738 3739
3738 3743
3739 3740
3740 3741
3740 3742
3740 3765
3740 3839
3741 3742
3742 3744
3744 3746
3745 3746
3745 3747
3746 3747
3747 3748
3748 3750
3749 3750
3752 3753
3754 3755
3755 3757
3756 3757
3756 3758
3757 3758
3757 3759
3758 3760
3758 3996
3759 3760
3760 3762
3764 3765
3767 3769
3768 3769
3768 3770
3768 3887
3770 3771
3770 3772
3771 3773
3772 3774
3773 3774
3773 3870
3775 3777
3777 3778
3780 3782
3781 3783
3782 3784
3785 3787
3787 3788
3789 3790
3789 3791
3790 3792
3791 3793
3792 3794
3793 3794
3793 3795
3794 3795
3796 3798
3797 3798
3797 3799
3798 3799
3798 3800
3799 3800
3800 3802
3801 3803
3802 3803
3802 3804
3803 3804
3804 3805
3806 3807
3806 3808
3807 3808
3808 3809
3808 3810
3810 3811
3811 3812
3811 3813
3812 3814
3813 3814
3813 3815
3814 3815
3816 3818
3817 3819
3818 3819
3818 3820
3819 3820
3819 3821
3820 3822
3821 3822
3821 3823
3822 3823
3822 3824
3824 3825
3826 3828
3827 3828
3827 3829
3828 3829
3828 3830
3829 3831
3831 3832
3831 3833
3832 3834
3833 3835
3833 3849
3834 3836
3834 3874
3835 3836
3837 3839
3838 3840
3839 3952
3840 3841
3840 3961
3841 3842
3841 3843
3842 3843
3842 3844
3844 3845
3844 3846
3845 3846
3846 3847
3846 3848
3847 3849
3848 3850
3849 3850
3850 3852
3851 3852
3852 3853
3852 3854
3853 3854
3853 3855
3855 3857
3855 3999
3857 3858
3858 3859
3858 3860
3861 3862
3861 3879
3863 3864
3863 3865
3864 3865
3864 3866
3865 3867
3866 3867
3867 3868
3868 3869
3869 3870
3870 3872
3871 3872
3871 3873
3872 3873
3872 3962
3873 3874
3873 3934
3875 3876
3876 3877
3876 3878
3877 3878
3877 3879
3880 3881
3880 3882
3881 3882
3883 3884
3883 3885
3884 3885
3887 3888
3888 3890
3889 3890
3890 3891
3891 3973
3892 3893
3893 3894
3893 3895
3894 3895
3896 3898
3899 3900
3899 3901
3900 3901
3900 3902
3901 3903
3903 3904
3904 3905
3905 3907
3906 3907
3907 3909
3908 3981
3909 3911
3911 3912
3912 3914
3913 3915
3914 3915
3915 3916
3916 3917
3916 3918
3917 3918
3917 3919
3918 3919
3919 3921
3922 3923
3923 3924
3923 3925
3924 3926
3925 3926
3928 3929
3928 3930
3929 3930
3931 3932
3934 3935
3936 3937
3936 3938
3937 3939
3939 3940
3940 3942
3941 3943
3942 3943
3942 3944
3944 3946
3946 3947
3946 3948
3947 3948
3948 3949
3950 3952
3951 3952
3951 3953
3951 3989
3952 3954
3953 3954
3953 3955
3954 3955
3956 3957
3957 3959
3958 3959
3958 3960
3959 3960
3959 3961
3959 3979
3960 3962
3961 3962
3962 3963
3963 3964
3963 3965
3964 3965
3964 3966
3965 3967
3966 3967
3967 3968
3968 3969
3968 3970
3969 3971
3971 3972
3972 3973
3973 3975
3976 3978
3977 3978
3978 3980
3981 3983
3983 3984
3984 3986
3985 3986
3987 3988
3987 3989
3988 3989
3988 3990
3989 3991
3990 3992
3991 3992
3991 3993
3992 3993
3993 3994
3994 3996
3995 3996
3995 3997
3996 3998
3997 3998
