5000 10000
0 2
0 4998
0 4972
1 2
1 4999
1 2179
2 4
2 367
2 4354
3 5
3 4280
3 1332
4 6
4 1901
4 3111
5 6
5 1302
6 8
6 3485
6 4770
6 1358
7 9
7 3036
7 4586
8 702
8 4511
8 4976
9 4172
9 1342
9 918
9 149
10 11
10 4222
10 2864
11 12
11 4482
12 13
12 1357
12 3212
13 3180
13 2873
14 4004
14 1230
14 2042
15 2177
15 4764
15 4827
16 18
16 2857
16 538
16 2979
16 3896
17 18
17 1607
17 956
17 3873
18 19
18 1018
18 1624
18 1205
18 1421
19 20
19 2469
19 3954
19 107
19 1419
20 21
20 22
21 22
21 3400
21 3684
21 940
22 3839
22 4577
23 25
23 3424
23 1248
24 4071
24 4713
25 27
25 577
25 4955
25 2558
26 27
26 4126
27 28
27 29
27 3763
28 30
28 4788
28 2487
29 30
29 31
29 3328
30 31
30 32
30 722
30 1381
31 32
31 33
32 34
32 2016
32 391
33 34
33 35
34 3382
34 1150
34 2977
35 36
35 37
35 828
35 4384
35 284
36 37
36 819
37 38
37 39
38 3803
38 2785
38 3595
39 2688
39 1502
39 4757
40 42
40 2121
40 2083
41 4218
41 2119
41 2227
42 43
42 2986
42 1527
42 4681
43 45
43 3951
43 1298
43 3061
44 45
44 3064
45 46
45 579
45 4859
45 2474
45 2868
46 47
46 1901
46 1742
46 2127
46 4243
47 1241
47 2314
47 3740
48 1780
48 158
48 3359
48 682
49 51
49 3212
49 2597
50 1545
50 3643
50 3053
50 1770
51 52
51 53
51 3518
52 54
52 257
53 834
53 2434
53 1392
54 55
54 56
54 323
55 57
55 3392
55 846
56 57
56 4575
57 58
57 2968
58 59
58 60
58 1063
58 2382
59 60
59 3022
60 61
60 3058
61 62
61 63
61 2197
61 3488
62 63
62 1343
62 562
63 65
63 1096
64 4418
64 4269
64 176
65 1700
65 1057
65 4800
66 2717
66 1249
67 2965
67 4639
68 1657
68 1314
68 1342
69 71
69 716
69 1232
70 71
70 72
70 2729
71 72
71 4614
72 73
72 74
72 293
73 74
73 2498
73 2767
73 4018
74 76
74 973
74 1748
75 76
75 3253
76 3212
76 1405
77 78
77 4682
78 79
78 80
79 80
79 3498
79 3094
80 82
80 235
80 2292
80 2349
81 82
81 83
81 2257
82 83
82 84
82 1503
82 2474
83 3546
83 2095
83 1171
84 86
84 243
84 428
84 4706
85 86
85 3542
85 3537
85 1434
85 4192
86 87
86 88
86 610
86 2489
87 89
87 3559
87 1435
87 2383
88 90
88 1309
89 90
89 3131
89 4288
89 2348
90 92
90 538
90 1415
90 4802
91 92
91 2669
92 3096
92 4241
92 1015
92 742
93 94
93 2930
93 1076
94 95
94 96
94 3251
95 96
95 1080
95 900
95 3107
96 97
96 98
96 2727
96 4263
97 99
97 3610
97 617
97 4736
98 3149
98 1565
99 100
99 1293
99 859
99 1636
100 101
100 102
101 103
101 3608
102 104
102 2574
102 1379
102 339
102 2421
103 104
103 105
103 2437
103 2212
104 916
104 3329
104 3898
104 4261
104 4292
105 106
105 923
105 3660
105 4013
106 107
106 108
106 751
107 108
108 110
108 455
108 403
108 2425
109 111
109 1670
110 111
110 3287
111 297
111 4806
112 2959
112 1022
113 115
113 4371
113 1771
113 4184
114 1675
114 4749
114 3767
115 117
115 4078
116 1014
116 3112
116 1750
117 118
117 119
117 2905
118 120
118 3572
118 2334
118 3219
119 121
119 3382
119 4607
119 449
120 122
120 2111
120 4787
120 4923
121 123
121 2828
121 385
121 823
121 4174
121 1148
122 123
122 124
122 3006
123 125
123 1012
124 303
124 3117
124 3216
125 126
125 127
125 3162
126 2512
126 2860
126 4390
126 1781
127 129
127 1419
127 2085
128 2273
128 1511
129 130
129 1062
130 131
130 132
130 3400
131 4446
131 1748
131 4571
131 2497
132 393
132 262
132 2893
133 134
133 2895
134 136
134 1624
135 136
135 3565
136 138
136 467
137 138
137 3717
137 3767
137 723
138 140
138 3525
139 140
139 141
140 141
140 2605
140 2935
140 145
141 142
141 2162
141 3945
142 143
142 976
142 1516
143 144
143 145
143 2084
143 4958
144 145
144 146
145 3249
146 148
146 2948
146 1194
146 4936
147 148
147 1231
148 149
148 150
149 4771
150 152
150 4567
150 4807
151 152
151 153
152 154
152 4007
153 155
153 4968
154 155
154 4670
154 510
155 156
155 157
156 1094
156 2651
156 2110
157 4684
157 3212
157 959
158 3941
158 2270
159 160
159 161
159 4495
159 3469
159 3715
160 4595
160 2234
160 3842
161 163
161 4282
161 708
161 3728
161 4415
162 164
162 795
162 4627
163 164
163 165
164 166
164 1475
165 167
165 3182
166 167
166 168
166 3390
166 4532
167 168
167 3039
168 169
168 170
169 170
169 171
170 171
170 172
171 172
171 173
172 695
172 4177
173 4730
173 1744
173 2406
174 176
174 2129
175 177
175 1261
176 177
176 2190
176 3309
177 178
177 3840
177 720
177 1701
178 179
178 3080
178 1227
179 181
179 313
179 2284
179 3968
180 182
180 2033
180 1406
180 2495
181 182
181 183
182 183
182 184
182 2536
183 184
183 390
183 1584
184 185
184 186
184 2580
185 186
185 187
186 2851
186 4847
187 188
187 2954
188 189
188 190
188 4364
188 1097
189 190
189 1581
190 542
190 835
191 193
191 3887
192 194
192 1880
192 4309
193 194
193 195
193 789
194 195
194 3710
194 1256
195 197
195 3269
195 3182
196 197
196 198
197 198
197 4101
198 199
198 200
198 3559
199 201
199 1347
199 3736
200 202
200 1404
201 202
201 203
201 2549
202 203
202 1233
203 204
203 205
203 1630
203 1772
204 206
204 1334
204 3031
205 206
205 207
205 244
206 207
206 2468
207 208
207 209
207 1517
208 1589
208 961
208 2300
209 1599
209 432
209 972
210 2144
210 1520
210 2644
211 2007
211 4517
211 3620
212 3481
212 789
213 215
213 2384
214 215
214 4393
215 216
215 217
216 762
216 1081
217 218
217 219
218 219
218 220
218 1399
218 3060
218 3828
219 220
219 221
219 3433
220 247
220 1270
220 2135
221 4577
221 732
221 4503
222 1571
222 2221
222 2590
223 449
223 3075
223 3468
224 2062
224 4025
225 4288
225 1073
226 227
226 3194
226 787
227 229
227 3674
227 4725
228 229
228 230
229 230
229 3589
229 2839
229 4926
230 231
230 232
231 233
231 4487
231 2352
231 1332
231 1433
232 233
232 3829
232 4667
233 234
233 235
233 351
234 235
234 236
234 2726
234 3340
235 236
235 3800
235 3889
235 953
235 1118
236 237
236 238
236 767
236 2852
237 238
237 239
237 1460
237 3026
238 239
238 240
238 2832
239 240
239 241
239 4858
239 326
240 241
240 242
240 2546
241 242
241 4945
242 243
242 244
243 244
243 2890
243 2315
244 929
245 2210
245 2534
246 3821
246 2232
247 248
247 1173
248 249
248 250
248 1758
249 251
249 407
249 3233
249 3598
250 252
250 1092
250 1840
250 2085
251 252
251 3658
251 595
252 253
252 254
252 4522
253 255
253 3610
253 1058
254 4638
254 3420
255 256
255 4286
255 2859
255 4672
256 257
256 2932
256 1724
256 2254
257 258
257 4898
257 2959
257 3163
257 3420
258 259
258 260
259 330
259 3260
260 916
260 899
260 3075
261 3611
261 3875
261 2001
261 3635
262 4099
263 264
263 681
264 3991
264 1369
264 391
265 3632
265 690
266 267
266 4772
266 4492
267 268
267 269
267 977
267 4792
268 269
268 890
268 3471
269 270
269 271
269 1612
270 272
270 3942
271 272
271 3332
272 273
272 544
273 2847
273 706
273 3098
274 1143
274 3655
274 3257
275 276
275 3723
275 2978
276 278
276 393
277 278
277 279
277 1076
277 1349
277 3619
277 4090
278 4039
278 2874
278 1279
279 1755
279 2743
279 4672
280 282
280 4330
280 3478
281 3059
281 1122
281 748
281 550
281 1504
281 4561
282 283
282 284
282 1726
283 284
283 285
283 4524
284 4644
284 479
285 286
285 287
285 2620
286 287
286 288
287 288
287 289
288 290
288 4922
289 291
289 719
289 2608
290 291
290 1543
291 292
291 3990
292 293
292 294
293 294
293 347
293 900
293 2594
293 950
294 295
294 4348
294 383
295 4114
295 4564
295 1798
295 602
295 2404
296 297
296 298
296 541
297 299
297 4005
298 300
298 4755
298 4227
299 301
299 4368
299 652
300 301
300 302
300 495
301 302
301 303
301 3024
301 4380
302 4374
302 2051
302 1181
303 3621
303 2486
303 2378
303 3028
304 306
304 955
304 1067
305 307
305 2322
305 4240
305 1764
306 307
306 1109
306 2848
307 309
307 2481
308 309
308 1962
308 822
309 2844
309 675
309 3059
310 312
310 4659
311 312
311 313
312 1006
312 4103
312 878
313 314
313 2897
314 315
314 316
314 4745
315 317
315 3314
316 317
316 318
316 3195
317 319
317 1174
317 1448
318 4118
318 838
319 320
319 1614
319 4359
320 322
320 4925
321 322
321 323
321 535
321 4946
322 323
322 324
322 2469
323 1083
324 325
324 326
324 1720
324 2051
325 327
325 4163
325 4481
325 912
326 327
326 2271
327 328
327 2259
328 329
328 330
329 2649
329 2001
329 2834
330 332
330 3408
330 3361
331 4051
331 1569
331 1735
332 3511
332 1180
332 4340
333 334
333 345
333 489
333 3190
334 335
334 336
335 336
335 337
335 784
335 2826
336 338
336 476
336 4695
337 339
337 4790
337 1454
337 2249
338 339
338 340
339 340
340 341
340 2896
340 1216
340 2149
340 3429
341 342
341 872
342 343
342 344
343 345
343 2596
343 3537
344 346
344 2694
344 3581
344 1754
345 4037
345 3795
345 2126
346 347
346 440
347 410
348 349
348 350
349 351
349 3076
349 1994
349 1127
349 4636
350 352
350 4354
351 4945
352 353
352 1592
352 3032
352 3096
352 496
353 354
353 355
353 3532
354 355
354 356
354 2435
354 1955
355 3482
355 400
355 2500
356 357
356 4129
357 358
357 359
357 1365
357 2086
358 359
358 2117
359 3059
359 1171
359 3967
360 362
360 1069
360 1001
361 363
361 1089
361 3393
362 3989
362 1736
363 364
363 365
364 366
364 4907
365 366
365 700
365 2608
365 3912
366 367
366 368
367 368
367 2204
368 369
368 370
368 2296
369 370
369 4705
370 371
370 372
370 3629
371 372
371 1788
371 2117
372 374
372 4249
372 1091
372 3760
373 374
373 764
373 3109
373 2236
373 3757
374 376
374 4892
374 2022
375 376
375 2462
375 4224
375 1416
375 4112
376 1777
376 3327
377 378
377 379
377 2992
378 379
378 3633
378 4634
378 3764
378 3618
379 381
379 2026
380 381
380 3059
381 2841
381 1658
382 384
382 3261
382 4711
383 384
383 3504
384 386
384 643
384 856
384 3844
384 1873
384 1920
384 3177
385 989
386 387
386 1598
386 964
387 388
387 2499
387 2724
388 389
388 941
388 933
389 436
389 1449
390 392
390 2248
390 4620
390 3702
391 4052
392 393
392 1398
392 3369
393 4884
393 3223
393 1620
393 1071
393 1794
394 395
394 4011
395 692
395 4813
395 565
396 397
396 1819
397 398
397 623
397 4927
398 400
398 738
398 1518
399 3916
399 791
399 854
399 1971
400 2579
400 4245
401 1888
401 4296
401 2948
402 403
402 4911
402 1841
402 1260
403 405
404 406
404 2119
404 4719
405 406
405 407
405 770
405 3480
405 4612
405 1619
406 407
406 408
406 1802
407 2424
407 651
407 3033
408 409
408 2519
409 1068
409 2869
410 411
410 412
410 705
411 413
411 2884
411 3481
411 1587
412 413
412 414
412 3716
413 4902
413 1130
414 415
414 4691
415 1567
415 3392
415 2793
415 2061
416 2636
416 2919
416 1236
416 3793
417 418
417 419
417 4403
418 419
418 1487
418 2205
419 420
419 3110
419 4052
419 4743
420 422
420 3728
420 1048
421 423
421 2784
421 3798
422 3673
422 2532
423 425
423 1432
424 3057
424 4377
425 427
425 4770
425 1080
426 428
426 4300
426 1895
427 429
427 435
427 4831
427 2301
428 2863
428 3399
429 3010
429 4480
429 4317
429 959
429 3029
430 431
430 432
431 432
431 433
432 433
432 434
433 434
433 435
433 2093
434 865
434 3324
435 4470
435 3947
436 437
436 461
436 1219
436 2829
436 2767
437 438
437 439
437 1211
437 1610
437 3283
438 439
438 593
439 2840
439 1045
439 4692
440 442
440 3952
441 443
441 1790
441 4355
442 443
442 2400
442 976
443 444
443 445
444 445
444 1275
445 446
445 447
446 447
446 448
446 2099
447 448
447 449
448 477
448 3849
449 619
449 1016
450 452
450 1618
450 4562
451 452
451 4268
451 798
452 1253
452 3243
452 3387
453 454
453 4645
454 2513
454 4919
454 4578
455 456
455 4356
455 762
456 457
456 3268
456 2298
456 4824
457 517
457 2068
457 1837
458 459
458 460
458 4080
459 460
459 1526
459 3936
460 461
460 4789
460 1514
461 3448
461 1032
462 463
462 464
462 3375
463 464
463 4546
463 3260
464 465
464 2357
464 920
465 466
465 2695
465 4702
465 2784
465 2855
465 3085
466 467
466 468
466 2307
467 3728
467 4434
468 469
468 1089
468 1004
469 471
469 3948
469 570
470 2007
470 2355
471 473
471 3681
472 473
472 2060
473 1740
473 2193
473 1213
474 475
474 1838
474 4724
475 476
475 2757
475 4146
475 2418
476 477
476 478
476 3071
476 1637
476 2004
477 1553
477 664
478 3252
478 1582
479 481
480 482
480 2957
480 2220
480 3944
481 482
481 483
481 3271
482 1958
482 2115
483 484
483 1459
483 3538
484 2795
484 1428
484 1679
484 2088
484 4197
485 487
485 3082
485 3831
486 488
486 3918
486 4313
487 488
487 489
487 996
488 489
488 1041
488 4744
488 1633
489 490
489 2745
489 4455
490 492
490 2533
491 492
491 493
491 4238
492 494
492 1821
492 1268
493 494
493 2131
493 2810
493 4983
494 495
494 496
494 536
494 3096
495 497
495 1336
496 498
496 2966
496 825
497 1596
497 1793
497 2085
498 500
498 2006
499 500
499 501
499 3273
500 502
500 4886
500 876
500 1258
500 3104
501 502
501 726
502 503
502 504
503 505
503 1039
503 1583
503 1454
503 3246
504 505
504 506
505 506
505 1402
505 938
506 3457
506 3187
507 508
507 3065
508 509
508 510
508 956
509 511
509 4188
510 511
511 512
511 513
511 2605
511 3871
512 514
512 3170
512 736
512 1561
512 2041
512 3576
512 4384
513 514
513 515
514 516
514 4435
514 2164
514 2522
515 517
515 4674
516 4341
516 3262
517 1980
517 3037
517 2398
517 1924
518 520
518 2599
518 3648
519 521
519 2513
519 4601
520 696
520 2360
520 1909
521 522
521 602
522 523
522 4856
522 4834
522 3257
522 4278
523 524
523 2460
523 1851
523 3910
523 4307
524 526
524 3217
525 527
525 1109
525 3951
525 4045
525 4969
525 2775
526 527
526 528
526 3268
527 528
527 1255
527 653
527 2682
528 530
528 4074
528 2775
528 3946
528 3578
528 4664
529 2353
529 2447
530 1934
530 4493
531 4241
531 3803
532 533
532 534
532 2544
532 958
533 535
533 2633
534 535
534 536
535 537
535 1040
535 4546
535 4760
536 537
536 4056
536 2598
536 4883
537 539
537 4477
537 3451
538 540
539 541
539 2874
539 3848
540 541
540 3158
540 3292
540 3074
541 542
542 544
542 1293
543 544
543 545
543 3570
543 804
543 4594
544 545
544 546
544 3453
545 2000
545 4740
546 548
546 2430
547 548
547 549
548 550
548 1839
549 550
549 551
549 2383
549 3817
550 551
550 4638
551 552
551 2416
552 3127
552 672
553 3334
553 1316
553 2625
554 555
554 960
554 2007
555 556
555 3861
556 2633
556 4655
556 4519
557 558
557 559
557 4571
558 560
558 1063
558 4395
559 4984
559 4752
559 4280
560 2658
560 1335
560 4026
561 563
561 1715
561 1673
562 564
562 3496
562 791
562 2757
562 4673
563 564
563 3526
564 566
564 2836
565 566
566 567
566 568
566 2124
566 2377
566 3344
567 1190
567 851
567 992
568 569
568 4345
569 571
569 4002
569 4872
570 2939
570 2748
571 572
571 1359
571 798
571 4057
571 4521
572 574
572 4420
572 664
572 2739
573 575
573 2125
574 576
574 3004
574 3300
575 577
575 2914
575 1907
575 4977
576 578
576 4324
577 2240
577 3329
578 579
578 2028
579 4332
580 582
580 1297
581 583
581 2919
581 1321
581 1543
582 4196
582 3397
582 1587
582 4863
583 584
583 585
584 585
584 586
585 587
585 2480
585 962
585 3486
586 587
586 588
587 588
587 4354
587 1764
587 3915
588 589
588 4159
588 3307
589 590
589 2948
590 3718
590 1888
591 593
591 3976
591 2111
591 4960
592 593
592 2069
592 2457
592 3101
593 594
593 1586
593 3479
594 2672
594 2341
594 4339
595 718
595 4976
595 1610
595 1329
596 597
596 862
597 598
597 3642
598 600
598 1591
599 600
599 1398
600 4631
600 1003
600 4941
600 3328
600 3792
601 602
601 1243
601 3548
601 3717
601 4797
602 603
603 604
603 605
603 3666
603 4193
603 2420
603 3359
604 606
604 3212
604 3799
604 4221
605 607
605 4353
605 1246
606 607
606 611
607 608
607 609
608 610
608 756
609 4357
609 3539
610 612
610 1419
610 1903
610 4995
611 612
611 613
611 740
612 613
612 782
612 1367
612 1424
613 614
613 3244
613 4583
614 615
614 1590
614 3521
614 1686
615 617
615 4417
615 3776
616 1680
616 1249
617 1956
618 619
618 3111
619 620
619 906
620 622
620 3930
621 4076
621 2120
622 624
622 872
622 693
623 3716
623 3104
623 2349
623 1134
624 626
624 3710
625 626
625 627
625 2866
626 1691
626 1601
627 628
627 629
628 629
628 739
629 631
629 1780
629 1566
630 631
630 632
630 4695
631 632
631 3827
631 1664
631 1199
632 634
632 1572
633 635
633 1555
633 3378
634 636
634 1652
634 4129
635 636
635 4901
635 1523
635 3451
636 637
636 940
636 4110
637 638
637 639
637 4637
638 640
638 3917
639 640
639 641
640 641
640 642
641 643
641 4132
641 895
642 643
642 644
643 644
643 645
643 1290
644 1661
644 4617
645 647
645 2603
645 721
645 3501
646 647
646 4820
647 648
647 649
647 654
647 3318
648 2818
648 4292
648 3310
649 650
649 2122
649 3233
650 1108
650 4960
650 2922
650 3936
651 653
651 3487
652 4636
652 2199
653 654
653 655
653 1642
653 3046
654 655
655 657
655 2093
655 1790
656 658
656 1220
657 659
657 2902
657 4557
657 4668
658 659
658 3314
659 2805
659 3720
660 1961
660 4759
660 2184
661 1203
661 3023
661 4400
662 663
662 2717
663 1481
663 4565
664 666
664 4293
665 666
665 3116
666 855
666 3360
666 3708
667 669
667 3184
668 670
668 1859
669 670
669 671
670 672
670 3025
670 1673
670 4476
671 673
671 1237
671 2250
672 1933
672 909
672 2534
672 3334
672 2177
672 2662
672 3347
673 674
673 3432
673 2289
673 3902
674 676
674 803
674 4312
674 4661
675 677
675 4261
676 677
676 1165
677 678
677 1942
677 4942
678 679
678 680
679 1371
679 4098
680 681
680 3173
681 1247
681 3117
682 683
683 684
683 2034
683 3664
683 3208
684 686
684 2665
684 1494
685 1282
685 1632
685 3797
686 688
686 4693
687 689
687 3290
687 1939
688 689
688 2533
688 4284
688 4535
689 3433
689 3547
689 2745
689 1542
690 3731
690 4302
691 3521
691 2879
692 4229
692 2623
692 3398
693 3370
694 695
694 696
695 696
695 697
696 698
696 4527
697 2782
697 2871
697 4062
697 2142
697 2624
697 4495
698 2329
698 3488
699 700
699 2825
699 1585
699 2304
699 4849
700 702
700 3100
701 703
701 2073
702 704
702 3872
703 4303
703 912
703 3942
703 2156
703 3213
704 705
704 706
705 4376
705 1874
706 903
706 1520
707 709
707 3617
707 3582
708 710
708 1571
708 1338
709 710
709 4003
710 712
710 4267
710 2029
710 4291
711 4064
711 4930
712 3695
712 4379
712 3103
713 714
713 715
714 715
714 716
714 3144
715 717
715 2491
715 3346
716 718
716 4199
716 1828
716 4324
717 3365
717 1363
717 4488
718 720
718 3968
719 3684
719 1768
719 3945
719 2263
720 721
720 722
720 4883
720 1475
720 2967
721 723
721 2316
722 2294
722 1359
723 724
723 4203
723 4996
724 726
724 934
724 3784
725 726
725 4710
726 727
726 728
726 4034
727 728
727 868
727 2050
728 729
728 3500
728 4170
728 4715
729 731
729 2276
730 731
730 732
730 1306
730 3729
730 4443
731 732
731 733
732 734
732 1906
732 4809
733 735
733 4340
733 4467
733 4618
734 735
734 736
734 2730
735 737
735 3769
735 3316
735 2871
736 738
736 2105
736 3222
737 738
737 1546
737 3804
737 3874
738 740
738 4758
738 1647
739 1217
739 1897
740 741
741 743
741 1787
741 1804
742 743
742 4344
742 1408
743 744
743 745
743 1651
744 745
744 746
744 4903
744 3893
744 4154
745 746
745 4709
746 4251
746 1622
747 748
747 749
747 2115
747 4615
748 750
748 4227
748 905
749 4167
749 3047
749 4556
750 751
750 752
750 3023
751 752
751 2715
752 753
752 754
752 1388
752 1904
752 2850
753 755
753 1012
754 755
754 3964
755 4179
755 2802
756 757
756 2807
756 3391
757 759
757 893
757 1409
758 759
758 760
758 4022
759 760
759 761
759 3737
760 762
760 1943
760 4388
760 4403
761 3679
761 3413
762 763
762 1597
763 3577
763 2721
764 766
764 2678
764 2863
765 767
765 3804
765 3086
765 1164
766 4190
766 3142
766 1775
767 768
768 769
768 770
768 4948
769 771
769 2783
770 2173
771 772
771 4506
772 1086
772 4556
773 774
773 3788
773 2963
773 3326
774 775
774 776
774 4925
775 776
775 777
776 792
776 1230
777 778
777 779
778 779
778 3858
778 4335
778 3315
778 2035
779 780
779 781
780 781
780 782
780 1988
781 783
781 1258
781 1899
782 1687
783 2388
783 1807
784 2157
785 786
785 3725
785 1576
786 788
786 1733
786 2754
787 788
787 789
787 2635
788 2644
788 3311
789 790
790 3142
790 2763
791 792
792 793
792 815
792 3857
792 1369
793 794
793 3030
794 795
794 796
794 4658
795 796
795 3793
795 2678
796 797
796 3081
797 853
797 1746
798 4831
799 800
799 801
799 2815
799 874
799 4460
800 802
800 3733
800 2565
801 802
801 4814
801 2999
802 804
802 1855
803 804
803 2073
803 3801
804 4473
805 807
805 3452
805 4114
806 808
806 4733
807 809
807 3947
807 3432
808 809
808 810
808 3663
809 811
809 3823
810 812
810 3332
810 827
810 3199
811 813
811 1551
811 3791
811 3264
812 813
812 814
812 4374
813 815
813 3706
813 1893
814 815
814 850
815 817
815 2371
815 4823
816 817
816 2725
816 3513
817 818
817 819
818 819
818 820
818 885
819 821
819 929
819 1596
819 4463
820 822
820 1187
821 822
821 2099
821 1005
822 823
822 4845
823 943
824 825
824 826
824 2814
825 2682
826 4080
826 4334
826 2605
826 1018
827 828
827 2597
827 4480
828 830
829 830
829 831
830 831
830 832
830 3179
831 833
831 3408
831 2647
831 2460
832 834
832 2991
833 834
833 835
833 4148
834 836
834 4158
835 837
835 2852
835 2368
836 837
836 930
836 2669
837 838
837 839
838 840
838 852
838 3458
839 840
839 841
839 4525
840 841
840 842
841 842
841 1516
842 843
842 3414
842 3131
842 4396
843 844
843 1794
843 1916
843 4953
844 845
844 3496
844 2359
845 3602
845 4243
845 2283
846 847
846 2578
846 3855
847 1287
847 1858
847 1681
847 2182
848 849
848 2154
849 850
849 851
849 4916
850 852
850 4480
850 1317
851 852
851 2272
851 4617
852 854
852 1742
852 1764
852 1995
853 854
853 855
853 3137
854 855
854 4149
855 856
855 2439
855 4520
855 2715
855 2442
856 858
856 4893
857 2627
857 2098
857 4075
858 859
858 3676
859 860
860 861
860 862
860 1698
860 2995
861 863
861 1263
861 3548
862 864
862 4330
862 4246
862 4491
863 864
863 3152
863 4965
864 865
864 3289
865 866
865 867
865 1789
866 867
866 1053
866 2716
867 868
867 869
868 870
868 3491
868 2317
869 871
869 4236
870 1663
870 3164
870 1336
871 872
871 873
872 873
872 874
873 3387
873 4721
873 1763
874 3915
874 2002
874 2153
875 877
875 4667
876 878
876 1835
876 3427
877 879
877 3771
878 879
878 4527
878 3298
879 3639
879 1207
880 3343
880 3781
880 2486
881 882
881 1207
882 883
882 3744
883 884
883 2909
884 885
884 4398
884 4549
885 2650
885 4723
886 888
886 1165
886 4340
886 4783
887 2807
887 2168
887 2336
888 889
888 890
888 2314
888 4967
889 890
889 891
890 892
891 892
891 4476
891 4793
892 893
892 3631
893 895
893 4708
894 2148
894 4609
895 4106
896 897
896 2177
896 1683
897 1747
897 1658
897 2107
897 2430
898 900
898 1167
899 901
900 902
900 4511
901 4747
901 2127
901 965
901 4800
902 904
902 2445
903 904
903 4166
903 1594
904 905
904 906
905 4443
906 907
906 2303
907 2069
907 1585
908 4530
908 1433
908 1808
909 4081
909 4166
910 912
910 2083
910 3034
910 3974
910 1335
911 913
911 1938
911 1617
912 1455
913 914
913 4871
913 4773
914 916
914 1822
914 1501
915 2754
915 2332
915 4989
915 4306
916 3348
916 1885
917 1412
917 1890
918 920
918 2284
918 1386
919 4209
919 1857
920 921
920 2599
920 2652
920 3041
921 923
921 1646
922 923
922 924
922 1232
922 3307
923 3428
924 925
924 926
925 927
925 3845
926 927
926 928
927 929
927 4710
928 929
928 930
928 4847
929 931
929 2105
929 2862
929 4913
930 931
930 932
931 932
931 2854
932 933
932 1808
932 3884
932 2567
933 934
933 935
934 936
934 4825
934 1023
934 2214
935 936
935 937
936 937
936 938
937 939
937 4045
937 2107
938 940
938 2149
939 940
939 2655
941 943
941 1042
942 4340
942 4013
943 944
943 945
944 945
944 3557
944 1184
945 946
945 947
946 947
946 1839
946 2069
947 4633
947 3119
948 949
948 3266
948 1627
949 951
949 4319
949 3923
950 4503
950 4519
951 952
951 1376
952 953
952 954
953 954
953 955
953 4818
954 955
954 956
954 2100
954 4696
955 3158
955 3349
955 4597
957 959
957 1391
958 2192
959 960
959 3272
959 4025
960 962
961 1669
961 4555
962 963
963 965
963 4959
964 965
964 966
964 1127
964 3141
965 3855
966 967
966 968
967 968
967 4134
967 4915
967 4671
967 4836
968 1464
968 1639
969 971
969 1086
969 1552
970 971
970 2048
970 3898
970 4609
971 973
971 1697
972 973
972 4908
973 975
973 2841
974 975
974 4158
974 2412
975 976
975 3845
977 979
978 979
978 980
979 981
979 3776
980 981
980 982
980 2846
980 1547
980 2854
980 4015
981 983
981 1634
982 984
982 3261
982 1389
983 3230
983 2259
984 985
984 2943
985 986
985 987
986 4034
986 1395
987 4004
987 1856
987 3483
987 3791
988 990
988 3017
988 2462
989 990
989 4513
989 2075
989 4918
990 992
990 1799
991 992
991 3219
991 3969
992 993
992 2074
992 4519
993 2347
993 4935
993 3632
993 3203
994 1368
994 3003
994 3391
994 2622
995 997
995 3132
995 1199
996 997
996 4860
997 998
997 999
998 999
998 2105
998 2888
999 4816
999 3700
999 4222
1000 1001
1000 1002
1001 1003
1001 1173
1001 1411
1002 1003
1002 3204
1003 2615
1004 1005
1005 1006
1005 3908
1006 1007
1006 1008
1006 2243
1007 3916
1007 1502
1008 1010
1008 1602
1009 1010
1009 1011
1009 1124
1009 2994
1010 3274
1010 2211
1010 2234
1010 2660
1010 3840
1011 1012
1011 2146
1012 1013
1012 2123
1013 1014
1013 1015
1014 1016
1014 4772
1014 1567
1014 4046
1015 1016
1015 1017
1016 2660
1017 1018
1017 3769
1017 2237
1018 1191
1019 1020
1019 1021
1019 3279
1020 1118
1020 1967
1020 3300
1020 2690
1020 3228
1021 1023
1021 1960
1022 1038
1022 3720
1022 3723
1023 1024
1024 1025
1024 1026
1024 4349
1025 1026
1025 1027
1026 3185
1026 2564
1026 2246
1027 1029
1027 2055
1027 2451
1028 1029
1028 1370
1028 2247
1029 2064
1029 2925
1030 4703
1030 4331
1030 2856
1030 3586
1031 1032
1031 1033
1032 1380
1032 1645
1032 4448
1033 1035
1033 2112
1033 3987
1033 1108
1034 1095
1034 3693
1034 3702
1034 2832
1035 1036
1035 1037
1036 1037
1036 1038
1036 4899
1036 2750
1037 4440
1037 2798
1038 1039
1038 1040
1038 1486
1039 1041
1039 2600
1039 2559
1039 3325
1040 1041
1040 3779
1041 1107
1042 1044
1042 2818
1043 1044
1043 1045
1043 2006
1043 4025
1044 1045
1044 1259
1045 1047
1045 4188
1046 1047
1046 1048
1047 1049
1047 1634
1047 4317
1048 1464
1048 2156
1049 1051
1049 2915
1050 1051
1050 1224
1051 1053
1051 4041
1051 4623
1052 1053
1052 1054
1053 4375
1053 4690
1054 1055
1054 1056
1055 1056
1055 2281
1056 1058
1056 1247
1056 4443
1057 1059
1058 4782
1058 3140
1059 1061
1059 2967
1060 1061
1060 3709
1060 2224
1061 1062
1061 1840
1062 1064
1062 4476
1063 1065
1063 4541
1064 1066
1064 2968
1065 4898
1065 3373
1065 2808
1066 1067
1066 4335
1067 4235
1068 1069
1068 1097
1068 3884
1068 3400
1068 1296
1069 1071
1069 2765
1069 4688
1070 4158
1070 4299
1071 4953
1072 1074
1072 1496
1073 1074
1073 1075
1074 4008
1074 3813
1074 3134
1075 1076
1075 1326
1075 2513
1075 2594
1076 1078
1076 3805
1077 1078
1077 1079
1078 1080
1078 2975
1078 1609
1079 1081
1079 2061
1079 4461
1081 1083
1081 4690
1082 1083
1082 1084
1083 1085
1083 3441
1084 1085
1084 1086
1084 2749
1085 1087
1085 3401
1085 3675
1085 4299
1086 1087
1086 1477
1086 3036
1087 1088
1087 4244
1088 1090
1088 3928
1089 1090
1089 1091
1089 3897
1089 2723
1090 1092
1090 3682
1090 3293
1091 1477
1091 2668
1091 4335
1092 1093
1092 2449
1093 1094
1093 1095
1094 1095
1094 2266
1094 2980
1095 1205
1095 4803
1096 1098
1096 3176
1096 3859
1096 4089
1097 4437
1098 1100
1098 1774
1099 1101
1099 3646
1100 1101
1100 3710
1100 2542
1101 1102
1101 1103
1102 1103
1102 1104
1103 1104
1103 2909
1103 3080
1103 3657
1104 1105
1104 1106
1105 1106
1105 1107
1106 1107
1106 1108
1107 1108
1107 1744
1107 2671
1108 1109
1109 1111
1110 2037
1110 2415
1110 3585
1110 4649
1111 1113
1111 3328
1112 3189
1112 3324
1113 3170
1113 3054
1114 1116
1114 3054
1114 2342
1114 4738
1114 4982
1115 3966
1115 1213
1116 1118
1116 4272
1117 2773
1117 1702
1117 3682
1118 1119
1118 2524
1118 3963
1119 1120
1119 1121
1120 1121
1120 3222
1121 2663
1121 3570
1122 1124
1122 1859
1123 1125
1123 3084
1123 3285
1124 1126
1124 3603
1124 4389
1125 1126
1125 1127
1126 1128
1126 2779
1127 3107
1127 2005
1128 1130
1128 2348
1128 4315
1129 1130
1129 2851
1129 3987
1130 1131
1130 1132
1130 3437
1131 1132
1131 4729
1132 1133
1132 1134
1133 1135
1133 4841
1134 2347
1134 4124
1135 1136
1135 4840
1136 1137
1136 1138
1137 1139
1137 3152
1137 3261
1138 1140
1138 1942
1138 3266
1139 1140
1139 4478
1140 1141
1140 1142
1141 1142
1141 1143
1141 1878
1141 3282
1142 1143
1142 1144
1142 3342
1143 1144
1143 1145
1144 1145
1144 1146
1145 1146
1145 1147
1146 1147
1146 1148
1146 1576
1146 1485
1147 1148
1147 2433
1147 1319
1148 1149
1149 1150
1149 1151
1149 3607
1150 1151
1150 2254
1151 1152
1151 2210
1152 1153
1152 1674
1153 1154
1153 1155
1153 3063
1154 1155
1154 4968
1155 1720
1155 3892
1155 4353
1155 3039
1156 1168
1156 2088
1157 1159
1157 3672
1158 1589
1158 3760
1158 1912
1159 1161
1159 1925
1160 1161
1160 1162
1160 4691
1160 3745
1161 1999
1161 2502
1161 1566
1162 1163
1162 1164
1162 3069
1162 4969
1163 1165
1163 2149
1163 2333
1164 1770
1165 1166
1165 1344
1166 1167
1166 1513
1167 1169
1167 4572
1168 1169
1168 1170
1168 4890
1169 1171
1169 3699
1169 1755
1169 1423
1169 3194
1170 1171
1170 2132
1170 3956
1170 4516
1170 4446
1171 1173
1172 1173
1172 2097
1172 1937
1172 1608
1173 1471
1173 1589
1174 1175
1174 1322
1174 4243
1175 2793
1175 1331
1175 1490
1176 1177
1176 1178
1177 1178
1177 4954
1177 1917
1178 1179
1178 4562
1179 1181
1179 3833
1180 1181
1180 1182
1181 3857
1181 2885
1182 1183
1182 2856
1182 3608
1183 1185
1183 1944
1184 1186
1184 3067
1184 3267
1185 1187
1185 3401
1185 4449
1185 1522
1186 2455
1186 1690
1187 1188
1187 1189
1187 2571
1187 3972
1188 3720
1188 4532
1189 1190
1189 1191
1190 1191
1190 1192
1190 2316
1191 1192
1192 1193
1192 4938
1193 1194
1193 1195
1193 2939
1194 1196
1194 1773
1194 1795
1194 2233
1195 1196
1195 2677
1196 1198
1196 4281
1197 1199
1197 3233
1197 1689
1197 3699
1198 1199
1198 1200
1200 4313
1200 2014
1201 1202
1201 3875
1202 1203
1202 2629
1202 2090
1202 2957
1203 1205
1203 1986
1204 1206
1204 3489
1204 2706
1205 1206
1205 4249
1206 3667
1206 2458
1206 2986
1207 1208
1207 1209
1207 4121
1208 4417
1208 1841
1208 4931
1208 4287
1209 1211
1209 2243
1210 1359
1210 2911
1211 3538
1211 2161
1211 2527
1211 3130
1211 3924
1212 1213
1212 1214
1213 1214
1213 1215
1214 3730
1214 3653
1214 1638
1215 1216
1215 1217
1215 2794
1216 1217
1217 2097
1217 3824
1217 2711
1218 1219
1218 1220
1219 1221
1219 1994
1219 2849
1220 1221
1220 1222
1220 4411
1221 1222
1221 1223
1222 1223
1222 3409
1222 4104
1223 1224
1223 2135
1224 1226
1224 1236
1224 1735
1224 3102
1225 1227
1225 2940
1225 1451
1225 3187
1226 1227
1226 1228
1227 1228
1227 1403
1228 1230
1228 1969
1228 4991
1229 1230
1229 1231
1229 4095
1230 1231
1230 1232
1231 1233
1231 3824
1232 3536
1232 4665
1232 4953
1233 1234
1233 4745
1233 3166
1234 1235
1234 1236
1234 2944
1234 3623
1234 4425
1235 3807
1235 4732
1236 1237
1236 1238
1236 1330
1236 3401
1237 1238
1237 2906
1238 1239
1238 4489
1239 1240
1239 4437
1240 2181
1240 3544
1240 3743
1240 3216
1241 1242
1241 1243
1242 1243
1242 3127
1243 1245
1243 1625
1243 1626
1244 1246
1244 1711
1244 1436
1245 1246
1245 1247
1245 3982
1246 1247
1247 3320
1247 3213
1247 3603
1248 1250
1248 1431
1248 4183
1249 1513
1249 1464
1250 1252
1250 1546
1250 3667
1251 1253
1251 2446
1251 1807
1251 4422
1252 3515
1252 1490
1252 2639
1252 3705
1253 3854
1253 3115
1253 4680
1253 3218
1254 1256
1254 1669
1255 1257
1255 3207
1256 4397
1256 1759
1257 1258
1257 1259
1257 2643
1258 3563
1259 1260
1259 1942
1260 3158
1260 2065
1261 1262
1261 1263
1262 1264
1262 3577
1263 1264
1263 1265
1264 1265
1264 3295
1264 2856
1265 1267
1265 3418
1266 1267
1266 1268
1267 1268
1267 1269
1267 1985
1268 3830
1268 3587
1269 1271
1269 4565
1269 4659
1269 3260
1270 1272
1271 1272
1271 1273
1272 1273
1272 2533
1272 4051
1273 1274
1273 3743
1273 4258
1274 1276
1274 2331
1275 1907
1275 3672
1275 4598
1275 3139
1275 3661
1276 1277
1276 1278
1276 4068
1277 1279
1277 1632
1278 1280
1278 4647
1279 1812
1279 1325
1280 1281
1280 1282
1280 4166
1281 1282
1281 1447
1282 1284
1282 2404
1282 2652
1283 1284
1283 1285
1284 2727
1284 4696
1285 3845
1285 3631
1286 1287
1286 1288
1287 1289
1287 1982
1287 2992
1287 3630
1288 1290
1288 2813
1288 3183
1288 3245
1289 1980
1289 4114
1290 1292
1290 4402
1291 1292
1291 4969
1292 1294
1292 3732
1293 1295
1293 3228
1294 1295
1294 1296
1294 3512
1294 4590
1295 1296
1295 1297
1295 3037
1296 1297
1296 3681
1297 1299
1297 2369
1298 2639
1298 3812
1299 1300
1299 2967
1299 2208
1300 1302
1300 1633
1300 2167
1300 2610
1301 1302
1301 1303
1301 3585
1302 1303
1302 1304
1303 1304
1303 2301
1303 3947
1304 2014
1304 2713
1304 2200
1304 2843
1305 1306
1305 1307
1305 2550
1305 2162
1306 1718
1307 1308
1307 1309
1308 1310
1308 2309
1308 4201
1308 4708
1309 1310
1309 1311
1310 1312
1310 3394
1311 1312
1311 1313
1311 3054
1312 1313
1312 1314
1313 1314
1313 4655
1313 2751
1313 2801
1314 1316
1315 1316
1315 1317
1316 1317
1316 1687
1316 2370
1316 2819
1317 1319
1318 1319
1318 1320
1319 2412
1319 1880
1319 3127
1320 1321
1320 1322
1320 3976
1321 4739
1322 1324
1323 1324
1323 1325
1323 2344
1323 4990
1324 1326
1324 4091
1324 3189
1325 4505
1325 2531
1325 4781
1325 2619
1325 2879
1326 1327
1326 1328
1326 1577
1327 1328
1327 1329
1327 4825
1327 3688
1328 1330
1328 2385
1328 1744
1329 3929
1330 1331
1330 2340
1331 1333
1332 3507
1333 1335
1333 2551
1333 3275
1334 1336
1334 2503
1334 3050
1336 4764
1336 3658
1337 2899
1337 2654
1337 4135
1338 1339
1339 1341
1339 4311
1339 2483
1339 4268
1340 1341
1340 2837
1341 1343
1341 2298
1342 3587
1343 1345
1343 4290
1344 1345
1344 3240
1345 1346
1345 1347
1345 2612
1345 3586
1346 1347
1346 1348
1347 1348
1347 1349
1348 1350
1348 2661
1348 1354
1348 4481
1349 1351
1349 4112
1350 1352
1350 2567
1350 2380
1351 1352
1351 3522
1352 4632
1352 3876
1353 1354
1353 1355
1353 3192
1353 4004
1354 1356
1355 1356
1355 1357
1356 1357
1356 4287
1357 1359
1358 4772
1359 2655
1360 1362
1360 3130
1361 1363
1361 1753
1362 1364
1362 1680
1363 1365
1364 1365
1364 1366
1365 1367
1366 1367
1366 1368
1367 1368
1367 1369
1367 4033
1368 1369
1368 1370
1369 1370
1369 2698
1369 4213
1370 2074
1370 3982
1370 4195
1371 1372
1371 1373
1372 1373
1372 1374
1373 1466
1373 4432
1373 2540
1374 3382
1374 3179
1375 1377
1375 1804
1375 1860
1375 2577
1376 1378
1376 4202
1376 1453
1376 3626
1377 1546
1377 3842
1378 1379
1378 1380
1379 1381
1380 1844
1380 2334
1380 4635
1381 4322
1381 1981
1382 1383
1382 3370
1383 1384
1383 2790
1383 3806
1383 2061
1384 1385
1384 2025
1385 1386
1385 3751
1385 3474
1385 4100
1386 2286
1386 4169
1386 1646
1387 1388
1387 1389
1387 1492
1387 4446
1388 1389
1388 2492
1389 1390
1389 2819
1389 4007
1390 1391
1390 1392
1391 1393
1391 2807
1391 4475
1392 1394
1392 2625
1393 1394
1393 2706
1394 1395
1394 1396
1394 2106
1395 1396
1395 2618
1395 2118
1396 4690
1396 3687
1397 2367
1397 1496
1397 4021
1398 1400
1398 2422
1399 4138
1400 1401
1400 4153
1401 1402
1401 2368
1401 4658
1401 4054
1402 1404
1402 4819
1403 1405
1404 1405
1404 1406
1404 1638
1405 3382
1405 2682
1405 4424
1406 2934
1407 1408
1407 1409
1407 1798
1407 3794
1408 1409
1409 2605
1409 1964
1409 4088
1410 2974
1410 3863
1411 3109
1411 2150
1412 1414
1412 1622
1412 4829
1413 1414
1413 1415
1413 3854
1414 1415
1414 1416
1414 4151
1414 4630
1415 2585
1415 4016
1415 4626
1415 1892
1415 2116
1415 3204
1416 1417
1416 1418
1416 3278
1417 1419
1417 1467
1417 3250
1418 1419
1418 1420
1418 3087
1420 1421
1420 1422
1421 1422
1422 1423
1422 2874
1423 4321
1423 4102
1423 4602
1424 1829
1425 1426
1425 4650
1425 4348
1426 1427
1426 4360
1427 1428
1427 1536
1427 2640
1428 1429
1428 2573
1429 1431
1429 3476
1430 3887
1430 1865
1431 3916
1431 4923
1432 1433
1432 2353
1432 2768
1433 1434
1433 4135
1434 3014
1434 4766
1435 4839
1435 3559
1436 1438
1437 1438
1437 1439
1437 4707
1438 1439
1438 1440
1439 1498
1439 1593
1439 3845
1440 1441
1440 1442
1441 3028
1441 4739
1442 1443
1442 1444
1443 1445
1443 3158
1444 4954
1444 2224
1445 1446
1445 1447
1445 4191
1446 1447
1446 2727
1446 4707
1447 1448
1447 1449
1447 1978
1448 4304
1449 1450
1449 1451
1449 1481
1450 1451
1450 2313
1451 1892
1451 4771
1452 1453
1452 4803
1453 1455
1454 2468
1455 1457
1455 1752
1456 1457
1456 2146
1456 2465
1456 4614
1457 1459
1457 2005
1457 1602
1458 1459
1458 4562
1459 1461
1460 2688
1460 1688
1461 1463
1461 1688
1461 4485
1462 1464
1462 4997
1463 1465
1463 3983
1463 4401
1463 4826
1463 2255
1463 3512
1464 1466
1464 1604
1464 1649
1465 2750
1465 2456
1465 2617
1465 1728
1466 3710
1466 1742
1466 1644
1467 1468
1467 4888
1467 2566
1468 1470
1468 4066
1468 4205
1469 1470
1469 1471
1469 2654
1470 1472
1470 4602
1471 1473
1471 4339
1472 4286
1472 3018
1473 1474
1473 4321
1474 1476
1474 2996
1474 2422
1474 4553
1474 4828
1475 1476
1475 3396
1476 1478
1476 2004
1476 2259
1477 1478
1477 1479
1478 4339
1478 1786
1478 2895
1479 1481
1479 1511
1479 3913
1480 1482
1480 1796
1480 2337
1480 4794
1481 3082
1482 1483
1482 2470
1483 4462
1483 4577
1483 2104
1484 1485
1484 1486
1485 1486
1485 4410
1486 1488
1487 1489
1487 4617
1488 1490
1488 2921
1489 1491
1489 4799
1490 3683
1490 2174
1490 3539
1490 4761
1491 1492
1491 1493
1491 3552
1492 4948
1493 4265
1493 2450
1493 4101
1494 1495
1494 1845
1494 2042
1495 1731
1495 4769
1496 2403
1496 4469
1496 2117
1496 2694
1496 4978
1497 4803
1497 1621
1497 4584
1498 1499
1498 4974
1499 1500
1499 1501
1500 1502
1500 1830
1501 1503
1501 2693
1502 1504
1502 3680
1503 1556
1504 1684
1504 3891
1505 1507
1505 3355
1505 2493
1505 4322
1506 1507
1506 1508
1507 1508
1507 1509
1507 2137
1508 4557
1508 4345
1509 1510
1509 1511
1510 1511
1510 1512
1511 1512
1511 1513
1512 1513
1512 2609
1513 1514
1513 1515
1513 4723
1514 1515
1514 4219
1515 1516
1515 1517
1515 3254
1516 1518
1516 2575
1516 4036
1517 2181
1517 3953
1518 1519
1519 1521
1519 2803
1519 2420
1521 1522
1521 1523
1521 2057
1521 3861
1521 4381
1522 1523
1523 1525
1523 4406
1523 2719
1524 1525
1524 1526
1525 1526
1525 2288
1525 3981
1526 1528
1527 1529
1527 2192
1527 3320
1528 1529
1528 1530
1528 2904
1529 1530
1529 1531
1529 3981
1530 1531
1530 1532
1530 2859
1530 3764
1531 1533
1531 2705
1532 1533
1532 1534
1532 4414
1533 1534
1533 2593
1534 1535
1534 1536
1534 1703
1535 1537
1535 3502
1536 2471
1536 1792
1537 1538
1537 3789
1537 1656
1538 2632
1538 4932
1539 2052
1539 2348
1540 4394
1540 1780
1541 1542
1541 3617
1541 3850
1542 1543
1542 3609
1542 4620
1543 4295
1544 1545
1544 1546
1545 1546
1545 1547
1546 3371
1546 2787
1546 4138
1547 1622
1548 1550
1548 1784
1549 1551
1549 3517
1549 4157
1550 1551
1550 3514
1550 4802
1551 1553
1551 3636
1552 2539
1552 3266
1553 1555
1553 3171
1554 3213
1554 2143
1555 3399
1555 4751
1556 1557
1556 1558
1557 1558
1557 4573
1557 3940
1558 1559
1558 4787
1559 1560
1559 1561
1560 1884
1560 3004
1560 3870
1560 4282
1561 1563
1562 1563
1562 1564
1562 2926
1563 1564
1563 1565
1564 1565
1564 1566
1565 1567
1565 3396
1565 1924
1566 1568
1566 2668
1567 2885
1567 3068
1568 1570
1568 4488
1568 4981
1569 4380
1570 1571
1570 1572
1571 1573
1571 2942
1572 1574
1572 3638
1573 2529
1573 4973
1573 2487
1574 1575
1574 1576
1574 3279
1575 1576
1575 1577
1576 2413
1577 2547
1577 1869
1578 1579
1578 4622
1579 1580
1579 1581
1579 4416
1580 1581
1580 1900
1580 2968
1580 1712
1581 4704
1581 3930
1582 1583
1582 1584
1583 2444
1584 1585
1584 4490
1585 1586
1586 1587
1586 3328
1587 2244
1588 1590
1588 1898
1589 1591
1589 4161
1590 1592
1590 3109
1591 1592
1591 1593
1591 3558
1592 1594
1592 4096
1593 1595
1593 4716
1594 1595
1594 1596
1595 1597
1595 4502
1595 1909
1596 1597
1596 2959
1596 3974
1597 1598
1597 1599
1597 2890
1598 3191
1598 3613
1599 1600
1599 1601
1599 4797
1600 1601
1600 1602
1601 1603
1601 4420
1602 1604
1602 4805
1603 3383
1603 3896
1604 4614
1604 2510
1605 2421
1605 3959
1606 1607
1606 4264
1607 1609
1607 4181
1607 4987
1607 2735
1608 1609
1608 2742
1608 3858
1608 4575
1609 4848
1610 4001
1611 1613
1611 4168
1612 1614
1613 1614
1613 1615
1614 1616
1615 1616
1615 1792
1616 1618
1616 4841
1617 1619
1618 1620
1618 3070
1618 4474
1619 2529
1619 2264
1620 1621
1620 4393
1621 1838
1622 1623
1622 3220
1623 1625
1623 4768
1624 1626
1624 4887
1625 2325
1626 1627
1627 4016
1628 1630
1628 2759
1629 1631
1629 3789
1630 1631
1630 3636
1631 1632
1631 3069
1632 3427
1632 4378
1633 1635
1633 4202
1633 2614
1634 1635
1634 1636
1635 1636
1635 1637
1635 2373
1636 1637
1636 2793
1637 1638
1637 2731
1638 1639
1639 1641
1639 2043
1639 3168
1639 4448
1639 3022
1640 3838
1640 3346
1640 2251
1641 1642
1641 1643
1641 2702
1641 3565
1642 3683
1643 1644
1643 2807
1644 2897
1645 1647
1645 1741
1646 1647
1647 1648
1648 1649
1648 1650
1649 1650
1649 1691
1649 4642
1650 1651
1650 4497
1650 2058
1651 4492
1652 1654
1652 1810
1652 4665
1653 1655
1653 2804
1654 1656
1654 2691
1655 1656
1655 3916
1656 2252
1656 2473
1656 4228
1656 4718
1657 1658
1657 1659
1658 4065
1659 1660
1659 1661
1660 2140
1660 3981
1661 1662
1661 1663
1661 2710
1662 1663
1662 4662
1663 1664
1663 1665
1664 1665
1664 1666
1664 2750
1665 1666
1665 1667
1666 1668
1666 3604
1667 1669
1667 3823
1668 1669
1668 1670
1668 4829
1669 1671
1670 1671
1670 1672
1670 4300
1671 1673
1671 2539
1672 4656
1672 2507
1674 3272
1674 2564
1674 4898
1675 4742
1675 2850
1675 3656
1675 4123
1676 1677
1676 2900
1677 1678
1677 3474
1677 2353
1678 1679
1678 1680
1678 3541
1679 1680
1680 1681
1680 1682
1680 4699
1681 1683
1681 2404
1681 3213
1682 1683
1682 1844
1683 1684
1684 1686
1684 3991
1685 1686
1685 1687
1685 3029
1685 3772
1686 1687
1686 1688
1687 1689
1687 4106
1687 4977
1688 1689
1688 2134
1688 3953
1689 3307
1689 2674
1690 1691
1690 4601
1691 3109
1692 1693
1692 1694
1693 1695
1693 2800
1693 2529
1693 2816
1694 1695
1694 1787
1694 4176
1695 1696
1695 3318
1695 4997
1695 4585
1696 1697
1696 4465
1697 1699
1697 3584
1698 1700
1699 1700
1699 4528
1699 3119
1700 1701
1700 4376
1701 1702
1702 1704
1702 2325
1703 1780
1703 3421
1703 4023
1704 1705
1704 1706
1705 1707
1705 3686
1706 1871
1706 3158
1707 2331
1707 2308
1707 2574
1707 4703
1708 1709
1708 1710
1709 1711
1709 2942
1709 2093
1710 3790
1710 4206
1710 4372
1711 1712
1711 1713
1712 1713
1713 1769
1713 4230
1713 2326
1714 1716
1714 2397
1715 1716
1715 1717
1715 3604
1716 1718
1716 3842
1716 3299
1717 1718
1717 1719
1718 2973
1718 2487
1718 3445
1719 3937
1719 3057
1720 1722
1721 1722
1721 3978
1722 1724
1722 4577
1723 1724
1723 1725
1724 4045
1724 4475
1725 1726
1725 2524
1726 1728
1726 1741
1726 3392
1727 1729
1727 1902
1727 4682
1728 1729
1728 4910
1728 4158
1729 1730
1729 1731
1730 1731
1730 1732
1731 1732
1731 1733
1732 1733
1732 1734
1732 3749
1733 1734
1733 1735
1734 1736
1734 4034
1735 1737
1735 3463
1736 1737
1736 1738
1736 4689
1737 1739
1737 2428
1737 4012
1738 1739
1738 1740
1739 1740
1739 2041
1740 1741
1740 2276
1740 3600
1741 4301
1742 1743
1742 1744
1742 3230
1743 1745
1743 3664
1745 1746
1745 2547
1745 2688
1746 1747
1746 1748
1747 1748
1747 2211
1749 1750
1749 4742
1750 1751
1750 1752
1750 4869
1751 1752
1751 3221
1751 4643
1752 1754
1752 3713
1752 2546
1752 3824
1753 1754
1753 2213
1754 2086
1754 2632
1755 4601
1755 3366
1756 1758
1756 3199
1756 2418
1757 1759
1757 2764
1757 2239
1758 2033
1758 3092
1759 1760
1760 1761
1760 1762
1760 3221
1760 2205
1761 1763
1761 4445
1762 1763
1762 3519
1762 3959
1763 1764
1765 4528
1765 3913
1766 1767
1766 1768
1766 2075
1767 1769
1767 2365
1768 1770
1769 3631
1769 3582
1769 3215
1770 1771
1770 3536
1771 3934
1771 4808
1772 1773
1773 3101
1774 1775
1774 1885
1774 2967
1775 1776
1776 1777
1776 3447
1776 2291
1777 1778
1777 1779
1778 1780
1778 3461
1778 2940
1779 1781
1779 3683
1780 1781
1780 1782
1781 1782
1781 4307
1782 4290
1782 3063
1783 1784
1783 3029
1784 1785
1784 2985
1784 2063
1785 1786
1785 1787
1786 3748
1787 1788
1787 1789
1787 3053
1787 2815
1788 4892
1788 2234
1789 1790
1790 3283
1791 1793
1791 3610
1791 2197
1792 4722
1792 3472
1793 3005
1793 3753
1794 4532
1795 1796
1795 3992
1796 1798
1796 4297
1796 3994
1797 3852
1797 4720
1798 3512
1798 1960
1799 1800
1799 1801
1799 4952
1800 1802
1800 4708
1800 4545
1801 1802
1801 1803
1801 2896
1801 2021
1802 1803
1803 3166
1803 2661
1803 2409
1804 4280
1804 1907
1804 4867
1805 1806
1805 1807
1805 3682
1806 1807
1806 4548
1807 1809
1808 2677
1808 3894
1809 1810
1809 4103
1810 1811
1810 4260
1811 1813
1811 4325
1811 3588
1811 3842
1812 1813
1812 1814
1813 1815
1813 2062
1814 1815
1814 3847
1814 4222
1815 1817
1815 2235
1816 1817
1816 1818
1816 3402
1817 3357
1817 4015
1817 2855
1818 1819
1818 4759
1819 1821
1819 3068
1819 4668
1820 3385
1820 4319
1820 2569
1821 1822
1821 1823
1821 3804
1822 1823
1822 3795
1823 3909
1823 3663
1824 1825
1824 4044
1825 1827
1825 3495
1826 1827
1826 1828
1827 1828
1827 1829
1827 3801
1827 3907
1828 1830
1829 1830
1829 1831
1830 1832
1830 4451
1831 1832
1831 1833
1832 1833
1832 4633
1832 2377
1833 1834
1833 1835
1833 3269
1834 1836
1834 4643
1835 1837
1835 2998
1836 1837
1836 1838
1837 3233
1838 1839
1838 1840
1838 3617
1839 1841
1839 4765
1840 4445
1841 1843
1842 1843
1842 2638
1842 1963
1843 1844
1843 1845
1843 2073
1843 3388
1843 4247
1844 1845
1844 1846
1844 3214
1844 3546
1845 1847
1846 1848
1846 2822
1847 1849
1847 4144
1847 3652
1848 1849
1848 1978
1849 4043
1849 4710
1849 2103
1850 1851
1850 1852
1851 1852
1851 1853
1852 1854
1852 3653
1853 1854
1853 1855
1854 1855
1854 1856
1854 3762
1855 1856
1855 4761
1856 1858
1856 4728
1857 1859
1857 4399
1858 1860
1859 2015
1860 4189
1861 1862
1861 4627
1861 2040
1861 3435
1862 1863
1862 1864
1862 2385
1862 3201
1863 1865
1863 3259
1863 4736
1864 1865
1864 2338
1864 2876
1865 1866
1865 1867
1865 4758
1866 1868
1866 1922
1867 1868
1867 3966
1868 3857
1868 1983
1869 3904
1869 4387
1870 1871
1870 1872
1870 2044
1871 1872
1871 2523
1871 2506
1872 1873
1872 4155
1873 1874
1874 1875
1874 2927
1875 1876
1875 1877
1875 4300
1875 3934
1876 1878
1876 1926
1876 2369
1877 1878
1877 1879
1877 2348
1877 3520
1878 1879
1879 1880
1879 1881
1879 2028
1879 4966
1880 4837
1881 1883
1881 4801
1882 1883
1882 3871
1883 1885
1883 2618
1884 1885
1884 4349
1884 4059
1885 1887
1885 2973
1886 1887
1886 4296
1887 1888
1887 3256
1888 1889
1888 3193
1889 1890
1889 1891
1890 1892
1890 2900
1891 1893
1891 3512
1892 2251
1893 1895
1894 1896
1894 4228
1894 3425
1895 3289
1895 4541
1895 2465
1896 1897
1896 3637
1896 2517
1897 1898
1897 4282
1897 2181
1898 1899
1898 3996
1898 2171
1899 1900
1900 1902
1900 3940
1901 1903
1901 3654
1902 1903
1902 3794
1903 4234
1904 2751
1905 1906
1905 1907
1906 1907
1906 1908
1908 1910
1908 3708
1909 1911
1909 2631
1909 4377
1910 1912
1910 4192
1911 1913
1911 3643
1911 2309
1912 1913
1913 1914
1913 1915
1913 2762
1914 1915
1914 3443
1915 2343
1915 4434
1916 1918
1917 1918
1917 3525
1918 2851
1918 3000
1918 3457
1918 3540
1918 4412
1919 1920
1919 1921
1919 2388
1920 4779
1920 2912
1920 2987
1921 1922
1921 2567
1921 3565
1922 1924
1922 4367
1922 2413
1923 1924
1923 1925
1924 2903
1925 2955
1925 4480
1926 1927
1926 2837
1926 2766
1927 1928
1927 1929
1928 1929
1928 1930
1929 3075
1929 4937
1929 3442
1930 1931
1930 4211
1931 1933
1931 3736
1931 4455
1932 1934
1932 2913
1933 2005
1933 3984
1934 3533
1934 2291
1934 3325
1935 1936
1935 1937
1935 3573
1936 1938
1936 4925
1936 3042
1937 1938
1937 4022
1938 1939
1938 2660
1939 1940
1940 3418
1940 4006
1941 1942
1941 2723
1941 3574
1942 1944
1942 2126
1942 4460
1943 1944
1943 3637
1944 1945
1944 4180
1945 1946
1945 1947
1946 1947
1946 3735
1947 4693
1947 3003
1947 3089
1948 2898
1948 2791
1948 3582
1949 1951
1949 4860
1949 4775
1950 1951
1950 1952
1950 3287
1951 1952
1951 3360
1952 1953
1952 3747
1953 3998
1953 4319
1954 1956
1954 4051
1954 3940
1955 3215
1956 1958
1956 4675
1957 1958
1957 3488
1957 3727
1957 1993
1957 3093
1958 1959
1958 3707
1959 1960
1959 1961
1960 1961
1961 1962
1961 1963
1961 2228
1961 3980
1962 1963
1962 1964
1962 4216
1963 2016
1964 1965
1965 1967
1965 2157
1965 3521
1966 1968
1966 2761
1967 3192
1968 1969
1968 1970
1969 3052
1969 3580
1969 2120
1970 1972
1970 2053
1970 4028
1970 4308
1971 4166
1972 1973
1972 3490
1972 4334
1973 1974
1973 3912
1974 1975
1974 1976
1974 4573
1975 1976
1975 1977
1976 1977
1976 1978
1976 3876
1976 3980
1977 1978
1977 1979
1978 4148
1979 1980
1979 1981
1980 1982
1980 2357
1981 1983
1982 1983
1982 1984
1982 3149
1983 1985
1983 4321
1983 3920
1983 3744
1983 4917
1984 4054
1984 2555
1984 3594
1984 2908
1984 3979
1985 3336
1985 4121
1985 2645
1985 2516
1986 1987
1986 4952
1987 1988
1987 2351
1987 3312
1987 4985
1987 2116
1988 1989
1989 1990
1989 1991
1990 1992
1990 2143
1990 2488
1991 1992
1991 1993
1991 2266
1991 3561
1992 1993
1992 1994
1992 4404
1993 4541
1994 2008
1994 2242
1995 1996
1995 2218
1996 1998
1996 2035
1997 1998
1997 3362
1997 3631
1998 1999
1998 3668
1998 2962
1998 4623
1999 2000
1999 2001
1999 2735
2000 2002
2000 2868
2001 2002
2001 2003
2001 2985
2002 2003
2003 2004
2003 2005
2003 3472
2004 2005
2004 2676
2004 3142
2005 4681
2006 2008
2007 2009
2007 2190
2007 4821
2007 2848
2008 4332
2009 2010
2009 2011
2010 2011
2010 2012
2010 2098
2011 4469
2011 4673
2012 2013
2012 2014
2012 4307
2013 2014
2013 2015
2013 3053
2014 2015
2014 2452
2014 3109
2014 3820
2015 2017
2015 4624
2016 2017
2016 2826
2016 3136
2016 2884
2017 4782
2017 4574
2017 3888
2018 2019
2018 3721
2018 4690
2019 2020
2019 2021
2020 2021
2020 2022
2021 2022
2021 2340
2022 3747
2022 4713
2023 2024
2023 2025
2023 3534
2024 2025
2024 2026
2025 2027
2025 2372
2025 2639
2025 3435
2026 2028
2026 2501
2026 2175
2027 2028
2027 2722
2027 3441
2028 4281
2028 2554
2028 2176
2028 3706
2029 2031
2029 4596
2029 2531
2030 2032
2030 3203
2030 2134
2031 2032
2031 4506
2031 3742
2031 2847
2032 2034
2032 2129
2033 3357
2033 3833
2034 2036
2034 4763
2034 3680
2035 2036
2035 3622
2036 2038
2036 2846
2037 2039
2037 3601
2037 4740
2038 2039
2038 2040
2038 4126
2039 2040
2039 3840
2040 2041
2040 4710
2041 2042
2041 4505
2042 4351
2043 2947
2043 2455
2043 4576
2043 3357
2044 2045
2045 4539
2045 2142
2045 4680
2046 2047
2046 4083
2046 2210
2047 2048
2047 2049
2048 2050
2049 2050
2049 2051
2050 2051
2050 2052
2050 2997
2051 2052
2051 2405
2051 2877
2052 2053
2052 2054
2052 3068
2052 2417
2053 2054
2053 2847
2053 4759
2054 2055
2054 2056
2055 2057
2055 2492
2056 2979
2056 3106
2057 2059
2058 2060
2058 3048
2058 4032
2059 2060
2059 2177
2059 2824
2059 2425
2060 2061
2060 2062
2061 2062
2061 2609
2062 2063
2062 2064
2063 2666
2064 2065
2064 4927
2064 2501
2064 3497
2065 2066
2066 2067
2066 2068
2067 4202
2067 4762
2067 2235
2067 4621
2068 2069
2068 2293
2068 3709
2069 3416
2070 2071
2070 2072
2070 4254
2070 4767
2071 4314
2071 4199
2071 2875
2072 2852
2072 2766
2075 2077
2075 3014
2076 2078
2076 4404
2077 2078
2077 4337
2077 4531
2078 2079
2078 2080
2078 4857
2079 2080
2079 4555
2080 2081
2080 2082
2080 2782
2081 2082
2081 3655
2082 2083
2082 2084
2082 4152
2083 4311
2083 4408
2084 2086
2086 4651
2087 2088
2087 3229
2087 3544
2088 2763
2088 3545
2089 2090
2089 2091
2090 2766
2091 3180
2091 4599
2092 2093
2092 2094
2094 2095
2094 3261
2095 2951
2095 2288
2096 2098
2096 3931
2097 2099
2099 3370
2099 2789
2100 2938
2100 3500
2101 2103
2101 3208
2102 2104
2102 2853
2102 4898
2103 2104
2103 4389
2103 3373
2104 2105
2104 2511
2104 3105
2105 2107
2105 3904
2106 2107
2106 2793
2106 4849
2108 2110
2108 2739
2109 2110
2109 2111
2110 2425
2110 3678
2110 3761
2110 4958
2110 4324
2111 2112
2111 3726
2112 2113
2112 3369
2113 2114
2113 2115
2113 2194
2113 2440
2114 2115
2114 2116
2115 2117
2115 3410
2115 4974
2116 2117
2116 4155
2117 2119
2117 3733
2117 2929
2117 2951
2117 4868
2117 2267
2118 2119
2118 2621
2119 2120
2119 2121
2119 4878
2119 2549
2120 2759
2121 2779
2121 4869
2122 2123
2122 2124
2123 2124
2123 2125
2124 2934
2124 2548
2125 2127
2125 4252
2127 4785
2127 2258
2127 3808
2128 2129
2128 2130
2128 3164
2129 2130
2129 2131
2129 4150
2130 2131
2130 2217
2130 3095
2131 2133
2132 2134
2133 2134
2133 2135
2135 4425
2135 3863
2136 2137
2136 2138
2137 2139
2138 2139
2138 2140
2138 4142
2139 2140
2139 2141
2140 4475
2140 4473
2141 2142
2141 2143
2143 2144
2143 2807
2143 4140
2144 2145
2144 2146
2145 2146
2145 3647
2146 2148
2147 2148
2147 2867
2147 3840
2148 2149
2148 2150
2149 2150
2150 2152
2151 2152
2151 2153
2151 2598
2152 4468
2152 3253
2152 4281
2152 4409
2153 3893
2153 2396
2153 3440
2153 4510
2154 2155
2154 2156
2154 4050
2155 2156
2155 2157
2156 2157
2157 2159
2157 2954
2157 3496
2158 2466
2158 3482
2159 2160
2159 2161
2160 4777
2160 4383
2160 3244
2161 2162
2162 2556
2163 2164
2163 2165
2163 3459
2163 4251
2164 2166
2164 3679
2165 2167
2165 4868
2165 2437
2166 2167
2166 2770
2166 3928
2167 2169
2167 2955
2168 2170
2168 2925
2169 3175
2169 3795
2169 3660
2170 2171
2170 3399
2171 2172
2171 4221
2172 2174
2172 4196
2172 2202
2172 2398
2173 2174
2173 2175
2174 2176
2174 2711
2174 3377
2175 2177
2176 2177
2176 3399
2176 3971
2177 2551
2177 3319
2177 3709
2178 2180
2178 3809
2179 2180
2179 2181
2180 2181
2180 2182
2181 2182
2181 3670
2182 2183
2183 2184
2183 2185
2183 2796
2184 2186
2184 4244
2185 2186
2185 4672
2186 2188
2186 2947
2187 2188
2187 2189
2187 2744
2187 3711
2188 2189
2188 2607
2189 2190
2189 2191
2189 2890
2190 2192
2191 2193
2191 2803
2191 4175
2192 2193
2192 2194
2192 2229
2192 3380
2193 2195
2193 2491
2194 2196
2195 2197
2195 2332
2195 4050
2196 2197
2196 3510
2196 4610
2198 2199
2198 2200
2198 2290
2199 2421
2200 2201
2200 2202
2201 2203
2201 2637
2201 2496
2201 4555
2202 3795
2203 2205
2203 2978
2203 4855
2204 2205
2204 2206
2205 2206
2206 2207
2206 2208
2207 2209
2207 4172
2208 2210
2208 2596
2208 4906
2209 2211
2209 2373
2210 2211
2210 4424
2210 4497
2211 2213
2211 3909
2212 2213
2212 3302
2213 2214
2213 2497
2214 2215
2215 2216
2215 2217
2215 3826
2216 2217
2216 2218
2217 2219
2217 2958
2217 4724
2217 2998
2218 4669
2219 2220
2219 2221
2220 2222
2221 2223
2221 2519
2221 2342
2222 2223
2222 3041
2222 3052
2222 3773
2223 4983
2223 4706
2224 2427
2224 2411
2224 3670
2225 2226
2225 3832
2226 4281
2226 4523
2226 3116
2227 2228
2228 2230
2228 4768
2229 2230
2229 2942
2229 3027
2230 2232
2230 4831
2230 4735
2231 2232
2231 2233
2231 4305
2231 4752
2232 2234
2232 2599
2233 4404
2234 4632
2235 4396
2235 2260
2236 2237
2236 2397
2236 3124
2237 2596
2237 3473
2238 2240
2238 4508
2238 3150
2238 2403
2239 3086
2240 2242
2240 3631
2240 4369
2241 4027
2241 2316
2242 3016
2242 4952
2242 3511
2243 2245
2243 3417
2244 2245
2244 2246
2245 2246
2245 2247
2245 3166
2246 2708
2247 2249
2247 2416
2248 2249
2248 3452
2249 2250
2249 3799
2250 2251
2251 3075
2252 2254
2252 2756
2252 4675
2253 2254
2253 2255
2254 2255
2254 3925
2255 3601
2256 2258
2256 4806
2257 2258
2257 3225
2257 2821
2258 2259
2258 2691
2258 3537
2259 3984
2260 2261
2260 4675
2261 2262
2261 2263
2261 4520
2262 2264
2262 3115
2263 4039
2264 2265
2264 4739
2265 2266
2265 3916
2266 2267
2267 2268
2267 4545
2268 2269
2268 2270
2268 4679
2269 2270
2269 2271
2270 2272
2270 4021
2271 2272
2272 2274
2273 2274
2273 4294
2273 2572
2273 2845
2274 2275
2274 2276
2274 4992
2275 2277
2275 3424
2275 4853
2276 2278
2277 2278
2277 2279
2278 2279
2278 2280
2279 2741
2279 3542
2280 2282
2280 2826
2281 2282
2281 3268
2282 2284
2282 4011
2283 4329
2283 4927
2284 2286
2284 3364
2284 3569
2285 2286
2285 3299
2286 2288
2287 2289
2287 4292
2287 4624
2289 2291
2289 3737
2289 4748
2290 3145
2290 2761
2290 4908
2291 2314
2292 2294
2293 2295
2293 3685
2294 2295
2294 2296
2295 2297
2295 2415
2296 2297
2297 4406
2297 3448
2298 2299
2298 2300
2298 4501
2299 2301
2299 2967
2300 3410
2300 4657
2301 3861
2302 2303
2302 2848
2302 4991
2303 2304
2303 2305
2303 4537
2304 2305
2305 2307
2305 4139
2306 2307
2306 2308
2306 2983
2307 2640
2308 2309
2308 4722
2308 3112
2309 2310
2309 4910
2310 2311
2310 2312
2311 2312
2311 3710
2312 3786
2312 4491
2313 2314
2313 3218
2314 2315
2315 2331
2315 2644
2316 4421
2317 3473
2317 4163
2318 2320
2318 4141
2318 2512
2319 4609
2319 3453
2319 2835
2320 2321
2320 2322
2320 3185
2321 2322
2321 2323
2322 2324
2322 3255
2323 2324
2323 2325
2324 2325
2324 3655
2325 2326
2326 2327
2326 3606
2326 4609
2327 2328
2327 2329
2327 2837
2327 3004
2327 4258
2328 2329
2328 2330
2328 4102
2329 2331
2329 4619
2329 2406
2330 2331
2330 3412
2330 2656
2331 4218
2331 4743
2332 2334
2332 2908
2333 2335
2334 2336
2334 3712
2335 2336
2335 4253
2336 2337
2336 3692
2337 4797
2338 2340
2339 2340
2339 3389
2341 2389
2343 2726
2343 2991
2344 2346
2344 4558
2345 2346
2345 2891
2345 3914
2346 2348
2346 4215
2347 2348
2347 2349
2348 2350
2349 2350
2350 2351
2350 2629
2351 3995
2352 2354
2353 2355
2354 2355
2354 2767
2355 2356
2355 2357
2355 4242
2356 2357
2356 4784
2356 2901
2357 4723
2357 3884
2358 3081
2358 2992
2359 2360
2360 4064
2361 2362
2361 2363
2361 3371
2362 2363
2362 2672
2363 2865
2363 4866
2363 2551
2364 2365
2364 2366
2364 4119
2365 2366
2365 2367
2366 2368
2366 3320
2367 2368
2367 2608
2369 4152
2370 2371
2370 3207
2371 4527
2372 2373
2372 2374
2373 2374
2374 2375
2374 2376
2375 2376
2375 2377
2376 2378
2376 4490
2377 2378
2377 2419
2377 4872
2378 2380
2378 3179
2379 2380
2379 2381
2380 2382
2381 2382
2381 2383
2382 2384
2382 4638
2384 2385
2384 4020
2385 2387
2386 2387
2386 2814
2387 2389
2387 3059
2388 2390
2389 2390
2389 2391
2389 4205
2390 2391
2390 3671
2390 4498
2391 2392
2391 4560
2392 2393
2392 4012
2393 3337
2393 4807
2394 4771
2394 3936
2395 2396
2395 2397
2395 2897
2396 2949
2397 2399
2397 2663
2397 4988
2398 2399
2399 2400
2399 4526
2399 4132
2400 2401
2400 2402
2400 2981
2401 2403
2401 4049
2402 2818
2402 4610
2403 4144
2404 2405
2405 2407
2405 2922
2406 3873
2406 3507
2407 2408
2407 2409
2408 2409
2408 4799
2409 2410
2409 2411
2409 3214
2410 2411
2410 2412
2410 3429
2411 4681
2412 2413
2413 2893
2413 3597
2414 2416
2414 3159
2415 2416
2415 2417
2415 3027
2415 4467
2416 2796
2416 4869
2417 2418
2418 2596
2418 4275
2419 2421
2419 3090
2419 3240
2420 4760
2420 4717
2421 2422
2422 3682
2423 2424
2423 2425
2424 2425
2424 2426
2424 2687
2425 2426
2426 2427
2426 2428
2427 2428
2427 2429
2427 4718
2428 3424
2428 3893
2429 4222
2429 4239
2430 2508
2430 2684
2430 3578
2431 2432
2431 2433
2431 4378
2432 2433
2432 2434
2433 2434
2433 3791
2434 2984
2434 3394
2435 2437
2436 2438
2436 3668
2436 3597
2438 2439
2438 3433
2439 4772
2440 4956
2441 2442
2441 2443
2442 3614
2443 2444
2443 2445
2443 3025
2444 2446
2444 2510
2444 3080
2445 2447
2445 4546
2446 2448
2446 4996
2446 2851
2447 2448
2447 2449
2448 4473
2448 3441
2449 2451
2449 4533
2449 3807
2450 2451
2450 4473
2450 3676
2450 3450
2451 2661
2452 2965
2453 2454
2453 2455
2454 2455
2454 2456
2454 3905
2454 4266
2455 2457
2455 3785
2456 4203
2457 2459
2457 3796
2458 2460
2459 4423
2459 4202
2460 4022
2461 2462
2461 2543
2461 3841
2463 2464
2463 3638
2463 2987
2463 2860
2464 2465
2464 2466
2465 2466
2466 2468
2466 4206
2467 4986
2467 3871
2468 2470
2470 2471
2470 2472
2470 4200
2470 2892
2471 2472
2471 2473
2471 2799
2472 2473
2472 2474
2473 2475
2473 4116
2473 4160
2473 4633
2474 2476
2475 4967
2475 4034
2476 2477
2476 3139
2476 3449
2477 2478
2477 2479
2477 2796
2478 2479
2478 4039
2479 2480
2479 2481
2480 4425
2480 3833
2480 2536
2481 2482
2481 2483
2482 2484
2482 3828
2483 2485
2483 3363
2483 3185
2483 4939
2484 2485
2484 2486
2485 2486
2485 2487
2485 3879
2487 2807
2487 4012
2488 4145
2489 2490
2489 2660
2490 2491
2490 2492
2490 3629
2491 2493
2492 2493
2493 2495
2493 3742
2493 4039
2493 2937
2494 2496
2494 2807
2495 2625
2495 3317
2496 4515
2496 2864
2497 2498
2497 2499
2498 2499
2498 4128
2499 2501
2499 3360
2500 4708
2500 4865
2501 2502
2501 3967
2502 4949
2503 2505
2503 4011
2504 2505
2504 2506
2505 2506
2505 2888
2506 2508
2506 2685
2506 3436
2506 3514
2507 2509
2507 4130
2508 2509
2508 4248
2509 3119
2509 3990
2509 3560
2510 2511
2510 4276
2510 3321
2511 4342
2512 2645
2512 4047
2513 3929
2513 4190
2514 2515
2514 2516
2514 4593
2515 2516
2515 2517
2516 2517
2517 2518
2518 2520
2518 2972
2518 4486
2518 4064
2519 2520
2519 2521
2520 2521
2520 2522
2521 2522
2521 2523
2522 2523
2523 2525
2523 3406
2524 3463
2525 2527
2525 4368
2525 4852
2525 3330
2525 4413
2526 2527
2526 2528
2527 2528
2528 2529
2528 2598
2529 2530
2530 2531
2530 2532
2531 4891
2532 2787
2532 3744
2533 2535
2534 2628
2535 2536
2535 4094
2536 3602
2537 3504
2537 2574
2538 2539
2538 2603
2538 4989
2539 2540
2539 4524
2539 4685
2540 4222
2540 4292
2541 2543
2541 4887
2542 2543
2542 4960
2543 2545
2544 2546
2544 3766
2545 2546
2545 2547
2545 3526
2547 2826
2547 4406
2547 4918
2548 2549
2548 4804
2550 2552
2551 2552
2551 2766
2551 3034
2552 2553
2552 2554
2553 2554
2553 2555
2554 2556
2555 2557
2556 2558
2556 3226
2557 2558
2557 3780
2557 4321
2557 3430
2558 3863
2559 2561
2559 3695
2560 2561
2560 3420
2560 4678
2560 4749
2561 2562
2561 3905
2562 2563
2562 2564
2563 2564
2563 4287
2563 3271
2564 2566
2564 3076
2565 4747
2565 2683
2566 2568
2566 4219
2567 4915
2568 2569
2568 2570
2568 3759
2569 2570
2569 3044
2569 3896
2569 3887
2570 3147
2570 4972
2571 2573
2571 3497
2572 2573
2573 2574
2573 2575
2573 3001
2574 2575
2574 3188
2575 2576
2575 2577
2576 2577
2576 2578
2577 2771
2578 2579
2579 2580
2579 3350
2580 2581
2580 3375
2581 2582
2581 4186
2581 4358
2581 4894
2582 2583
2582 4804
2583 2584
2583 3477
2584 2585
2584 2586
2585 4067
2585 3350
2586 2588
2586 4395
2586 4823
2587 2588
2587 2589
2588 2589
2588 2590
2589 2590
2589 2591
2590 2591
2590 3964
2590 4469
2591 2592
2591 2593
2592 3304
2592 2740
2592 3101
2593 2594
2593 2595
2593 2905
2594 3731
2595 2596
2595 2597
2596 2597
2596 2598
2599 2600
2599 4791
2600 2601
2600 2602
2601 2602
2601 2661
2602 2603
2602 2604
2603 2604
2603 2605
2604 3977
2604 3452
2605 3035
2605 3531
2605 4279
2606 2607
2606 3084
2606 3206
2607 2608
2607 4125
2608 4736
2608 2804
2609 2611
2610 2615
2611 2612
2611 2613
2611 4294
2612 4318
2612 3295
2613 2615
2613 3709
2613 2924
2614 2615
2615 2617
2615 3216
2616 2617
2616 2830
2617 2619
2618 2620
2618 4125
2619 2621
2619 4726
2620 4332
2621 2623
2621 3898
2622 2624
2622 3801
2623 2625
2623 4345
2623 4591
2623 4854
2623 4128
2624 3568
2625 2626
2626 2627
2626 2628
2627 3800
2627 3001
2627 2935
2628 3486
2628 3264
2628 2880
2629 2630
2629 4210
2630 2631
2630 4597
2631 2632
2632 2633
2632 3237
2632 4753
2633 2634
2633 2635
2634 2635
2634 3817
2635 2636
2635 3485
2635 4332
2635 4512
2636 2637
2636 2638
2636 3410
2637 2639
2637 3707
2638 2640
2638 4347
2640 2641
2640 4148
2640 3901
2641 2642
2641 2643
2642 2643
2642 2644
2643 2644
2644 2646
2644 4667
2645 2646
2645 2647
2645 4262
2646 2647
2646 3479
2647 2649
2648 4882
2648 2903
2649 2650
2649 4447
2650 2652
2650 2710
2651 4981
2651 4802
2653 2654
2653 2655
2654 3065
2655 2659
2655 3751
2656 2657
2657 2658
2657 2659
2658 2659
2658 2660
2659 2660
2659 2661
2660 3217
2661 2663
2662 2663
2663 4299
2664 2665
2664 2666
2664 4517
2665 2667
2665 4010
2665 2804
2666 3972
2666 3856
2666 3099
2667 4988
2667 3740
2669 2670
2670 2671
2670 4149
2671 2672
2672 2673
2672 2674
2672 3667
2673 2674
2673 2675
2673 3610
2674 2675
2675 2676
2675 2677
2676 2677
2676 4572
2677 4527
2678 3265
2678 4756
2679 2681
2679 4050
2680 2682
2680 2979
2681 2682
2681 3786
2682 2683
2683 2684
2684 2686
2684 3563
2685 2687
2685 4655
2686 2687
2686 2688
2686 4130
2687 2689
2689 2690
2689 2691
2689 3644
2690 2691
2691 2693
2692 2693
2692 4479
2693 2695
2694 2695
2695 4979
2696 2697
2696 3829
2696 4415
2697 2699
2697 4165
2698 2700
2699 2700
2699 2701
2699 3302
2699 3777
2700 2702
2700 3961
2701 4384
2701 4943
2701 3760
2702 4683
2702 3522
2702 4417
2703 2705
2703 3694
2703 4273
2704 2705
2704 2706
2705 4576
2705 4468
2705 4193
2706 2707
2706 2795
2707 2708
2707 2709
2707 3076
2708 2709
2708 3872
2709 2711
2709 3744
2709 4566
2710 2712
2710 3910
2712 2713
2712 2714
2713 3755
2714 2716
2714 3715
2715 2717
2716 2717
2716 4913
2717 2718
2717 2719
2718 2719
2718 2720
2719 2721
2720 2721
2720 2722
2721 2722
2721 2723
2722 2724
2722 4512
2723 2791
2724 3399
2725 4601
2726 2727
2726 3083
2727 2729
2728 2730
2728 4927
2728 3849
2729 2731
2730 2731
2730 4728
2731 2733
2731 4941
2732 2733
2732 2734
2733 2734
2733 2735
2734 2735
2734 2736
2734 4732
2735 3407
2736 2737
2736 2738
2737 2739
2737 4368
2737 3187
2738 2740
2738 4632
2738 3161
2739 2968
2740 2742
2740 3572
2740 3743
2741 4600
2741 4415
2742 2744
2742 3895
2743 2745
2743 2778
2744 2746
2745 4008
2745 3253
2746 2747
2746 3301
2747 2749
2747 4824
2748 3309
2749 2750
2749 4013
2749 4291
2751 3226
2751 3459
2752 2754
2752 3016
2752 3219
2753 2754
2753 2952
2754 2755
2754 4848
2755 2756
2755 2757
2756 2758
2756 3652
2756 2982
2756 4076
2758 2759
2758 2760
2759 4118
2759 4046
2759 4405
2759 4739
2760 2761
2760 2762
2761 3779
2761 4888
2762 2763
2763 2765
2763 4295
2764 2765
2764 2766
2765 3308
2765 3498
2767 3096
2768 3663
2768 2930
2769 2770
2769 2771
2769 3863
2770 2772
2771 2772
2771 2773
2772 2773
2772 4740
2772 2893
2773 2774
2773 4038
2773 2859
2774 2775
2774 3735
2774 3034
2776 3753
2776 3437
2776 4669
2777 3988
2777 4549
2778 2779
2778 3087
2779 2841
2779 3385
2779 3819
2780 2781
2780 2782
2780 4056
2781 2783
2781 4929
2781 3865
2782 4606
2782 3712
2783 2785
2783 4435
2784 3251
2785 2786
2785 2787
2786 2788
2786 2975
2787 2789
2787 3378
2788 2789
2788 2790
2789 2790
2790 2792
2791 3790
2792 2793
2792 2794
2793 3946
2794 4768
2795 4249
2797 2798
2797 2979
2798 2799
2798 2800
2799 4116
2800 2801
2800 2802
2801 2802
2802 2803
2802 2804
2803 2804
2803 3430
2805 2806
2805 2807
2806 2807
2806 2808
2807 2809
2808 2809
2809 2849
2809 3953
2809 4515
2810 2811
2810 3482
2810 4974
2811 2812
2811 3165
2812 2813
2812 3187
2812 3665
2813 2814
2813 2815
2813 2929
2814 2815
2814 3280
2814 3911
2816 2817
2817 2819
2817 3684
2818 4988
2818 4877
2820 3960
2820 4514
2821 2822
2822 2823
2822 2824
2823 2824
2823 2825
2824 2826
2825 2826
2825 2827
2825 4024
2827 4823
2827 3311
2828 2829
2828 2830
2829 2831
2830 2831
2830 2832
2830 4272
2831 2832
2831 2833
2832 2833
2833 2834
2833 2835
2833 3275
2834 2835
2835 2836
2835 3116
2835 4802
2836 2837
2836 4235
2836 3253
2837 2838
2838 2839
2838 2840
2839 4307
2839 3107
2840 2842
2840 4374
2841 2842
2841 2843
2841 2972
2841 3957
2842 2843
2842 3376
2843 2844
2844 2845
2844 3013
2845 2846
2845 4241
2846 2848
2849 4167
2850 3635
2851 2852
2852 2853
2853 3467
2853 3359
2854 2855
2855 2856
2855 3803
2855 3878
2856 2857
2857 2858
2857 2859
2858 2859
2858 2860
2861 2863
2861 3470
2862 2864
2862 4517
2863 2864
2863 4350
2863 4625
2864 2865
2865 2866
2865 3505
2866 3354
2867 3308
2868 4110
2869 2870
2869 2871
2870 2871
2870 2872
2870 4194
2872 2874
2872 3445
2872 4456
2873 2875
2873 4295
2873 3528
2874 2876
2874 4615
2874 3078
2875 2877
2875 4379
2876 2877
2876 4841
2876 4493
2876 4601
2877 4828
2878 2879
2878 2880
2878 3018
2879 2880
2880 2881
2880 2882
2881 2882
2881 2883
2882 2883
2882 2884
2883 2884
2883 2885
2884 2885
2884 2900
2884 2992
2885 2887
2885 3761
2886 2888
2886 4336
2887 2888
2887 4206
2888 2889
2889 2890
2889 2891
2889 3055
2889 4235
2889 4305
2890 3286
2891 2904
2892 2893
2893 4502
2894 2895
2894 2896
2895 2897
2895 3151
2895 4177
2896 3273
2897 2898
2898 2899
2898 2900
2899 2900
2899 2901
2900 2902
2901 3066
2902 2903
2902 2904
2902 3062
2903 2905
2903 4608
2904 3177
2904 4580
2904 4727
2905 4395
2906 2907
2906 2908
2907 2909
2907 3893
2909 3448
2910 2912
2910 3968
2911 2912
2911 4773
2911 2956
2911 3723
2912 2913
2912 2947
2912 4835
2913 4145
2913 3225
2914 2916
2914 3257
2915 2916
2915 2917
2915 2990
2916 2917
2916 2918
2917 2918
2917 4701
2918 2919
2918 2920
2919 3934
2919 4438
2920 2921
2920 2922
2921 3062
2921 4660
2922 2924
2922 3494
2923 3966
2923 3663
2924 3701
2925 2926
2926 2928
2927 2929
2927 4963
2928 2929
2928 4254
2930 2932
2930 4253
2931 2932
2931 3819
2932 2934
2932 4811
2933 2935
2933 4943
2933 3075
2933 4721
2934 2935
2934 2936
2935 2936
2935 4774
2935 3490
2935 3505
2935 4843
2936 2937
2936 2938
2937 3465
2938 2940
2939 2941
2940 2941
2940 4986
2940 3719
2941 2943
2941 4726
2942 4179
2943 2944
2943 2945
2943 3408
2943 4594
2943 4605
2944 2945
2945 2946
2945 3303
2945 4222
2945 4270
2946 2947
2946 2948
2947 3314
2948 2949
2949 2950
2949 4692
2950 2951
2950 4227
2951 2953
2952 2953
2952 2954
2953 2954
2953 2955
2954 2955
2954 4461
2954 4314
2955 3468
2956 2958
2956 4919
2957 2958
2958 3774
2959 3797
2960 2961
2960 2962
2961 2962
2961 2963
2962 2963
2963 3537
2963 4122
2963 4090
2964 2965
2964 2966
2964 4750
2965 2966
2965 2967
2966 2967
2966 4985
2968 2969
2968 4002
2968 3533
2968 4295
2969 3457
2969 4617
2970 2971
2970 2972
2971 2972
2971 2973
2972 2974
2972 3615
2973 4694
2974 2975
2974 3057
2975 2976
2975 2977
2976 2977
2976 2978
2977 3974
2977 3937
2978 2979
2978 3100
2979 2980
2980 2981
2981 2982
2982 2984
2983 2985
2984 3524
2985 2986
2986 4909
2987 3642
2987 4930
2988 2989
2988 2990
2989 2991
2989 3295
2989 3412
2990 2991
2990 3878
2991 2992
2991 3353
2991 4231
2991 4914
2993 2994
2993 3667
2993 4289
2994 4169
2995 2997
2995 3540
2996 2997
2996 4415
2997 2999
2998 3737
2999 3000
2999 4361
2999 3180
3000 4585
3002 3003
3002 3004
3003 3005
3004 4174
3005 4569
3005 3885
3006 4380
3007 3008
3007 3009
3008 3009
3008 3010
3008 3977
3009 3011
3009 4227
3010 3012
3010 4162
3011 3013
3011 4906
3012 3013
3012 3014
3013 3052
3013 3705
3013 3152
3014 3275
3015 3016
3015 3017
3015 4540
3016 3018
3016 3708
3017 4934
3017 3517
3017 4074
3018 3019
3019 3020
3019 3021
3019 4336
3020 3022
3020 4636
3020 3805
3021 3022
3021 3023
3021 4651
3022 3023
3024 3025
3024 3465
3025 3026
3026 3028
3026 4452
3028 3676
3030 3032
3030 4296
3031 3032
3031 4622
3032 3034
3033 4173
3035 3037
3036 3813
3036 4450
3038 3039
3038 3040
3039 3040
3039 3041
3040 3041
3040 3042
3042 3044
3043 3044
3043 3045
3043 3332
3044 3046
3045 3046
3045 3898
3045 4713
3045 4263
3046 3047
3047 3049
3047 4001
3048 3050
3048 4940
3049 3050
3049 3051
3050 3051
3051 3052
3051 4466
3052 3053
3052 3054
3054 4860
3055 4818
3056 3057
3056 4495
3057 3058
3057 4665
3058 3059
3058 3477
3058 4803
3059 3060
3059 3712
3060 3061
3061 4862
3061 4084
3062 3063
3062 4599
3063 3517
3064 3065
3064 3066
3065 3066
3065 3067
3066 3067
3066 4735
3066 4783
3067 3068
3067 3069
3067 3419
3068 3294
3069 3070
3070 3071
3070 3072
3070 4477
3071 3073
3071 4239
3072 3073
3072 3074
3072 4650
3073 3075
3073 4073
3074 3456
3074 4271
3075 3077
3075 3623
3075 4425
3076 3587
3077 3078
3077 3079
3078 4351
3079 3080
3079 3081
3079 3468
3079 4418
3080 3081
3080 3641
3080 4816
3081 3082
3081 4942
3082 3083
3082 3143
3083 3925
3084 4333
3084 4257
3085 3367
3086 3088
3086 3558
3086 4754
3088 3090
3088 4453
3088 4361
3089 3090
3090 3092
3091 3092
3091 3938
3091 3488
3091 4219
3092 3094
3093 3094
3093 3971
3094 3095
3095 3387
3095 3559
3096 3324
3097 3098
3097 3099
3098 3099
3098 3913
3099 3100
3099 4801
3099 4875
3099 3946
3101 3102
3101 3105
3101 3353
3102 3104
3103 3104
3103 4953
3105 3107
3106 3107
3106 3108
3106 3879
3107 4080
3107 3625
3108 3109
3108 3110
3109 3502
3110 3111
3110 3112
3111 3113
3112 3114
3113 3114
3113 3115
3114 3115
3114 3116
3114 4218
3115 3117
3115 3372
3116 3118
3117 3119
3117 3746
3117 4366
3117 4597
3118 3119
3118 3120
3119 3120
3119 3121
3119 4020
3120 3121
3120 3122
3121 3122
3121 3123
3121 4365
3122 3123
3122 3647
3122 4583
3123 3124
3123 3125
3123 3952
3124 3126
3124 3374
3125 3127
3125 4472
3126 3127
3126 3707
3127 3128
3128 3877
3128 3262
3128 3892
3129 3130
3129 3131
3130 3131
3131 3133
3132 3133
3132 3134
3133 3134
3133 3135
3134 3136
3134 3653
3134 3686
3135 3136
3135 3137
3136 3426
3137 3138
3138 3139
3138 4549
3139 3140
3140 3141
3140 3142
3141 3143
3142 3143
3143 3145
3143 3666
3144 3146
3144 4721
3145 3147
3145 4640
3146 3147
3146 3148
3147 3148
3147 4916
3148 3149
3148 3150
3149 3151
3149 4804
3150 3152
3151 3152
3151 4996
3152 4339
3153 3155
3153 3863
3153 4215
3154 3155
3154 3156
3155 3157
3155 4432
3155 3333
3156 3158
3156 3981
3156 4038
3157 3158
3157 3159
3158 3160
3159 3322
3159 3576
3160 3161
3160 3162
3161 3162
3162 4295
3163 3164
3163 3234
3164 3166
3165 3166
3165 3167
3166 3168
3166 4167
3167 3168
3167 3169
3167 4906
3168 3170
3169 3171
3169 3545
3170 3172
3170 3812
3170 3501
3171 3172
3171 3173
3172 3174
3172 3379
3173 3174
3173 4420
3174 3176
3174 3743
3175 3176
3175 3177
3176 3177
3176 4963
3176 3332
3178 3179
3178 3180
3179 3181
3179 4235
3180 3255
3181 3183
3181 4751
3182 3184
3183 3185
3184 3186
3184 4326
3185 4181
3185 4264
3186 3187
3186 3188
3186 3693
3188 3189
3189 3190
3190 3191
3191 3192
3191 3193
3192 4259
3192 4590
3193 3195
3193 4040
3195 3913
3196 3197
3196 3198
3197 3198
3197 3199
3197 4337
3198 3199
3198 3200
3199 3200
3200 3201
3200 3202
3201 3202
3202 3203
3202 3204
3202 3902
3203 3204
3204 4254
3204 3291
3205 3206
3205 3932
3206 3207
3208 3209
3208 3210
3209 3211
3209 4404
3209 3530
3209 4539
3210 3574
3210 4134
3211 4949
3211 4527
3212 3214
3215 3216
3216 3217
3217 4171
3218 3219
3218 4624
3220 3221
3220 3222
3220 3606
3221 3223
3221 4154
3221 4854
3222 3224
3222 3434
3222 3890
3223 3225
3224 4119
3224 4812
3225 3558
3226 3227
3226 3228
3227 3228
3227 3342
3227 4641
3228 3229
3228 3821
3229 3231
3229 3811
3229 4714
3230 3232
3231 3233
3231 3580
3232 3233
3232 3234
3234 4849
3234 4755
3235 3236
3235 3237
3236 3237
3236 3238
3237 3239
3238 3239
3238 4404
3239 3240
3239 3241
3240 3241
3240 3376
3241 3243
3241 4930
3242 3244
3242 3954
3243 3245
3243 3748
3244 3246
3245 3246
3246 3247
3247 3248
3247 3249
3248 3249
3248 3906
3249 3250
3249 3824
3250 3252
3250 4143
3251 3252
3252 3254
3252 4667
3253 3796
3254 3255
3255 3256
3255 3257
3255 3470
3255 3493
3255 4528
3256 3257
3256 4461
3257 4641
3258 3260
3258 4082
3259 3260
3259 4430
3260 3261
3260 4130
3261 4148
3261 4284
3262 3264
3263 3264
3263 3265
3264 3448
3265 3266
3265 3494
3265 3377
3266 3883
3267 3572
3269 3270
3269 3881
3270 3271
3270 3272
3270 3659
3271 3272
3272 3273
3272 3632
3273 3274
3274 3276
3274 3970
3275 4684
3276 3277
3276 3278
3277 3278
3277 3950
3278 4520
3280 3282
3280 3956
3281 3283
3281 4595
3282 3283
3283 3284
3284 3285
3284 3286
3284 4117
3285 3286
3286 4643
3287 3288
3288 3290
3288 4327
3289 3290
3289 3291
3290 3291
3290 4132
3291 3864
3291 4601
3291 4474
3292 3294
3292 3376
3292 3922
3293 3981
3294 4567
3294 4457
3295 3297
3296 3297
3296 3298
3296 3846
3297 3298
3297 3299
3298 3299
3298 3300
3299 3301
3299 4276
3300 3837
3301 3302
3301 4662
3303 3305
3304 3305
3304 3306
3304 4396
3305 3306
3305 3307
3305 3634
3306 3307
3306 3308
3306 4582
3307 3308
3308 3309
3308 3399
3309 3310
3310 3311
3310 4115
3311 3312
3311 3505
3312 3314
3312 4514
3313 3315
3313 4096
3313 4299
3314 3316
3314 4941
3315 3316
3315 4936
3316 3318
3317 3318
3318 3528
3319 3320
3320 3322
3321 4607
3322 3323
3322 3324
3323 3324
3323 3325
3324 3325
3326 3950
3327 3328
3327 3329
3328 3330
3329 3331
3330 3331
3330 3477
3330 4393
3331 3332
3331 3333
3332 4447
3333 3335
3333 3677
3334 3335
3334 4569
3335 3336
3335 4630
3336 3338
3337 3338
3337 4404
3337 3769
3338 3340
3338 3534
3338 4099
3339 3340
3339 3341
3340 3341
3340 3756
3341 3342
3341 3343
3342 3343
3343 3344
3343 3345
3344 4058
3345 3346
3345 3347
3347 4532
3347 4269
3348 3349
3348 3350
3349 3351
3349 3455
3349 3506
3350 3352
3350 4249
3351 3353
3351 4367
3352 3354
3352 3871
3352 4516
3354 3355
3354 3356
3355 3356
3355 4732
3355 4220
3356 3357
3356 3358
3357 3358
3357 3359
3358 3359
3358 3360
3359 4962
3360 3361
3360 3362
3361 3363
3361 4188
3362 3364
3362 4644
3363 3365
3364 3365
3364 4814
3365 3366
3365 3367
3366 3367
3367 3368
3367 3369
3368 3369
3368 4041
3368 3753
3369 3370
3370 3371
3370 3372
3371 3373
3372 3374
3373 3374
3373 3375
3374 3375
3375 3554
3377 4133
3377 4350
3379 3380
3379 3381
3380 3381
3381 3382
3381 3383
3382 3383
3382 3384
3383 3384
3383 3981
3383 4173
3384 3385
3384 3386
3385 3387
3386 3387
3386 3388
3386 4933
3387 3388
3388 3570
3389 3664
3389 3640
3390 3391
3391 3393
3391 4255
3391 4596
3393 3395
3394 3396
3394 4111
3395 3396
3395 3397
3396 3398
3396 3925
3397 3945
3398 3399
3398 4099
3398 4551
3401 3402
3402 3403
3403 3405
3403 3523
3404 4703
3404 4961
3404 3736
3405 3406
3405 3407
3405 3831
3405 4206
3406 3408
3407 4158
3408 3410
3409 4022
3410 4607
3411 3412
3411 4574
3412 3413
3412 4838
3413 3414
3413 3415
3414 3416
3415 3416
3415 4104
3415 4838
3416 3417
3416 3965
3416 4636
3416 3932
3417 3419
3418 3420
3418 4698
3418 4234
3418 4281
3419 3421
3421 4045
3422 3423
3422 3424
3423 3424
3423 3425
3423 4248
3424 3425
3424 3426
3424 3458
3425 3426
3426 3427
3426 4384
3427 3532
3428 3429
3428 3430
3429 3882
3430 3431
3430 4325
3431 3432
3431 3433
3431 4165
3433 3435
3434 3436
3434 4123
3436 3438
3438 3440
3438 3524
3439 3440
3439 3441
3439 3659
3439 3678
3440 3442
3441 3442
3442 3444
3442 3802
3442 4701
3443 4484
3443 4545
3444 3445
3444 4362
3445 3446
3446 4142
3446 3926
3446 4221
3447 3448
3447 3449
3447 4005
3448 3450
3449 3450
3450 3451
3451 3701
3452 3453
3452 3454
3453 4339
3454 3455
3454 3456
3455 3456
3456 3458
3456 3929
3457 3915
3459 4391
3460 3461
3460 3462
3461 3462
3461 3463
3461 3883
3462 3463
3462 3464
3462 3839
3463 3464
3464 3465
3464 3466
3465 3467
3466 3468
3466 4401
3467 3468
3467 3469
3469 3470
3470 3472
3470 4562
3470 4789
3470 4801
3471 3473
3471 4107
3473 3474
3473 3998
3475 3476
3475 3648
3476 3478
3476 4262
3476 4726
3477 3479
3478 3705
3479 3723
3479 3661
3480 3482
3481 3483
3482 4243
3483 3484
3483 3485
3484 3485
3484 3486
3485 3487
3486 3868
3486 4949
3487 3488
3487 3489
3489 3490
3489 3491
3489 4538
3490 3491
3490 3492
3491 4723
3491 4892
3492 3493
3492 3494
3493 4820
3495 3496
3495 3497
3496 3497
3497 4217
3498 3500
3498 3825
3498 3997
3498 4498
3499 3500
3499 3501
3499 3969
3500 3502
3500 4112
3500 4240
3502 3503
3503 3504
3503 3505
3504 3506
3505 3506
3506 3507
3507 4934
3508 3509
3508 3510
3508 3692
3509 3510
3509 3945
3510 3512
3510 4554
3510 4663
3511 3512
3513 4513
3513 4533
3515 4381
3515 3658
3515 4224
3516 3517
3516 4037
3516 3641
3517 3519
3518 3520
3519 3520
3519 4917
3519 3770
3520 3522
3522 3523
3523 3525
3523 4339
3524 3525
3524 3526
3525 4802
3526 3527
3527 3528
3527 3529
3527 3739
3529 3530
3529 3756
3529 4735
3530 3532
3530 4940
3531 3533
3531 4244
3532 3533
3533 3534
3533 3535
3534 3848
3535 3536
3535 3537
3538 3539
3538 3540
3538 4104
3539 3540
3539 3541
3540 3541
3541 3542
3542 4342
3543 3544
3543 3545
3544 4214
3545 3547
3546 4005
3547 3549
3548 4507
3548 4670
3548 4679
3549 3550
3549 3551
3550 3551
3550 3552
3551 3552
3551 4433
3552 3554
3552 4658
3553 3554
3553 3555
3554 4294
3554 4041
3555 3556
3555 4330
3555 4067
3556 3557
3556 3825
3556 3786
3557 3559
3557 4122
3560 3561
3561 3562
3561 4082
3562 3563
3562 4558
3563 4459
3564 3566
3564 4045
3565 4176
3566 3567
3566 3568
3567 3568
3567 3569
3568 3569
3568 3570
3569 4141
3570 3572
3571 3572
3571 4707
3572 3574
3573 3574
3573 4920
3574 3575
3574 3576
3575 3577
3575 3916
3576 3577
3577 3578
3577 3579
3578 3579
3579 3580
3579 3581
3580 3582
3580 3904
3581 3583
3582 3584
3583 3585
3583 4624
3584 3585
3584 3586
3586 3917
3587 3834
3588 3590
3589 4176
3590 3591
3590 3592
3591 3592
3591 3593
3592 3593
3592 4699
3593 3594
3593 3595
3593 4000
3594 4869
3594 3972
3595 3596
3596 3597
3596 3598
3598 3600
3599 3600
3599 3601
3600 3601
3600 3602
3601 3602
3601 3603
3602 3604
3604 3612
3605 3606
3605 3607
3606 4144
3607 3609
3608 4386
3609 3610
3610 3612
3611 3612
3611 3613
3611 4685
3612 3613
3612 3614
3613 3790
3613 4097
3614 3616
3614 4197
3615 3616
3615 3792
3615 4435
3615 4338
3616 3617
3616 3618
3616 4350
3616 4856
3617 3619
3617 4082
3618 3619
3619 3621
3619 4664
3620 3918
3621 3622
3621 3623
3621 3989
3622 3624
3624 3625
3624 4743
3624 3675
3625 4180
3625 4597
3626 4219
3627 3628
3627 3629
3628 3629
3628 3630
3630 3631
3631 4012
3631 4405
3632 3634
3633 3635
3634 3635
3635 3636
3636 3637
3637 3638
3637 3639
3638 3640
3639 3641
3639 4868
3640 3642
3640 3969
3642 3643
3642 3644
3642 4252
3643 3645
3644 4740
3644 3796
3645 3646
3645 3647
3646 3648
3646 4843
3647 3648
3647 4682
3647 4451
3648 3649
3649 3650
3649 3651
3650 3651
3650 3652
3651 3652
3651 3653
3652 3654
3652 3722
3653 3655
3654 4977
3655 4895
3656 3657
3657 4779
3657 3903
3659 4939
3660 3662
3660 3903
3662 3663
3662 3664
3662 4400
3663 4381
3664 3666
3665 3666
3665 4433
3666 4462
3668 3669
3668 3670
3669 3670
3669 3671
3669 3899
3670 3671
3671 3673
3671 4204
3672 4989
3673 3674
3673 3675
3674 4109
3674 4998
3676 3677
3676 3678
3676 4504
3676 4697
3677 4189
3679 3680
3680 4047
3681 3683
3682 3683
3683 3684
3683 3685
3684 3686
3684 4539
3685 3686
3686 3688
3687 3688
3687 3689
3688 3689
3688 4557
3689 3690
3689 4821
3689 4662
3690 3691
3690 3692
3691 3692
3691 3693
3691 4285
3692 3694
3694 3695
3694 3696
3695 4481
3695 4084
3696 3697
3696 3698
3696 4938
3697 3698
3697 3699
3698 3700
3698 4054
3699 3827
3699 4037
3700 3702
3700 4929
3701 3702
3701 3848
3702 4169
3702 3996
3703 3705
3703 3879
3704 3706
3704 4290
3705 3706
3706 3707
3707 3709
3707 4929
3708 3709
3710 3712
3711 3713
3712 3714
3712 4172
3713 3715
3714 3716
3714 4495
3714 4011
3715 3716
3716 3717
3718 3719
3718 3720
3719 3720
3720 3722
3721 3723
3721 4876
3722 3723
3723 3724
3724 3725
3724 3726
3725 3727
3726 3727
3727 3729
3727 4473
3728 3730
3728 4259
3728 3849
3729 3731
3730 3731
3730 3732
3731 3733
3732 3733
3732 3734
3733 3734
3733 3735
3734 3736
3734 4942
3735 3737
3735 4692
3736 3738
3738 3739
3738 3740
3739 3741
3740 3741
3741 3742
3741 4386
3742 4236
3744 3745
3745 3746
3745 4999
3746 3747
3747 3749
3748 3787
3748 4107
3749 3751
3750 3751
3750 3752
3751 3752
3752 3753
3752 3848
3753 3754
3754 3756
3754 4852
3755 3756
3755 3757
3755 4725
3757 3758
3758 3759
3758 3760
3759 3760
3760 4362
3762 4937
3763 3765
3764 3766
3765 3766
3765 3767
3766 3767
3767 3768
3768 3769
3768 3770
3769 3770
3770 3771
3770 3772
3770 4798
3771 3772
3771 4094
3771 3986
3772 3773
3773 3774
3774 3775
3774 3776
3775 3776
3775 4780
3775 4693
3776 3778
3776 3928
3777 3778
3778 3779
3778 3780
3778 4276
3779 3781
3779 4249
3780 3782
3781 3782
3781 3783
3782 3783
3782 3784
3783 3784
3783 4809
3784 4549
3785 3787
3786 3787
3786 4651
3787 3788
3787 3789
3788 3789
3788 4295
3789 3790
3789 3791
3790 3792
3792 4814
3794 3795
3795 3797
3796 4898
3797 3798
3797 3799
3797 4397
3798 4536
3798 4410
3798 4202
3800 3802
3801 3803
3802 3803
3802 4747
3803 4843
3805 4058
3806 4137
3807 3808
3807 4482
3808 3809
3809 3810
3809 3811
3810 3811
3810 3812
3810 4007
3810 4843
3811 3812
3811 3867
3812 3813
3812 3949
3813 3815
3814 3815
3814 3816
3815 3816
3815 3817
3816 3817
3816 3818
3816 4880
3817 4547
3818 3819
3818 4904
3818 3876
3819 3821
3819 4176
3819 4014
3819 4698
3820 3821
3820 4180
3820 4093
3821 3823
3822 3823
3822 3824
3823 3824
3823 3825
3824 3825
3825 3827
3825 4534
3825 4588
3826 4946
3827 3829
3827 4040
3827 4470
3828 3829
3829 3831
3830 3832
3830 4079
3832 3834
3832 4271
3832 4106
3833 4426
3833 4036
3834 4456
3835 3836
3835 3837
3836 3837
3836 3838
3836 3913
3837 3838
3837 4635
3837 4712
3838 3839
3838 3840
3839 3840
3839 3941
3839 4842
3840 3842
3841 3843
3841 4140
3843 3844
3843 3845
3844 3846
3845 3846
3845 3847
3846 4316
3846 4975
3846 4709
3847 4526
3850 3851
3851 3852
3851 3853
3851 4062
3852 3853
3852 3897
3852 4094
3852 4791
3853 3854
3853 4712
3854 3855
3855 4479
3856 3858
3857 3858
3857 3859
3859 4424
3860 3862
3860 4072
3861 4550
3862 3863
3862 3864
3863 3865
3864 3866
3865 3866
3866 3867
3866 3868
3867 3868
3867 3869
3868 3869
3868 3870
3869 3870
3869 3871
3870 3871
3870 3872
3871 3872
3872 3874
3872 4691
3873 3874
3874 3875
3875 3877
3876 3878
3877 3879
3877 4455
3880 3881
3880 3882
3881 3883
3881 4259
3881 4844
3882 3883
3882 4432
3883 4714
3885 3886
3885 3887
3886 3888
3886 4045
3887 3888
3887 3889
3887 4023
3888 3890
3888 4348
3888 4755
3888 4190
3889 3891
3890 3892
3891 4876
3892 3894
3893 3894
3894 4156
3894 4613
3895 3897
3897 3899
3899 3901
3900 3901
3900 4827
3900 4779
3901 3902
3901 3903
3904 3906
3905 3906
3906 3907
3906 4998
3906 4691
3907 4698
3908 3910
3909 3910
3911 3912
3912 4946
3912 4925
3913 4580
3914 3915
3914 3916
3915 3916
3916 3918
3916 4792
3917 3918
3918 3920
3918 4384
3919 3920
3919 4329
3920 3922
3921 3922
3921 3923
3922 3923
3923 4968
3924 3925
3926 4727
3927 3928
3927 3929
3928 3930
3929 3930
3929 3931
3930 3931
3930 3932
3930 4118
3931 3932
3931 3933
3932 4252
3933 3934
3933 3935
3935 3936
3935 3937
3936 3937
3937 3938
3937 3991
3938 3940
3939 3940
3939 3941
3939 4700
3939 4788
3942 3944
3942 4300
3943 3944
3943 3945
3944 3946
3945 3946
3947 3948
3948 3949
3948 3950
3949 4758
3950 3951
3950 3952
3951 3953
3951 4657
3952 3954
3953 3955
3954 3955
3954 3956
3955 3956
3955 3957
3957 3959
3958 3959
3958 3960
3959 3960
3960 3961
3960 4204
3961 3962
3961 3963
3961 4109
3962 3963
3962 3964
3963 3964
3964 3965
3965 3967
3966 3968
3966 4382
3966 4253
3966 4884
3967 3968
3968 4602
3968 4145
3970 3972
3970 4200
3972 3973
3973 3975
3973 4286
3973 4874
3973 4961
3975 3976
3975 3977
3976 3977
3977 3979
3978 3979
3978 3980
3979 3980
3981 4083
3982 3983
3983 4405
3983 4992
3983 4547
3984 3985
3984 3986
3985 3986
3985 4006
3986 3988
3986 4493
3988 3989
3988 3990
3988 4345
3989 3992
3990 3992
3990 4629
3991 3992
3992 3993
3993 3994
3993 3995
3994 3995
3995 3996
3995 3997
3996 3997
3997 3999
3998 4000
3999 4001
3999 4282
4000 4001
4001 4003
4002 4004
4003 4004
4003 4005
4004 4006
4005 4007
4006 4007
4006 4008
4006 4057
4008 4010
4009 4010
4009 4011
4010 4011
4010 4012
4010 4087
4011 4013
4012 4868
4013 4015
4013 4183
4014 4015
4016 4018
4017 4018
4017 4019
4017 4371
4018 4019
4019 4020
4019 4021
4020 4424
4021 4022
4022 4189
4024 4025
4025 4806
4026 4027
4026 4028
4027 4028
4027 4029
4027 4840
4028 4451
4029 4030
4029 4031
4030 4032
4030 4796
4031 4032
4031 4033
4032 4034
4033 4810
4034 4036
4035 4036
4035 4037
4036 4038
4036 4191
4037 4038
4038 4430
4038 4252
4038 4770
4039 4041
4040 4041
4041 4042
4042 4043
4042 4044
4043 4044
4043 4045
4043 4819
4044 4046
4044 4812
4045 4537
4046 4047
4047 4049
4048 4049
4048 4050
4048 4058
4048 4544
4049 4050
4049 4291
4051 4052
4053 4055
4053 4210
4054 4055
4054 4896
4055 4056
4055 4057
4055 4805
4055 4584
4059 4060
4060 4061
4060 4062
4061 4623
4061 4413
4062 4063
4063 4064
4063 4065
4064 4065
4065 4066
4065 4067
4066 4067
4066 4068
4067 4068
4068 4069
4069 4070
4069 4071
4070 4519
4070 4369
4071 4072
4071 4073
4072 4073
4072 4491
4072 4086
4073 4074
4073 4845
4073 4435
4074 4075
4074 4076
4074 4764
4075 4076
4075 4077
4076 4796
4077 4544
4077 4408
4078 4079
4078 4080
4079 4080
4079 4820
4080 4507
4081 4083
4082 4790
4083 4084
4083 4085
4084 4665
4085 4086
4085 4660
4086 4087
4087 4822
4088 4089
4088 4678
4089 4120
4091 4092
4091 4093
4092 4093
4092 4094
4093 4094
4093 4095
4095 4096
4096 4098
4097 4099
4097 4727
4098 4099
4098 4100
4100 4101
4101 4102
4103 4105
4105 4755
4105 4999
4106 4108
4107 4109
4107 4670
4108 4109
4108 4110
4109 4110
4110 4111
4110 4112
4111 4112
4111 4113
4113 4114
4113 4115
4114 4116
4115 4117
4116 4118
4116 4954
4117 4118
4118 4119
4119 4120
4120 4121
4120 4384
4124 4744
4125 4458
4125 4436
4125 4530
4125 4957
4125 4483
4126 4127
4127 4128
4127 4129
4128 4357
4129 4130
4131 4132
4131 4573
4132 4133
4132 4134
4132 4741
4133 4135
4134 4136
4136 4137
4136 4766
4137 4138
4137 4139
4138 4139
4138 4140
4139 4140
4139 4141
4140 4463
4141 4142
4141 4143
4142 4144
4143 4145
4144 4145
4144 4462
4145 4146
4145 4147
4146 4912
4147 4148
4147 4149
4149 4150
4149 4450
4150 4152
4151 4153
4152 4153
4153 4154
4153 4155
4155 4387
4156 4157
4156 4158
4157 4159
4158 4159
4159 4161
4159 4382
4160 4162
4161 4163
4162 4163
4162 4164
4163 4164
4164 4165
4164 4166
4165 4167
4165 4639
4167 4168
4168 4169
4168 4170
4169 4171
4170 4171
4171 4172
4171 4173
4172 4173
4173 4174
4175 4177
4176 4177
4177 4178
4178 4179
4178 4560
4179 4181
4179 4331
4180 4182
4181 4183
4182 4183
4182 4184
4184 4185
4185 4187
4185 4428
4186 4667
4186 4398
4187 4188
4187 4189
4189 4191
4192 4193
4193 4366
4194 4195
4195 4196
4196 4198
4196 4833
4197 4198
4198 4200
4198 4780
4199 4201
4200 4202
4201 4202
4202 4203
4203 4205
4204 4206
4204 4373
4206 4207
4207 4208
4207 4414
4207 4588
4208 4209
4208 4831
4209 4211
4209 4786
4210 4211
4210 4597
4211 4212
4211 4213
4212 4213
4212 4214
4213 4215
4214 4216
4215 4672
4215 4433
4216 4997
4217 4218
4218 4219
4219 4220
4220 4221
4220 4944
4222 4223
4223 4224
4223 4225
4225 4226
4225 4817
4226 4227
4226 4228
4227 4229
4228 4229
4229 4230
4229 4231
4230 4231
4230 4232
4231 4232
4231 4233
4232 4233
4232 4234
4233 4234
4233 4235
4234 4236
4236 4237
4236 4238
4237 4238
4237 4239
4238 4239
4239 4241
4240 4357
4242 4244
4244 4245
4245 4246
4245 4247
4246 4248
4246 4914
4247 4248
4247 4744
4248 4249
4250 4251
4250 4252
4251 4252
4252 4254
4253 4351
4254 4942
4255 4257
4256 4258
4256 4641
4257 4258
4257 4259
4258 4899
4260 4261
4260 4262
4261 4585
4262 4264
4263 4264
4264 4265
4265 4266
4265 4267
4265 4928
4266 4267
4267 4268
4267 4269
4268 4269
4269 4616
4270 4271
4271 4272
4271 4273
4271 4286
4272 4274
4273 4275
4274 4275
4274 4276
4275 4276
4277 4278
4277 4279
4277 4600
4278 4279
4279 4281
4280 4281
4280 4282
4282 4283
4283 4284
4283 4285
4284 4285
4285 4287
4288 4661
4289 4290
4290 4292
4293 4294
4294 4296
4295 4598
4296 4298
4296 4814
4297 4298
4297 4299
4298 4300
4298 4498
4301 4302
4302 4303
4302 4304
4303 4304
4303 4305
4304 4305
4304 4306
4306 4307
4308 4309
4309 4310
4310 4311
4310 4312
4311 4313
4312 4314
4313 4314
4313 4485
4314 4315
4314 4316
4315 4317
4316 4318
4317 4319
4318 4320
4319 4321
4320 4321
4320 4322
4321 4323
4322 4324
4323 4324
4323 4325
4323 4708
4324 4326
4325 4326
4325 4327
4326 4327
4326 4328
4327 4328
4327 4329
4328 4329
4328 4330
4329 4330
4329 4331
4330 4331
4330 4332
4331 4333
4332 4334
4333 4334
4333 4335
4336 4338
4337 4338
4338 4339
4338 4743
4339 4340
4341 4342
4341 4343
4342 4343
4342 4344
4343 4344
4343 4345
4344 4346
4345 4347
4346 4347
4346 4348
4347 4348
4347 4349
4348 4349
4349 4350
4349 4794
4352 4353
4352 4354
4353 4355
4355 4356
4356 4358
4357 4358
4358 4493
4359 4361
4359 4600
4360 4362
4360 4665
4361 4632
4362 4364
4363 4781
4363 4959
4364 4366
4365 4367
4367 4368
4367 4717
4368 4369
4368 4370
4369 4371
4369 4456
4370 4372
4370 4658
4371 4373
4372 4373
4373 4374
4373 4375
4374 4376
4375 4376
4375 4377
4376 4377
4376 4378
4377 4378
4378 4489
4379 4380
4379 4381
4380 4381
4381 4382
4382 4384
4383 4385
4384 4810
4385 4386
4385 4387
4386 4387
4386 4388
4387 4389
4388 4390
4389 4646
4390 4392
4391 4393
4391 4793
4392 4393
4392 4394
4393 4586
4394 4395
4394 4396
4397 4774
4398 4399
4399 4400
4399 4401
4400 4402
4401 4644
4402 4403
4403 4442
4404 4406
4405 4406
4406 4408
4407 4408
4407 4409
4408 4409
4408 4410
4409 4410
4410 4547
4411 4412
4412 4413
4413 4414
4414 4415
4415 4416
4416 4417
4417 4418
4418 4419
4419 4420
4419 4421
4420 4421
4420 4524
4421 4423
4422 4424
4422 4877
4423 4424
4423 4425
4426 4427
4426 4428
4427 4428
4427 4429
4428 4429
4428 4430
4429 4430
4429 4431
4430 4432
4431 4432
4431 4641
4432 4950
4433 4435
4434 4435
4434 4436
4436 4438
4437 4438
4438 4440
4438 4446
4439 4441
4439 4986
4439 4881
4439 4781
4440 4441
4440 4574
4441 4442
4441 4443
4442 4444
4444 4445
4444 4446
4445 4446
4445 4447
4446 4448
4447 4448
4449 4451
4451 4452
4452 4454
4453 4454
4453 4455
4453 4595
4454 4455
4454 4456
4457 4458
4458 4459
4458 4460
4458 4866
4459 4460
4459 4461
4461 4867
4462 4464
4463 4509
4464 4465
4464 4612
4465 4466
4465 4467
4466 4467
4466 4468
4468 4469
4468 4470
4470 4471
4471 4472
4471 4473
4472 4473
4472 4474
4473 4475
4473 4548
4475 4477
4475 4951
4476 4477
4477 4478
4478 4479
4478 4480
4478 4548
4479 4832
4479 4902
4479 4774
4482 4484
4483 4484
4483 4485
4484 4485
4484 4486
4486 4488
4486 4765
4487 4488
4487 4489
4488 4489
4488 4490
4489 4491
4490 4491
4491 4492
4491 4930
4492 4493
4492 4494
4493 4494
4494 4495
4494 4554
4495 4989
4496 4544
4496 4574
4499 4500
4499 4501
4500 4501
4500 4502
4501 4503
4501 4840
4502 4503
4502 4504
4503 4724
4504 4506
4505 4507
4506 4508
4507 4509
4508 4509
4508 4510
4509 4510
4509 4511
4510 4512
4511 4512
4512 4514
4513 4515
4514 4516
4518 4519
4518 4520
4519 4796
4521 4522
4522 4524
4523 4525
4525 4526
4526 4528
4527 4529
4529 4530
4529 4531
4530 4532
4531 4532
4533 4534
4533 4535
4534 4536
4535 4536
4536 4538
4537 4538
4538 4540
4539 4923
4540 4592
4542 4543
4542 4544
4543 4544
4543 4934
4544 4545
4547 4548
4547 4549
4549 4550
4550 4551
4550 4552
4551 4552
4552 4553
4552 4563
4552 4963
4553 4554
4554 4556
4555 4557
4556 4557
4556 4558
4558 4560
4559 4560
4559 4561
4560 4561
4560 4562
4561 4755
4563 4565
4564 4566
4565 4566
4565 4567
4566 4567
4567 4568
4567 4569
4568 4569
4568 4570
4569 4571
4570 4571
4570 4572
4572 4573
4574 4576
4575 4576
4576 4664
4577 4579
4578 4579
4579 4580
4579 4581
4581 4582
4581 4934
4582 4584
4583 4584
4584 4831
4585 4586
4585 4933
4586 4588
4587 4588
4587 4589
4589 4590
4589 4591
4591 4593
4592 4594
4592 4603
4593 4839
4595 4596
4598 4599
4598 4600
4599 4601
4600 4735
4603 4604
4603 4605
4604 4605
4604 4606
4605 4606
4606 4608
4608 4609
4609 4897
4610 4611
4610 4612
4611 4612
4611 4613
4612 4614
4613 4614
4616 4617
4616 4618
4617 4618
4617 4798
4618 4619
4618 4909
4619 4620
4619 4621
4621 4622
4622 4623
4624 4626
4625 4627
4626 4628
4627 4629
4628 4629
4628 4630
4629 4630
4629 4631
4630 4632
4631 4632
4631 4633
4632 4633
4634 4636
4636 4779
4637 4638
4639 4641
4640 4641
4640 4642
4641 4642
4642 4643
4643 4644
4644 4812
4645 4646
4645 4647
4646 4647
4646 4776
4647 4648
4647 4649
4648 4649
4648 4650
4649 4650
4649 4959
4650 4958
4651 4652
4651 4654
4652 4653
4652 4654
4653 4654
4653 4655
4654 4655
4655 4657
4656 4657
4656 4658
4657 4658
4657 4799
4658 4771
4659 4661
4660 4661
4660 4662
4661 4663
4662 4663
4663 4664
4664 4795
4666 4667
4666 4668
4669 4670
4669 4671
4670 4671
4671 4672
4672 4861
4673 4674
4674 4675
4674 4676
4675 4985
4676 4677
4676 4678
4677 4678
4677 4753
4678 4679
4680 4941
4681 4682
4682 4683
4683 4684
4683 4719
4683 4704
4684 4685
4685 4687
4686 4688
4686 4782
4687 4688
4687 4689
4688 4689
4689 4691
4690 4691
4692 4694
4693 4694
4693 4695
4694 4695
4694 4696
4696 4698
4697 4699
4698 4699
4699 4701
4700 4702
4701 4823
4702 4703
4702 4704
4702 4937
4703 4704
4704 4705
4705 4706
4705 4707
4706 4707
4709 4710
4709 4711
4711 4712
4712 4713
4712 4714
4713 4715
4715 4716
4716 4717
4717 4718
4718 4751
4719 4721
4720 4721
4720 4722
4722 4724
4726 4728
4727 4729
4729 4730
4729 4731
4730 4731
4730 4732
4731 4732
4731 4733
4732 4733
4733 4734
4733 4735
4734 4735
4734 4736
4735 4736
4737 4738
4737 4739
4738 4740
4740 4742
4741 4742
4742 4743
4742 4744
4746 4747
4746 4748
4747 4748
4747 4749
4748 4749
4749 4750
4749 4835
4750 4751
4751 4753
4753 4937
4754 4756
4756 4757
4757 4758
4758 4760
4759 4761
4761 4762
4762 4763
4762 4764
4763 4765
4765 4766
4766 4767
4767 4768
4768 4891
4769 4770
4769 4771
4771 4773
4772 4774
4773 4775
4774 4776
4775 4777
4776 4778
4777 4778
4777 4779
4778 4779
4778 4780
4779 4780
4780 4782
4782 4784
4782 4912
4784 4785
4784 4786
4785 4786
4785 4787
4786 4788
4786 4931
4787 4789
4788 4790
4790 4791
4791 4792
4795 4796
4796 4798
4799 4801
4800 4801
4803 4804
4806 4808
4807 4808
4808 4809
4809 4811
4809 4997
4810 4811
4811 4812
4812 4813
4812 4814
4813 4814
4813 4815
4814 4887
4815 4816
4815 4817
4816 4818
4817 4818
4817 4819
4818 4819
4820 4821
4820 4822
4821 4823
4822 4823
4822 4824
4824 4825
4825 4827
4826 4828
4828 4829
4830 4831
4830 4832
4831 4833
4832 4833
4832 4834
4833 4834
4833 4835
4834 4835
4834 4836
4836 4837
4837 4838
4837 4839
4838 4840
4839 4840
4839 4841
4841 4842
4841 4843
4842 4843
4844 4845
4845 4846
4846 4847
4846 4848
4847 4849
4848 4850
4850 4851
4850 4852
4851 4852
4851 4853
4852 4854
4853 4854
4855 4857
4857 4858
4858 4860
4859 4861
4860 4861
4861 4875
4862 4864
4863 4864
4863 4974
4864 4865
4864 4866
4865 4867
4869 4870
4870 4871
4870 4872
4871 4873
4873 4874
4873 4875
4874 4875
4875 4877
4876 4877
4876 4878
4878 4880
4879 4880
4879 4881
4880 4882
4881 4883
4882 4883
4882 4884
4884 4886
4885 4886
4885 4887
4886 4887
4886 4888
4887 4889
4889 4890
4889 4891
4889 4993
4890 4891
4891 4892
4893 4895
4894 4895
4894 4896
4895 4896
4895 4897
4896 4897
4897 4898
4899 4901
4900 4901
4900 4902
4901 4903
4902 4904
4903 4905
4903 4982
4904 4906
4905 4906
4905 4907
4907 4908
4907 4909
4909 4910
4910 4911
4911 4913
4912 4913
4915 4917
4916 4918
4918 4919
4919 4920
4919 4921
4920 4921
4921 4922
4921 4923
4922 4923
4922 4924
4923 4924
4924 4925
4924 4926
4926 4927
4927 4928
4928 4929
4929 4930
4929 4931
4931 4932
4931 4933
4932 4933
4932 4934
4934 4935
4935 4937
4936 4937
4938 4939
4940 4983
4942 4943
4942 4944
4943 4944
4943 4945
4944 4945
4945 4946
4945 4947
4946 4948
4947 4948
4947 4949
4948 4949
4949 4951
4950 4951
4950 4952
4951 4952
4954 4955
4955 4956
4956 4957
4956 4958
4957 4959
4959 4961
4962 4963
4962 4964
4963 4964
4964 4965
4964 4966
4965 4966
4965 4967
4966 4967
4967 4968
4968 4969
4968 4970
4970 4971
4970 4972
4971 4972
4971 4973
4972 4973
4972 4974
4973 4975
4975 4977
4978 4979
4979 4980
4979 4981
4980 4981
4980 4982
4983 4984
4984 4985
4984 4986
4986 4988
4987 4989
4988 4989
4990 4991
4991 4992
4993 4994
4994 4995
4994 4996
4995 4997
4996 4997
4998 4999
