1000 2000
231 878
231 520
231 859
231 887
878 937
878 261
878 20
217 651
217 368
217 357
217 270
651 437
651 625
651 789
145 903
145 359
145 267
145 261
903 824
903 265
903 738
111 227
111 254
111 125
111 685
227 981
227 617
227 991
207 607
207 463
207 171
207 814
607 63
607 710
607 190
44 582
44 632
44 711
44 988
582 921
582 575
582 473
483 693
483 841
483 646
483 804
693 133
693 308
693 160
47 587
47 595
47 92
47 540
587 967
587 617
587 235
751 947
751 845
751 346
751 951
947 242
947 548
947 234
330 950
330 379
330 443
330 456
950 708
950 997
950 501
383 896
383 121
383 174
383 954
896 850
896 56
896 395
42 636
42 211
42 267
42 990
636 958
636 291
636 203
560 684
560 201
560 14
560 102
684 443
684 488
684 233
833 927
833 464
833 281
833 271
927 654
927 160
927 465
356 742
356 562
356 499
356 308
742 413
742 70
742 89
958 922
958 964
958 258
731 914
731 224
731 64
731 600
914 235
914 210
914 994
408 835
408 303
408 350
408 474
835 143
835 33
835 317
796 814
796 583
796 300
796 559
814 451
814 885
137 164
137 673
137 95
137 628
164 561
164 469
164 319
453 867
453 957
453 484
453 601
867 709
867 885
867 849
310 788
310 533
310 901
310 669
788 810
788 372
788 423
24 712
24 501
24 17
24 648
712 588
712 945
712 176
230 892
230 792
230 122
230 951
892 760
892 562
892 41
324 720
324 864
324 665
324 307
720 679
720 989
720 445
150 395
150 262
150 28
150 686
395 419
395 362
390 593
390 910
390 701
390 547
593 2
593 179
593 421
176 717
176 900
176 320
717 884
717 627
717 825
506 690
506 264
506 424
506 578
690 467
690 305
690 645
793 882
793 461
793 525
793 39
882 538
882 819
882 397
331 671
331 591
331 668
331 894
671 832
671 979
671 35
117 909
117 953
117 794
117 305
909 929
909 920
909 48
722 737
722 488
722 988
722 78
737 698
737 783
737 243
467 321
467 859
467 591
140 846
140 643
140 823
140 94
846 608
846 983
846 973
824 132
824 141
824 12
339 620
339 423
339 828
339 468
620 434
620 838
620 852
28 462
28 581
28 925
462 273
462 975
462 243
484 579
484 674
484 819
579 904
579 678
579 278
519 916
519 80
519 409
519 249
916 279
916 970
916 236
133 303
133 706
133 860
447 469
447 38
447 481
447 719
469 224
469 672
325 446
325 837
325 366
325 441
446 493
446 925
446 750
20 406
20 46
20 68
406 386
406 55
406 394
55 895
55 184
55 74
895 977
895 269
895 59
228 655
228 716
228 283
228 871
655 158
655 122
655 186
640 848
640 142
640 346
640 226
848 416
848 938
848 826
200 381
200 278
200 493
200 401
381 415
381 935
381 524
861 962
861 424
861 11
861 727
962 112
962 239
962 160
63 318
63 714
63 995
603 634
603 705
603 681
603 129
634 404
634 141
634 458
14 95
14 662
14 175
95 261
95 33
698 936
698 752
698 222
254 610
254 539
254 250
703 986
703 766
703 337
703 546
986 77
986 853
986 398
431 840
431 378
431 143
431 96
840 869
840 142
840 741
621 701
621 577
621 35
621 46
701 619
701 84
417 743
417 791
417 450
417 691
743 499
743 485
743 580
183 920
183 563
183 151
183 528
920 870
920 726
538 710
538 825
538 929
208 369
208 206
208 197
208 185
369 957
369 802
369 423
597 666
597 332
597 874
597 276
666 913
666 902
666 252
873 948
873 772
873 90
873 68
948 436
948 573
948 388
303 441
303 599
441 372
441 6
153 539
153 830
153 25
153 218
539 618
539 416
206 783
206 127
206 937
783 626
783 327
62 581
62 609
62 584
62 202
581 757
581 378
317 792
317 280
317 543
792 494
792 192
764 781
764 392
764 471
764 255
781 277
781 504
781 328
162 859
162 312
162 22
162 341
859 710
273 338
273 924
273 936
338 374
338 187
338 15
913 225
913 839
913 186
302 808
302 305
302 242
302 592
808 812
808 157
808 270
267 269
267 611
269 239
269 373
195 312
195 887
195 832
195 432
312 233
312 387
126 673
126 555
126 212
126 307
673 134
673 253
976 990
976 178
976 963
976 49
990 61
990 170
482 554
482 99
482 427
482 74
554 113
554 130
554 215
884 144
884 124
884 371
19 993
19 85
19 386
19 583
993 400
993 51
993 444
121 894
121 931
121 569
894 714
894 933
435 785
435 596
435 201
435 541
785 954
785 830
785 679
841 297
841 769
841 565
583 907
583 0
716 809
716 650
716 351
809 775
809 637
809 842
847 987
847 465
847 590
847 80
987 97
987 130
987 880
404 675
404 713
404 584
558 682
558 937
558 530
558 181
682 222
682 342
682 625
830 999
830 351
99 131
99 863
99 180
131 495
131 35
131 364
562 689
562 610
307 923
307 905
923 791
923 343
923 221
219 525
219 588
219 232
219 695
525 618
525 887
400 306
400 601
400 663
624 945
624 514
624 886
624 468
945 345
945 442
845 918
845 31
845 585
187 661
187 17
187 875
661 412
661 16
661 739
350 419
350 360
350 681
419 734
419 984
80 707
80 654
707 90
707 86
707 413
66 161
66 23
66 586
66 961
161 904
161 343
161 568
123 615
123 246
123 5
123 194
615 426
615 708
615 596
72 755
72 821
72 414
72 520
755 152
755 5
755 97
69 345
69 268
69 188
69 643
345 531
345 270
60 922
60 363
60 245
60 285
922 535
922 821
777 998
777 90
777 366
777 875
998 865
998 135
998 977
9 332
9 978
9 377
9 260
332 124
332 806
391 526
391 660
391 937
391 64
526 233
526 961
526 653
79 508
79 590
79 226
79 509
508 795
508 800
508 520
271 654
271 801
271 384
654 902
184 328
184 18
184 860
293 669
293 289
293 246
293 917
669 175
669 301
533 343
533 864
533 813
239 912
239 930
912 763
912 243
912 972
152 326
152 204
152 385
67 598
67 905
67 455
67 457
598 285
598 705
598 249
531 694
531 797
531 88
509 768
509 686
509 779
768 116
768 816
768 3
557 765
557 561
557 295
557 259
765 214
765 887
765 16
158 818
158 968
158 935
818 578
818 192
818 409
911 954
911 753
911 245
911 472
954 355
864 663
864 972
59 590
59 75
59 518
590 569
283 748
283 745
283 49
748 718
748 959
748 401
132 384
132 939
132 700
172 630
172 77
172 647
172 942
630 648
630 637
630 965
378 373
378 333
36 115
36 608
36 617
36 51
115 572
115 858
115 810
3 266
3 229
3 708
266 769
266 251
266 58
443 618
443 523
284 463
284 421
284 178
284 820
463 262
463 555
321 776
321 725
321 370
776 856
776 944
776 34
13 210
13 874
13 8
13 142
210 341
210 880
732 750
732 544
732 832
732 843
750 505
750 405
221 932
221 104
221 495
932 555
932 979
932 803
424 730
424 15
730 194
730 349
730 984
775 904
775 683
775 127
609 490
609 91
609 119
340 387
340 756
340 542
340 237
387 460
387 92
485 683
485 309
485 949
683 999
683 649
326 639
326 4
326 511
639 487
639 229
639 156
335 392
335 327
335 98
335 166
392 179
392 105
430 553
430 995
430 437
430 146
553 282
553 205
553 680
96 704
96 146
96 946
704 696
704 388
704 73
218 520
218 412
218 87
112 448
112 574
112 494
448 522
448 697
448 309
300 746
300 672
300 272
746 171
746 414
746 860
832 365
662 728
662 452
662 664
728 425
728 88
728 600
478 674
478 697
478 7
478 544
674 500
674 329
427 700
427 1
427 304
700 721
700 323
178 52
178 94
31 54
31 550
31 844
54 855
54 657
54 713
107 724
107 868
107 740
107 23
724 915
724 68
724 659
665 889
665 336
665 128
910 736
910 397
910 596
860 983
983 41
983 334
38 258
38 244
38 886
146 635
146 105
708 22
52 101
52 358
52 813
596 397
185 279
185 632
185 420
279 599
279 831
556 770
556 668
556 370
556 98
770 277
770 969
770 883
813 908
813 726
908 664
908 819
908 373
413 585
413 235
585 760
585 368
648 872
648 931
872 5
872 974
872 434
64 745
64 449
745 327
745 147
978 817
978 629
978 749
604 856
604 677
604 810
604 410
856 196
856 352
328 559
328 420
165 874
165 108
165 144
165 876
874 512
205 376
205 362
205 829
376 536
376 862
376 642
426 181
426 148
426 173
725 956
725 290
725 627
956 838
956 608
956 149
285 477
285 863
0 869
0 367
0 53
869 291
869 919
308 806
308 994
806 367
806 224
580 734
580 868
580 89
734 468
734 551
136 975
136 865
136 991
136 257
975 474
975 843
421 334
421 407
56 188
56 433
56 646
188 677
188 643
97 500
97 547
151 567
151 481
151 736
567 691
567 393
567 410
144 241
144 154
118 599
118 238
118 389
118 100
599 476
429 472
429 991
429 925
429 810
472 549
472 364
561 141
561 819
963 155
963 827
963 454
124 647
124 879
647 973
647 240
348 786
348 678
348 805
348 436
786 213
786 952
786 568
649 687
649 275
649 147
687 49
687 907
687 86
968 412
968 571
968 735
288 364
288 967
288 637
288 347
364 352
570 965
570 926
570 122
570 89
965 899
965 189
691 199
691 333
855 43
855 659
855 88
409 940
409 551
940 576
940 474
940 851
85 638
85 260
85 534
638 753
638 857
638 489
32 43
32 182
32 294
32 129
43 420
43 479
175 550
175 778
641 934
641 155
641 296
641 75
934 6
934 936
934 92
686 836
686 672
362 811
362 672
192 801
192 384
801 626
801 278
7 899
7 412
7 39
899 213
899 358
46 241
46 784
241 93
241 297
104 493
104 73
104 276
493 981
202 275
202 632
202 499
275 102
275 868
189 982
189 515
189 984
982 263
982 37
982 438
713 883
713 656
883 422
883 498
224 106
48 393
48 754
48 837
393 94
393 515
756 816
756 196
756 225
90 535
35 837
837 521
297 405
297 212
405 491
405 741
577 944
577 174
577 197
944 402
944 718
685 740
685 907
685 114
740 4
740 466
367 942
367 676
942 425
942 501
141 850
327 929
929 382
812 84
812 139
812 235
537 805
537 304
537 891
537 375
805 524
805 248
452 536
452 106
452 486
536 445
536 566
658 680
658 374
658 135
658 754
680 529
680 2
130 933
130 957
223 938
223 778
223 209
223 541
938 487
938 918
102 456
102 243
456 949
456 834
191 466
191 644
191 600
191 957
466 497
466 753
12 365
12 40
12 157
365 798
365 521
73 214
73 820
214 505
214 675
402 794
402 248
402 457
794 81
794 772
386 549
386 744
646 523
646 877
411 744
411 516
411 996
411 170
744 718
744 871
263 295
263 695
263 492
396 611
396 530
396 425
396 517
611 600
611 315
608 475
494 752
494 373
752 656
752 91
264 602
264 729
264 505
265 807
265 631
265 518
86 695
86 614
714 774
714 491
868 822
274 606
274 108
274 635
274 815
606 489
606 439
606 78
120 211
120 689
120 863
120 650
211 995
211 110
576 103
576 193
576 229
931 629
931 736
77 253
77 566
524 928
524 171
928 236
928 595
928 309
865 82
865 459
778 871
778 168
871 498
179 645
179 357
645 877
645 454
125 688
125 545
125 464
262 489
262 782
480 969
480 771
480 992
480 521
969 337
969 410
622 924
622 23
622 773
622 380
924 592
924 204
382 858
382 238
382 653
858 919
858 357
973 791
973 169
248 346
248 625
346 971
497 650
497 40
497 154
753 10
5 679
318 710
318 299
318 953
305 475
995 790
522 885
522 964
522 418
70 972
70 838
70 119
972 236
678 351
678 272
337 170
337 544
601 644
601 844
644 440
644 159
232 919
232 177
232 135
919 10
697 699
697 311
900 527
900 970
900 259
268 804
268 960
268 353
632 823
595 27
595 299
532 951
532 34
532 336
532 457
951 415
16 182
16 323
182 551
182 760
197 564
197 329
564 422
564 30
564 380
904 828
766 37
766 897
766 171
660 572
660 513
660 594
434 876
434 196
236 492
295 550
295 347
694 569
694 461
694 711
459 902
459 301
459 465
902 542
259 552
259 240
552 155
552 784
552 359
222 250
222 488
250 438
250 616
542 893
542 653
936 225
589 689
589 548
589 34
589 989
689 787
679 156
487 398
487 347
501 280
343 65
287 676
287 53
287 50
287 244
676 471
676 129
278 198
18 534
18 380
18 21
352 711
352 281
711 901
828 181
828 359
527 91
527 379
527 322
17 129
17 670
127 160
127 803
280 292
280 643
549 997
549 586
74 143
74 534
143 787
718 594
311 739
311 180
311 802
739 974
739 29
83 512
83 961
83 842
83 881
512 575
512 747
155 334
122 216
252 613
252 544
252 790
613 992
613 154
613 444
432 476
432 849
432 209
476 157
476 249
309 388
627 296
627 605
510 574
510 251
510 45
510 530
574 397
574 548
791 747
168 827
168 190
168 955
827 498
827 826
437 870
437 523
999 398
999 76
706 890
706 316
706 563
890 234
890 21
890 782
193 853
193 979
193 433
853 461
853 237
677 906
677 952
906 394
906 997
906 529
414 757
414 966
757 565
757 804
623 820
623 930
623 514
623 212
820 458
174 925
174 477
149 696
149 355
149 980
696 237
696 277
384 277
351 981
488 955
949 876
949 797
93 416
93 428
93 854
416 354
440 831
440 41
440 500
422 670
422 389
306 769
306 996
306 955
769 220
71 361
71 943
71 304
71 375
361 727
361 541
361 371
272 407
272 237
633 836
633 870
633 971
633 260
836 465
836 612
355 458
355 888
458 852
763 780
763 30
763 163
780 991
780 889
780 471
515 946
515 926
946 27
946 605
807 163
807 203
807 523
930 450
930 84
225 299
366 148
366 726
625 486
37 656
37 566
495 546
495 619
460 854
460 571
460 989
180 491
180 917
491 543
612 921
612 40
612 800
921 479
921 298
723 758
723 989
723 825
723 849
758 135
758 702
758 100
772 821
772 602
555 541
464 898
464 815
898 371
898 109
898 198
631 971
631 33
631 761
668 363
668 177
626 292
626 657
58 502
58 473
58 213
502 139
502 316
502 449
169 726
169 57
169 451
110 905
110 444
110 875
905 789
1 359
1 888
1 994
113 817
113 761
113 299
817 572
817 663
240 800
240 247
229 322
316 831
316 333
831 234
157 876
289 795
289 513
289 186
795 879
795 517
213 449
370 270
370 251
108 550
108 116
128 880
128 286
128 507
880 935
688 754
688 559
688 767
754 866
811 546
811 575
811 842
834 358
834 629
834 89
25 721
25 784
25 6
11 727
11 314
11 826
727 61
490 573
490 470
490 380
215 705
215 256
215 547
705 891
163 798
163 736
39 546
39 399
105 212
105 375
87 822
87 866
87 941
822 985
822 27
857 377
857 15
857 244
588 959
588 503
637 65
81 759
81 496
81 389
759 139
759 360
759 238
695 407
246 492
246 960
415 877
415 652
877 249
635 353
635 10
281 439
281 385
516 247
516 657
516 389
363 256
363 503
992 257
992 286
442 513
442 49
442 470
513 503
247 360
247 802
360 199
194 966
194 78
514 787
514 53
787 282
251 344
257 862
257 789
862 565
862 319
974 341
974 75
850 261
850 403
444 977
977 829
656 22
159 997
159 401
159 282
477 566
477 642
41 298
298 799
298 782
296 571
296 799
173 797
173 209
173 610
797 715
304 433
291 839
291 563
170 573
492 138
959 854
959 15
771 667
771 545
771 761
849 980
114 901
114 499
114 721
901 563
610 139
23 729
573 504
425 941
196 879
879 319
866 455
866 439
276 614
276 372
614 952
614 134
10 774
461 852
377 385
377 177
181 897
664 253
664 354
773 475
773 816
773 592
471 190
116 65
116 616
154 341
101 893
101 320
101 935
2 941
2 709
220 851
220 177
220 568
851 313
851 290
953 747
953 344
98 605
98 245
605 344
30 799
30 888
663 789
134 507
134 767
529 543
529 347
543 933
530 715
699 594
699 258
699 971
344 82
242 103
242 738
314 628
314 642
314 84
507 741
507 142
741 403
933 545
320 475
320 782
784 45
436 897
436 980
166 190
166 854
166 715
103 109
103 565
109 450
109 551
815 915
815 996
915 733
915 578
451 844
451 798
33 498
106 747
106 943
575 891
891 244
385 505
534 889
970 100
970 985
996 216
572 334
578 6
61 88
61 592
733 719
733 528
733 642
342 349
342 939
342 825
349 418
349 799
253 863
374 762
374 209
897 428
870 489
885 692
650 258
313 952
313 875
313 692
619 282
619 702
256 816
256 653
290 445
290 881
438 762
438 980
762 918
762 496
40 394
394 939
470 439
470 594
138 199
138 8
138 481
199 26
967 94
967 886
323 511
323 301
511 148
511 479
602 26
602 667
375 964
964 926
233 8
939 839
148 315
738 988
738 82
988 528
486 418
486 628
760 985
545 167
926 517
457 729
961 407
979 454
371 779
803 26
803 667
201 889
201 569
800 548
420 749
504 591
504 852
591 301
147 535
147 50
535 518
667 790
715 454
842 735
51 75
51 628
399 479
399 657
399 216
319 119
53 379
761 57
315 617
315 844
981 823
547 659
659 521
198 893
198 670
398 994
336 955
336 496
286 473
286 92
473 692
167 433
167 719
167 503
943 735
943 829
528 418
468 586
586 652
821 428
790 455
449 568
203 966
203 843
966 893
8 984
423 779
91 29
388 702
652 886
652 767
709 804
709 322
4 681
4 826
333 368
368 57
941 27
692 749
156 294
156 496
294 29
294 322
204 838
204 329
839 292
57 584
21 403
21 255
403 100
372 78
774 50
774 518
618 616
719 353
45 50
45 65
292 119
26 907
354 500
354 245
260 881
234 474
329 357
918 917
22 559
428 571
379 843
584 517
779 823
749 353
455 702
675 721
675 735
829 985
681 76
481 881
358 255
917 540
82 186
226 616
226 888
670 802
401 540
629 68
729 540
255 960
76 445
76 34
798 960
238 29
410 767
450 216
