2000 4000
941 1846
941 722
941 163
941 1442
1846 928
1846 1459
1846 378
839 1091
839 468
839 1079
839 1613
1091 1047
1091 372
1091 195
108 1538
108 486
108 848
108 896
1538 216
1538 1178
1538 1515
485 740
485 857
485 1559
485 36
740 512
740 1958
740 772
984 1096
984 621
984 211
984 750
1096 860
1096 231
1096 145
241 1993
241 488
241 645
241 88
1993 190
1993 1732
1993 1380
736 1785
736 160
736 1614
736 1800
1785 1108
1785 1358
1785 867
56 1062
56 587
56 713
56 715
1062 1841
1062 278
1062 1289
153 1656
153 202
153 166
153 786
1656 1014
1656 1816
1656 1080
420 933
420 1627
420 1602
420 513
933 1697
933 598
933 1736
645 1421
645 896
645 851
1421 792
1421 1065
1421 1237
612 1083
612 571
612 542
612 1981
1083 369
1083 1960
1083 569
465 482
465 1015
465 512
465 1817
482 1760
482 1910
482 527
265 1610
265 1490
265 647
265 1616
1610 647
1610 1151
1610 687
545 691
545 119
545 1669
545 1238
691 1757
691 1345
691 1234
750 1775
750 477
750 835
1775 1559
1775 1498
1775 200
1373 1997
1373 1780
1373 567
1373 659
1997 286
1997 1694
1997 1252
895 1463
895 1783
895 1085
895 965
1463 1614
1463 1345
1463 1834
1379 1530
1379 1311
1379 1464
1379 1363
1530 1200
1530 237
1530 1434
202 70
202 222
202 1166
259 1304
259 1195
259 1041
259 1923
1304 494
1304 1411
1304 1737
300 1537
300 511
300 1608
300 394
1537 800
1537 163
1537 410
642 1332
642 1797
642 734
642 156
1332 103
1332 417
1332 656
221 235
221 306
221 474
221 1721
235 99
235 712
235 542
1202 1959
1202 683
1202 614
1202 1995
1959 12
1959 24
1959 1129
495 1020
495 634
495 1962
495 1015
1020 148
1020 1449
1020 1718
149 1764
149 1476
149 273
149 343
1764 1474
1764 1055
1764 1604
804 852
804 563
804 1499
804 1791
852 541
852 162
852 173
1025 1498
1025 817
1025 1500
1025 218
1498 444
1498 1536
1665 1805
1665 1568
1665 1679
1665 950
1805 1894
1805 840
1805 1933
1593 1829
1593 636
1593 806
1593 1547
1829 1013
1829 855
1829 1027
843 919
843 1582
843 1758
843 1086
919 1241
919 952
919 1194
52 1104
52 1961
52 638
52 322
1104 1793
1104 155
1104 807
358 366
358 1724
358 1694
358 1411
366 1639
366 828
366 325
234 296
234 748
234 1239
234 1817
296 34
296 40
296 1276
972 1684
972 1561
972 771
972 1101
1684 1582
1684 1158
1684 258
203 1252
203 1575
203 1002
203 896
1252 1649
1252 1631
570 1249
570 1858
570 882
570 442
1249 917
1249 1488
1249 449
703 1796
703 1024
703 492
703 656
1796 63
1796 1274
1796 676
98 766
98 1407
98 311
98 1693
766 1912
766 1564
766 1675
793 1414
793 79
793 487
793 1119
1414 237
1414 1148
1414 1424
1133 1253
1133 1309
1133 1861
1133 1068
1253 1116
1253 1235
1253 970
780 1222
780 1204
780 21
780 266
1222 1600
1222 1655
1222 1118
433 440
433 272
433 807
433 913
440 1123
440 1334
440 701
507 523
507 1566
507 338
507 124
523 1412
523 1756
523 172
755 1686
755 741
755 1763
755 1668
1686 1831
1686 849
1686 180
127 889
127 749
127 1949
127 663
889 1468
889 1743
889 1938
1056 1160
1056 125
1056 1638
1056 918
1160 1880
1160 1652
1160 1618
684 764
684 1370
684 1722
684 516
764 1534
764 59
764 384
481 993
481 657
481 1567
481 584
993 694
993 1234
993 731
262 580
262 884
262 89
262 695
580 245
580 774
580 558
233 302
233 810
233 1572
233 1973
302 1875
302 1710
302 29
268 1819
268 116
268 1535
268 1303
1819 468
1819 184
1819 682
144 836
144 1209
144 1401
144 1293
836 30
836 990
836 1422
278 1061
278 582
278 704
1061 810
1061 1591
1061 223
192 747
192 320
192 1909
192 1849
747 775
747 1234
747 425
677 1238
677 1300
677 19
677 1065
1238 1136
1238 1325
1580 1789
1580 1328
1580 218
1580 497
1789 971
1789 1879
1789 1710
844 1212
844 1257
844 1288
844 1011
1212 1884
1212 878
1212 476
94 1575
94 135
94 1931
94 998
1575 1664
1575 737
293 419
293 1171
293 1880
293 287
419 372
419 650
419 422
1126 1703
1126 306
1126 1601
1126 1578
1703 1151
1703 60
1703 1935
84 1206
84 352
84 1335
84 675
1206 1300
1206 1996
1206 872
1666 1929
1666 148
1666 917
1666 537
1929 646
1929 582
1929 461
1108 1403
1108 1510
1108 568
949 1820
949 1254
949 324
949 1129
1820 1491
1820 478
1820 1978
89 390
89 1187
89 1465
390 369
390 900
390 3
676 846
676 489
676 562
846 1627
846 964
846 335
748 1455
748 769
748 671
486 671
486 247
486 809
162 555
162 800
162 1872
555 1967
555 1871
555 1890
650 1435
650 646
650 171
1435 635
1435 955
1435 842
280 674
280 1654
280 505
280 170
674 1260
674 1587
674 571
1660 1760
1660 1174
1660 1781
1660 411
1760 1440
1760 327
1164 1513
1164 347
1164 333
1164 1634
1513 289
1513 1152
1513 1784
725 1612
725 171
725 955
725 797
1612 488
1612 145
1612 239
190 1241
190 1710
190 534
1241 370
1241 213
469 1944
469 1276
469 763
469 530
1944 1268
1944 431
1944 1015
857 1770
857 935
857 1822
1770 1555
1770 958
1770 354
679 1774
679 121
679 353
679 864
1774 357
1774 1261
1774 17
306 1706
306 1157
1292 1755
1292 1728
1292 276
1292 1525
1755 1869
1755 649
1755 980
208 1732
208 1514
208 156
208 189
1732 1866
1732 1733
439 1500
439 490
439 1411
439 1921
1500 823
1500 760
760 1031
760 606
760 380
1031 139
1031 777
1031 1469
1260 1708
1260 493
1260 1924
1708 1565
1708 944
1708 1990
1114 1948
1114 871
1114 1121
1114 974
1948 745
1948 1042
1948 1519
1265 1496
1265 1193
1265 1521
1265 1809
1496 379
1496 610
1496 1573
1631 1933
1631 1331
1631 0
1933 1615
1933 1843
18 668
18 1329
18 167
18 1685
668 1054
668 763
668 953
384 868
384 62
384 802
868 601
868 954
868 1721
1384 1691
1384 425
1384 1816
1384 1942
1691 1898
1691 1761
1691 965
369 800
369 90
386 453
386 1075
386 1725
386 961
453 653
453 1355
453 524
392 794
392 1359
392 1298
392 320
794 1962
794 1395
794 1545
1119 1894
1119 223
1119 782
1894 53
1894 1739
432 592
432 1029
432 275
432 1516
592 1843
592 1922
592 1972
323 1740
323 1746
323 385
323 541
1740 644
1740 1756
1740 1967
1003 1291
1003 1247
1003 490
1003 1157
1291 582
1291 1059
1291 273
863 1769
863 1849
863 371
863 1896
1769 1880
1769 776
1769 498
55 598
55 1632
55 19
55 1925
598 1248
598 1945
850 1947
850 1008
850 1274
850 1266
1947 288
1947 683
1947 318
928 1713
928 866
928 72
1713 1358
1713 1372
1713 1777
502 1220
502 401
502 389
502 1861
1220 1479
1220 685
1220 1650
1166 1729
1166 1495
1166 445
1729 229
1729 832
1729 1974
1368 1475
1368 336
1368 1175
1368 424
1475 1799
1475 829
1475 1482
378 395
378 1230
378 1288
395 1817
395 811
395 1347
658 991
658 1804
658 374
658 1032
991 1113
991 1010
991 609
1407 1588
1407 313
1407 291
1588 329
1588 1011
1588 756
492 1545
492 979
492 1346
1545 1712
1545 1
1526 1699
1526 709
1526 1080
1526 809
1699 783
1699 483
1699 1857
212 1113
212 1279
212 1361
212 706
1113 71
1113 10
214 443
214 1688
214 907
214 441
443 260
443 10
443 437
1687 1899
1687 1438
1687 1154
1687 1561
1899 1184
1899 1416
1899 1447
838 1697
838 1523
838 1852
838 435
1697 1169
1697 744
551 1714
551 1196
551 1920
551 945
1714 662
1714 1254
1714 279
975 1958
975 1115
975 1888
975 442
1958 833
1958 1466
1309 1329
1309 569
1309 996
742 845
742 380
742 361
742 1438
845 1946
845 505
845 1528
174 899
174 281
174 1862
174 46
899 93
899 626
899 1847
815 1604
815 1142
815 431
815 526
1604 584
1604 905
752 1336
752 973
752 1143
752 1529
1336 1519
1336 442
1336 466
973 1679
973 1566
973 524
1746 1773
1746 331
1746 792
1773 1988
1773 1751
1773 1112
350 698
350 1054
350 1012
350 977
698 1400
698 1863
698 588
424 653
424 1159
424 176
653 1790
653 1042
1054 367
1054 1000
36 1159
36 1813
36 1759
1159 1044
1159 379
1875 272
1875 1870
1875 1365
1438 1374
1438 1036
177 449
177 607
177 165
177 1326
449 1508
449 1837
342 883
342 1055
342 1415
342 1624
883 907
883 1877
883 858
718 1932
718 1567
718 279
718 785
1932 460
1932 1468
1932 1916
771 1311
771 1342
771 67
1311 209
1311 956
406 1318
406 875
406 1815
406 1912
1318 988
1318 1349
1318 283
875 289
875 136
875 1701
543 1461
543 1800
543 1505
543 210
1461 1295
1461 1908
1461 1833
1495 1592
1495 1807
1495 1450
1592 1418
1592 1453
1592 702
585 711
585 1597
585 1838
585 738
711 1234
711 759
711 1232
775 958
775 1766
775 1072
784 1232
784 324
784 761
784 1275
1232 1891
1232 621
1322 1649
1322 514
1322 896
1322 1022
1649 1084
1649 782
129 151
129 900
129 1460
129 670
151 853
151 161
151 261
1085 1971
1085 1715
1085 566
1971 1893
1971 232
1971 1053
71 1473
71 1034
71 175
1473 349
1473 859
1473 1964
166 624
166 1765
166 310
99 1255
99 1551
99 1529
260 817
260 1854
260 1077
817 626
817 1286
556 1977
556 1192
556 1605
556 664
1977 1667
1977 1905
1977 1350
282 1128
282 497
282 337
282 1165
1128 65
1128 1400
1128 402
86 649
86 434
86 19
86 1306
649 716
649 1390
175 198
175 1227
175 567
198 939
198 901
198 1110
696 1453
696 1635
696 1112
696 179
1453 981
1453 475
472 834
472 996
472 256
472 1364
834 314
834 1122
834 904
782 1717
782 382
1717 1476
1717 183
1717 1737
937 1394
937 1088
937 361
937 1215
1394 1694
1394 726
1394 1059
426 1635
426 756
426 1273
426 1214
1635 538
1635 1188
1474 396
1474 1268
1474 1506
1403 254
1403 292
1403 912
641 1420
641 801
641 643
641 1486
1420 207
1420 1354
1420 1189
379 1565
379 1861
185 1459
185 325
185 1216
185 271
1459 195
1459 428
382 418
382 795
382 614
418 1178
418 23
418 1813
1050 1340
1050 120
1050 1549
1050 362
1340 121
1340 1383
1340 1882
257 590
257 508
257 1999
257 1646
590 1024
590 1864
590 1263
349 1231
349 1996
349 1907
498 573
498 960
498 1229
573 1646
573 459
573 1674
1198 1313
1198 1090
1198 253
1198 1969
1313 1840
1313 509
1313 23
689 1753
689 521
689 828
689 1652
1753 1762
1753 589
1753 372
1059 1939
1059 971
1939 1956
1939 355
1939 1923
1139 1920
1139 856
1139 787
1139 1258
1920 325
1920 664
1115 1573
1115 952
1115 1477
776 1262
776 1681
776 769
1262 1144
1262 475
1262 571
116 168
116 1363
116 88
670 1397
670 1608
670 874
1397 91
1397 1849
1397 915
871 942
871 1938
871 1799
101 1830
101 1721
101 1602
101 1440
1830 1571
1830 1329
1830 1909
173 1497
173 751
173 1594
1497 375
1497 1215
1497 458
362 1587
362 277
362 34
1587 1704
1587 1163
1007 1057
1007 1196
1007 394
1007 999
1057 1493
1057 1651
1057 513
516 1581
516 1518
516 1296
1581 1078
1581 526
1581 856
1584 1750
1584 1320
1584 1594
1584 939
1750 1726
1750 1767
1750 155
310 356
310 1173
310 329
356 1012
356 1620
356 1643
1429 1663
1429 1874
1429 1822
1429 1677
1663 240
1663 876
1663 1078
1110 1256
1110 171
1110 876
1256 923
1256 1763
1256 430
355 1841
355 926
355 118
1841 1551
1841 716
246 1535
246 577
246 1343
246 1294
1535 1978
1535 1360
451 462
451 1316
451 905
451 125
462 503
462 686
462 1641
602 729
602 1033
602 205
602 992
729 1651
729 1084
729 822
654 1852
654 716
654 1199
654 961
1852 1972
1852 1137
493 1916
493 478
493 634
324 1002
324 1064
1002 822
1002 335
1023 1064
1023 1137
1023 702
1023 893
1064 1316
1064 500
76 430
76 1842
76 1650
76 219
430 673
430 763
290 1724
290 932
290 1765
290 1524
1724 374
1724 1341
474 1364
474 1184
474 429
1364 343
1364 1517
1728 360
1728 924
1728 522
222 1140
222 263
222 141
1140 1891
1140 1885
1140 894
539 1362
539 1448
539 1341
539 436
1362 1386
1362 786
1362 1975
853 1207
853 702
853 1089
1207 1893
1207 1008
1207 604
805 1712
805 1210
805 1060
805 370
1712 1382
1712 1788
716 1942
1354 1653
1354 1489
1354 1551
1653 818
1653 1816
1653 1938
90 299
90 527
90 503
299 1204
299 157
299 230
717 1245
717 930
717 1915
717 1856
1245 412
1245 1280
1245 1030
809 1284
809 1200
1284 338
1284 1955
1284 666
1357 1662
1357 672
1357 1726
1357 563
1662 1327
1662 1579
1662 544
1654 792
1654 1392
1654 1038
921 1225
921 535
921 328
921 1434
1225 1921
1225 537
1225 1481
1142 1569
1142 1410
1142 403
531 1897
531 1213
531 236
531 583
1897 898
1897 811
1897 946
1270 1814
1270 968
1270 291
1270 1994
1814 929
1814 735
1814 1507
735 1417
735 83
735 1850
1417 1446
1417 1873
1417 705
532 994
532 252
532 934
532 1087
994 31
994 661
994 1171
435 903
435 347
435 1618
903 1683
903 1914
903 348
552 854
552 891
552 830
552 1117
854 1597
854 1285
854 1044
352 909
352 136
352 1181
909 1184
909 1196
909 953
741 1704
741 1289
741 546
511 421
511 1346
511 914
154 549
154 1731
154 1536
154 848
549 982
549 446
549 1550
1783 714
1783 200
1783 1659
416 1540
416 1296
416 261
416 1323
1540 152
1540 1983
1540 1823
1880 1410
1433 1923
1433 1132
1433 1071
1433 288
1923 1936
757 1204
757 1134
757 865
757 1902
1204 1099
1667 95
1667 767
1667 1832
1534 1070
1534 1827
1534 80
1151 767
1151 1297
104 236
104 1725
104 383
104 128
236 238
236 1553
990 1896
990 1051
990 1116
1896 530
1896 1626
916 1547
916 381
916 1889
916 978
1547 1333
1547 940
38 542
38 1258
38 109
38 1895
542 22
444 1299
444 831
444 1120
1221 1596
1221 1032
1221 404
1221 332
1596 68
1596 970
1596 1349
1694 566
179 331
179 1864
179 1098
331 1794
331 1892
1912 1910
1912 1858
1316 6
1316 266
272 1442
272 1994
1568 1230
1568 295
1568 1838
914 1229
914 1226
914 1900
1229 1233
1229 1063
710 1646
710 1385
710 1223
710 1315
1646 1650
1815 1844
1815 1470
1815 1784
667 1915
667 308
667 1549
667 226
1915 1867
1915 636
795 348
795 1553
795 1515
313 1074
313 790
313 351
1070 17
1070 824
1070 799
79 1226
79 1228
79 1182
242 1327
242 59
242 546
242 1138
1327 1868
1327 888
28 124
28 1094
28 1734
28 1176
124 484
124 1106
125 961
125 1490
961 1624
510 1983
510 340
510 1456
510 1531
1983 1333
1983 1590
1375 1570
1375 490
1375 312
1375 1472
1570 1179
1570 1374
1570 995
1271 1371
1271 1856
1271 1303
1271 1125
1371 1954
1371 1709
1371 508
298 470
298 1842
298 637
298 814
470 1847
470 228
470 343
445 986
445 1376
445 450
986 789
986 1626
986 673
1078 1376
1078 1955
1376 230
1376 1380
503 1693
503 1077
373 1043
373 189
373 10
373 1809
1043 907
1043 1100
1043 1595
530 608
530 615
608 1035
608 464
608 1722
527 694
527 1
694 405
694 620
1893 922
1893 983
253 1372
253 692
253 861
1372 777
1372 860
288 43
288 1776
858 1710
858 1991
858 1937
1230 93
1230 1586
365 1017
365 422
365 393
365 1860
1017 571
1017 1181
1017 1445
475 559
475 1505
559 1086
559 1848
559 1889
1721 1503
1296 1081
1296 1634
1961 49
1961 1759
1961 182
13 1832
13 548
13 1737
13 1200
1832 429
1832 62
681 1426
681 564
681 680
681 1427
1426 1472
1426 862
1426 88
1143 1339
1143 1489
1143 783
1339 1219
1339 1856
1339 9
130 1464
130 619
130 1088
130 1954
1464 876
1464 11
1553 1572
1553 508
1572 1067
1572 160
1412 1695
1412 1171
1412 264
134 1511
134 1670
134 496
134 1193
1511 1682
1511 360
1511 1898
635 948
635 1657
635 1599
1213 1850
1213 22
1213 1437
412 1793
412 631
412 1881
87 619
87 1305
87 951
87 1430
619 1405
619 980
361 1192
361 628
1192 813
1192 1038
628 1377
628 1425
628 1273
861 1621
861 1823
861 1194
1621 902
1621 1718
1621 1927
900 1448
900 1698
753 1908
753 434
753 304
753 1399
1908 1855
1908 1247
224 428
224 1738
224 1186
224 1704
428 615
428 603
383 634
383 1548
383 1991
634 9
958 120
958 1630
548 1378
548 408
548 1842
1378 1155
1378 1035
1378 639
568 597
568 820
568 215
597 1203
597 254
597 892
1795 1956
1795 413
1795 622
1795 1277
1956 1544
1956 194
1173 824
1173 963
1173 624
988 1778
988 317
988 1149
1778 779
1778 1811
1778 1455
354 1821
354 1766
354 1838
1821 197
1821 1696
1821 1523
388 713
388 207
388 925
388 1782
713 1879
713 1844
334 799
334 309
334 1006
334 1188
799 1243
799 697
773 1552
773 1963
773 968
773 1288
1552 1180
1552 1741
1552 463
901 1168
901 1964
901 879
1168 128
1168 1093
1168 1700
763 339
783 1045
783 1469
1045 115
1045 194
1045 248
1781 1794
1781 648
1781 363
1794 1236
1794 1226
215 1623
215 385
215 947
1623 95
1623 168
1623 1741
931 1483
931 1321
931 20
931 1205
1483 135
1483 607
1483 1165
35 213
35 1882
35 1161
35 881
213 956
213 93
664 1561
664 1504
1561 965
58 1320
58 294
58 719
58 15
1320 1243
1320 1390
329 157
329 1925
823 1141
823 40
823 1257
1141 1868
1141 377
1141 1890
1571 1502
1571 1925
1571 1162
647 680
647 1903
207 1557
207 66
346 827
346 1370
346 1871
346 521
827 1476
827 1306
827 1239
1891 601
1891 1557
292 744
292 1052
292 1726
744 841
744 639
902 1227
902 1810
902 113
1227 1203
1227 232
367 1950
367 1419
367 1033
1679 1451
1679 1102
230 348
230 43
1861 1215
1726 1756
1756 200
1300 1744
1300 1443
1813 1940
1813 1844
1680 1688
1680 46
1680 1978
1680 1509
1688 219
1688 1919
4 417
4 1633
4 401
4 95
417 67
417 37
922 940
922 1761
922 897
940 249
940 204
295 1250
295 1625
295 23
1250 1408
1250 644
1250 191
336 1589
336 1682
336 1281
3 996
3 613
3 1527
996 1711
1404 1476
1404 1886
1404 1480
1404 1445
145 765
145 409
765 359
765 1902
765 1594
311 989
311 1582
311 29
41 1693
41 1638
41 1507
41 381
1693 305
687 1223
687 1489
687 1510
1223 1711
1223 572
109 778
109 1984
109 705
778 1302
778 181
778 1073
1359 1808
1359 1401
1359 1539
1808 226
1808 787
1808 606
522 1183
522 1536
522 623
1183 1466
1183 1121
1183 1047
8 1454
8 1543
8 772
8 21
1454 1361
1454 1990
1454 163
1146 1589
1146 459
1146 613
1146 11
1589 303
1589 345
739 1273
739 1319
739 699
739 1520
1273 870
1098 1803
1098 660
1098 536
1803 1925
1803 80
1803 560
62 917
62 1508
1921 1524
1921 616
1780 1965
1780 1505
1780 1900
1172 1214
1172 1494
1172 1952
1172 1387
1214 1084
1214 1395
935 964
935 458
935 45
964 1280
964 579
1485 1734
1485 1266
1485 1277
1485 997
1734 1881
1734 72
722 1478
722 644
722 1301
1478 1695
1478 617
1478 1319
137 927
137 376
137 44
137 720
927 1578
927 107
927 1395
65 1419
65 33
65 1216
1419 665
1419 133
1055 1275
1055 762
141 1749
141 1672
141 250
1749 112
1749 1457
1749 719
286 887
286 1367
286 118
878 913
878 337
878 1522
913 746
913 1283
477 605
477 787
477 1199
605 194
605 697
605 1335
131 621
131 499
131 1514
131 1480
621 1597
447 880
447 1356
447 1878
447 1385
880 1870
880 364
880 1360
120 85
120 216
118 1637
118 825
1637 1636
1637 33
1637 1639
876 1467
195 968
195 1711
968 67
947 1743
947 1079
947 791
1743 581
1743 114
1597 708
401 715
401 1601
1107 1155
1107 1913
1107 1602
1107 1630
1155 1930
1155 1022
348 1562
77 1428
77 995
77 1757
77 1468
1428 112
1428 541
1428 599
60 1927
60 811
60 825
1927 686
1927 1067
1446 1071
1446 1707
1446 609
1380 1620
1380 1888
1620 178
1620 434
5 770
5 105
5 167
5 1988
770 953
770 652
770 1396
122 594
122 584
122 1470
122 1787
594 1645
594 595
594 368
1029 231
1029 837
1029 1176
1633 1945
1633 1439
1633 601
1945 1439
1945 1281
864 1423
864 1465
864 930
1423 1352
1423 892
1423 1586
458 49
458 613
219 75
219 6
544 812
544 1735
544 187
812 1853
812 732
812 421
873 1194
873 734
873 471
873 398
1194 655
47 1761
47 936
47 1129
47 1030
1761 75
923 999
923 588
923 1859
999 24
999 659
100 1047
100 818
100 1156
100 1904
1047 1289
948 997
948 707
948 1465
997 427
997 1718
340 1797
340 874
340 1857
1797 1455
1797 1095
1432 1792
1432 1725
1432 528
1432 1162
1792 1608
1792 37
1792 618
1874 1290
1874 34
1874 1970
578 1828
578 652
578 1969
578 1138
1828 814
1828 774
1828 1954
1130 1801
1130 1628
1130 1974
1130 557
1801 982
1801 423
1801 1518
1704 103
960 1058
960 1878
960 1966
1800 1941
1800 651
1041 1737
1041 1914
1041 1030
743 1274
743 105
743 620
743 538
1274 1576
305 1326
305 1757
305 1218
303 1779
303 733
303 180
675 1185
675 148
675 1836
1185 1989
1185 164
1185 1777
360 911
360 1762
1576 1751
1576 1237
1576 785
277 1567
277 1594
277 1484
1567 915
1236 1692
1236 1554
1236 1862
1692 1835
1692 182
1692 1441
1867 1883
1867 1092
1867 959
1883 1195
1883 1124
1883 483
924 1904
924 1001
924 944
283 712
283 833
283 1626
712 1075
712 140
500 1650
500 1720
500 461
16 1203
16 102
16 1188
16 1448
1203 132
322 1243
322 484
322 152
1243 249
733 1564
733 1951
733 115
1564 848
1564 953
1180 119
1180 606
1180 561
1200 732
1916 319
1916 496
808 1992
808 1607
808 525
808 1071
1992 534
1992 1122
1992 1881
553 1169
553 1659
553 1401
553 1034
1169 521
1169 1738
1543 1906
1543 558
1543 247
1962 210
1962 1268
148 1640
42 1280
42 637
42 1709
42 1672
1280 699
818 867
818 1560
1210 819
1210 603
1210 244
284 467
284 1366
284 1282
284 1307
467 1081
467 1295
467 263
68 256
68 682
68 1123
256 662
256 1716
1864 1603
1864 410
490 1501
826 1716
826 1546
826 1827
826 586
1716 105
1716 169
1422 1528
1422 1240
1422 859
1528 1411
1528 1279
463 1884
463 600
463 536
1884 491
1884 1669
345 814
345 193
345 1818
814 1670
32 1413
32 1752
32 438
32 893
1413 330
1413 1147
1413 1190
1640 187
1640 906
1640 376
291 893
291 1387
893 768
400 1907
400 2
400 762
400 83
1907 1842
1907 1402
478 576
478 680
294 1742
294 1826
294 1440
1742 528
1742 1951
1742 1598
959 1382
959 1661
959 709
1382 746
1382 1405
1137 50
1137 704
604 1278
604 1520
604 245
1278 589
1278 798
1278 1723
488 967
488 686
700 1367
700 1481
700 50
700 802
1367 1943
1367 1510
1619 1659
1619 1607
1619 227
1619 1931
1659 932
152 1455
152 547
1008 1004
1008 1388
828 1730
828 1678
1730 423
1730 1211
1730 1804
1018 1150
1018 1310
1018 1424
1018 142
1150 1905
1150 1615
1150 26
600 1869
600 12
600 1157
1869 881
1869 1409
123 133
123 1481
123 1190
123 264
133 1585
133 115
1209 1934
1209 1677
1209 1922
515 1550
515 1267
515 1069
515 271
1550 59
1550 1518
226 308
226 205
460 1807
460 1900
460 1177
1807 1125
1807 616
706 1960
706 936
706 1431
1960 1106
1960 165
126 1506
126 103
126 1931
126 380
1506 1585
1506 167
1449 1573
1449 1558
1449 1987
1244 1334
1244 1350
1244 872
1244 1366
1334 816
1334 1052
566 1233
566 1833
1233 186
1233 1439
934 1118
934 528
934 915
1118 1777
1118 188
1276 1569
1276 1905
886 1895
886 1330
886 46
886 1902
1895 442
1895 1177
314 452
314 723
314 1175
452 1804
452 217
452 1170
1302 951
1302 813
1302 974
767 1436
767 1293
1617 1636
1617 1310
1617 1487
1617 890
1636 1705
1636 1979
1472 1618
1472 897
662 1314
662 1608
1314 1392
1314 1823
1314 1462
1725 1690
238 912
238 1037
238 1487
912 1494
912 1628
702 1353
995 576
995 1027
524 1574
524 985
1574 1181
1574 1356
1574 183
1777 1310
1024 1208
1024 473
111 905
111 1444
111 651
111 1072
905 1076
53 26
53 825
53 1674
1799 1099
1799 1986
371 1866
371 136
371 1502
1866 745
1866 258
1231 672
1231 1174
1231 1377
680 906
74 1690
74 985
74 724
74 1767
1690 1393
1690 614
121 1457
121 560
375 1269
375 885
375 1127
281 1162
281 1004
281 1467
1162 1415
707 1135
707 1264
707 1406
1135 981
1135 263
1135 1560
237 547
237 1481
547 1504
547 1099
2 1330
2 1282
2 1798
1330 228
1330 1967
223 1914
223 1441
1914 1622
581 1049
581 1488
581 270
1049 1558
1049 1936
1049 1042
1843 983
1843 865
1179 1919
1179 297
1179 1634
1850 1806
1850 1081
473 1865
473 1834
473 1103
1865 210
1865 1377
1865 269
491 1484
491 587
491 1217
1484 1938
1484 1344
170 456
170 688
170 448
456 57
456 1282
456 1615
385 1752
385 810
1752 1904
1752 1127
870 1736
870 249
870 476
1736 247
1736 1577
1111 1418
1111 128
1111 48
1111 754
1418 1590
1418 1458
601 1350
158 1705
158 911
158 1565
158 862
1705 182
1705 1898
1651 1053
1651 227
971 1868
971 1642
0 1969
0 1731
0 1264
1969 1748
792 756
63 1556
63 561
63 128
1556 107
1556 1591
1556 800
407 1638
407 685
407 446
407 1132
1638 335
17 333
17 1793
824 1739
824 1937
1487 1681
1487 1719
1681 1315
1681 609
1358 461
1358 1536
364 1396
364 728
364 480
1396 1919
1396 1393
494 1630
494 270
494 1515
1630 1099
1963 413
1963 1237
1963 1527
541 593
1132 693
1132 518
693 1021
693 169
693 1745
1021 92
1021 678
1021 165
159 1658
159 20
159 1211
159 1174
1658 1219
1658 1094
1658 15
620 819
620 1806
819 519
819 1460
249 1038
75 1466
75 588
1466 660
1315 54
1315 540
139 1644
139 415
139 1870
1644 969
1644 802
1644 1437
466 1163
466 1090
466 1559
1163 1953
1163 1328
1299 1943
1299 1618
1299 347
1436 147
1436 1601
1436 1247
363 529
363 841
363 998
529 820
529 1347
529 1739
892 1508
892 847
1508 1677
1051 1211
1051 1583
1051 1301
1211 1298
898 1348
898 316
898 1848
1370 816
1370 1208
1196 114
1715 877
1715 540
1715 1999
21 161
21 29
161 1216
161 1190
885 1468
885 318
885 266
189 1388
189 802
321 1935
321 1080
321 169
321 44
1935 326
1935 184
258 894
258 318
894 1366
894 1994
1804 629
514 1283
514 1307
514 1006
1283 1981
1283 638
107 285
107 1557
489 1033
489 45
489 96
1849 318
723 225
723 1010
723 267
1854 1859
1854 1305
1854 188
945 1157
945 1950
945 1255
211 1554
211 327
211 561
1554 499
1554 1006
317 1585
317 209
317 370
51 518
51 102
51 1486
51 80
518 1616
518 155
1442 415
1442 1147
1503 1839
1503 837
1503 14
1839 1105
1839 797
1839 1267
678 1365
678 926
678 1632
1365 1985
1365 1834
347 339
714 1046
714 1178
714 550
1391 1811
1391 1766
1391 643
1391 970
1811 1976
1811 758
1817 172
1326 1360
1326 509
661 1261
661 1504
661 1955
1261 1488
1261 114
1886 1991
1886 22
1886 397
1991 1269
1834 73
1400 724
1400 1533
499 1851
499 1444
1491 1509
1491 1072
1491 1228
672 1836
672 840
1757 977
526 1822
526 942
1822 1145
1374 663
1374 307
289 625
289 429
625 1946
625 525
625 1125
1978 97
813 1827
813 273
980 1647
980 1399
1647 119
1647 1398
1647 484
376 727
376 1154
1602 1356
969 169
969 1569
969 673
1706 243
1706 1124
1706 583
1711 801
1525 1583
1525 962
1525 1845
1583 1702
1583 1527
1544 1937
1544 591
1544 1452
200 1028
1606 1643
1606 54
1606 186
1606 1013
1643 199
1643 1456
646 1985
646 660
1985 806
1985 117
1877 1975
1877 648
1877 1144
1975 1970
1975 564
1622 1950
1622 1312
1622 1095
562 1191
562 1307
562 332
1191 1058
1191 985
1191 669
70 1940
70 1287
70 455
1940 1683
1940 1093
1614 890
1614 1505
911 1035
911 332
1035 603
1763 1772
1763 666
471 801
471 399
471 1034
801 607
751 1747
751 521
751 1306
1747 255
1747 557
1747 1931
1201 1424
1201 1388
1201 779
1201 7
1424 591
164 1218
164 1406
164 504
1218 977
1218 1906
637 1776
637 1669
1405 1798
1405 1937
1798 1698
1798 1462
1331 1979
1331 976
1331 54
942 1551
942 1310
160 607
160 1810
1465 1444
806 157
806 191
1941 1685
1941 1767
1941 1542
27 657
27 1519
27 569
27 1134
657 250
657 48
954 982
954 1033
954 841
982 1889
191 1558
191 513
1558 1469
446 1745
446 1723
1745 1239
1745 307
936 866
936 81
88 695
695 533
695 307
862 343
862 1754
1009 1467
1009 1765
1009 1286
1009 147
1467 403
240 338
240 1840
240 1645
338 1973
9 1460
9 1676
1460 513
1076 341
1076 1039
1076 1063
1904 14
956 64
956 1344
841 957
1824 1994
1824 206
1824 194
1824 708
6 397
6 1766
397 270
397 1678
727 1324
727 655
727 627
1324 1523
1324 533
1324 1516
337 1325
337 425
1325 1673
1325 1124
1187 1918
1187 1936
1187 229
1333 1953
1333 1903
468 1871
468 1802
584 274
1765 1982
1088 315
1088 1048
57 606
57 66
57 1149
188 1165
188 1562
1533 1695
1533 1573
1533 204
1695 1926
746 1437
746 1346
564 737
564 1011
737 1982
737 49
181 1344
181 377
181 950
1195 1905
1195 319
974 1609
974 1759
1609 1012
1609 603
1609 721
1739 627
1312 1825
1312 396
1312 640
1825 146
1825 1402
1825 704
1246 1452
1246 705
1246 1005
1246 1323
1452 1873
1452 1675
1356 1776
1838 1095
1548 1851
1548 1950
1548 660
1851 328
1851 1450
1557 596
480 1901
480 1081
480 1014
1901 251
1901 872
1901 788
1297 264
1297 1112
1297 1101
335 1355
1355 877
1355 381
1569 1129
1034 1117
1117 252
1117 1022
891 591
891 1105
891 987
309 1639
309 353
309 1058
1639 357
633 1052
633 479
633 877
633 1965
1052 979
1181 1625
7 1440
7 734
7 640
1014 1026
1014 738
877 1987
1987 610
1987 629
1377 1727
187 1930
187 1457
1930 596
1930 779
497 803
497 517
251 575
251 1898
251 1447
575 963
575 1786
575 1986
254 1027
254 632
688 926
688 1161
688 1219
926 1968
1840 1539
1840 835
1123 1892
1123 1416
1388 11
1074 1308
1074 1351
1074 1788
1308 1676
1308 1490
1308 1857
1036 1451
1036 869
1036 630
1451 1872
1451 640
1305 690
1305 904
1965 1026
1965 1317
1410 96
1410 1235
1286 724
1286 1217
1430 1462
1430 690
1430 1758
1462 1541
866 66
866 138
811 1016
464 535
464 769
464 244
535 25
535 613
142 1953
142 720
142 1282
1953 1
1321 297
1321 1298
1321 1952
1972 508
1972 1267
1341 1859
1341 210
1859 859
1546 720
1546 199
1546 1486
146 1109
146 1818
146 304
1109 803
1109 1067
1109 1768
1642 1673
1642 1499
1642 275
1673 563
1673 1624
39 1762
39 946
39 1974
39 1911
1762 1067
856 1086
856 1251
1086 30
1772 504
1772 1793
1772 217
140 1677
140 1758
140 797
69 1190
69 232
69 1186
69 1048
113 1885
113 1106
113 1409
1885 368
1885 728
989 1082
989 1480
989 1134
92 1353
92 887
92 540
1353 920
1353 1857
455 728
455 239
455 790
728 429
1269 1918
1269 1342
389 1205
389 1995
389 304
1205 715
1205 1837
119 595
217 1154
217 1094
1154 1986
932 64
932 879
1178 1771
665 1138
665 496
665 1615
252 758
252 1669
758 1629
758 1248
1918 1431
1918 1012
22 1768
1768 851
1768 1696
847 1257
847 1240
847 1722
1257 1980
1490 1616
582 1255
484 1582
807 1347
807 91
1347 1443
220 228
220 216
220 1092
220 271
228 761
1138 1158
136 1369
726 1082
726 1032
726 730
1082 1124
1082 330
1979 1541
1979 1980
616 1791
616 1607
1791 232
1791 244
803 1165
803 754
874 1655
874 1613
106 1518
106 1520
106 1563
106 1032
534 1479
534 231
1479 1641
1479 1000
610 132
610 409
93 537
132 263
132 1425
168 1733
168 1976
1733 1319
1733 330
1094 1100
1532 1541
1532 1674
1532 327
1532 1039
1541 247
1585 939
1369 624
1369 487
1369 10
1494 1471
1494 1019
1489 830
884 270
884 1352
884 1501
565 1771
565 1599
565 918
565 193
1771 1516
1771 405
275 1847
275 1946
1847 1786
860 1337
860 832
1337 404
1337 1121
1337 409
26 344
26 1966
690 29
690 243
1028 1522
1028 1251
1028 1439
1522 1876
1522 617
1683 239
1683 1100
97 1555
97 1171
97 1264
1555 374
1555 831
1279 1879
1279 699
1879 1671
1881 925
1882 1010
1882 1934
105 563
1350 599
1578 441
1578 978
274 1450
274 1514
274 1989
1450 1148
1652 1678
1652 269
1678 1471
626 1197
626 199
1197 73
1197 1700
1197 1512
73 655
73 1542
576 821
576 627
821 998
821 83
821 786
1952 1285
1952 978
749 431
749 572
749 450
644 1406
1853 1911
1853 117
1853 1741
1038 560
1563 1664
1563 579
1563 1087
1664 1628
1664 614
682 1999
682 1720
1385 1348
1385 1998
720 1077
351 1870
351 1393
351 413
67 1079
745 1741
745 651
881 632
881 1776
595 890
595 787
831 1856
831 43
798 879
798 1275
798 1890
879 184
1247 1831
1831 1131
1831 1661
1700 206
1700 1531
1174 599
955 1738
955 1073
1738 1145
1471 504
1471 832
1167 1672
1167 652
1167 1562
1167 918
1672 1409
639 1982
639 950
1982 1457
1226 1863
1871 788
333 1153
333 1037
1153 441
1153 438
1153 671
1329 457
387 1263
387 273
387 1348
387 414
1263 1342
1263 631
415 1685
415 1787
1010 554
327 825
1816 730
206 1595
206 663
171 1751
599 1060
1744 1492
1744 1524
1744 1066
196 1482
196 1381
196 78
196 929
1482 987
1482 593
1910 163
1910 1888
1445 1689
1445 1926
1689 630
1689 1512
1689 1826
652 1441
31 72
31 1862
31 143
72 316
1136 1599
1136 1228
1136 851
1599 950
396 768
396 1600
768 1748
768 519
1951 103
1951 1784
777 506
777 1709
1625 1216
1625 1437
408 112
408 1254
408 1892
1290 1719
1290 1657
1290 50
245 1351
245 591
325 791
1521 1964
1521 1458
1521 1906
1964 1517
967 1065
967 504
967 1427
882 1493
882 1199
882 1603
1493 705
1493 1632
1492 944
1492 1942
1492 1281
1868 1102
1926 1671
1926 709
738 1529
738 761
422 48
422 1682
1818 255
1818 1156
409 1909
1184 1600
1949 1517
1949 1833
1949 102
1093 1641
1093 1848
1175 437
1175 312
1089 411
1089 1701
1089 998
1016 1317
1016 315
1016 962
1317 655
1317 1955
248 1242
248 832
248 1363
1242 1590
1242 434
1242 849
437 1343
437 1624
1343 701
1343 1600
683 1701
683 276
1090 1189
1090 454
1189 1836
1189 1860
1719 790
1719 1258
588 920
425 1389
627 550
963 12
963 1349
1344 1502
1502 506
1177 1398
1177 1922
1398 943
1398 1044
81 1092
81 708
81 312
1092 157
391 1134
391 1120
391 833
391 579
1080 1272
867 622
867 1295
732 316
732 1295
939 966
715 517
225 1068
225 285
225 1013
427 692
427 1251
427 1346
692 1889
692 1381
193 1577
193 487
1577 629
1577 1499
822 636
822 150
218 505
218 1345
505 78
623 849
623 1425
623 341
849 1037
538 910
538 1272
910 1106
910 554
910 1973
370 574
615 501
615 1239
14 1383
14 344
1383 1984
1383 1601
304 577
91 587
91 567
404 78
404 781
1037 150
685 987
685 326
577 1102
577 1998
1319 411
102 1501
20 61
20 1579
788 1240
788 138
1240 1228
1004 519
1004 611
987 1477
413 1826
1826 1127
830 1170
830 410
1170 1338
1170 319
59 1515
1661 1272
1661 204
184 450
326 1066
326 586
1066 19
1066 1293
1919 250
888 301
888 796
888 1097
459 1702
459 1392
61 918
61 1990
61 176
629 617
512 915
512 1022
624 1152
1727 1998
1727 1835
1727 1363
810 1510
1019 1595
1019 1264
1019 1005
1595 593
651 1782
985 574
1627 1833
1627 1393
403 908
403 789
908 85
908 587
908 1499
1084 1913
1913 1470
1913 1980
197 904
197 1562
197 436
1565 946
730 1970
730 1266
1970 930
1431 1611
1431 669
789 1147
789 709
1514 110
721 1802
721 1784
721 1116
1802 779
1802 1215
1590 1248
1782 1616
1782 1754
1288 1748
1026 1338
1026 1758
1402 1645
1402 929
1645 1702
1676 1516
1676 172
1011 1519
1131 1443
1131 622
1131 1444
1671 1835
1671 1401
255 943
255 1338
479 1040
479 1392
479 1512
1040 1001
1040 797
1040 1259
970 957
943 1477
943 962
1095 1102
1748 772
583 1517
583 1603
1946 1217
1351 517
1351 25
135 1598
135 264
1071 1075
357 1105
357 271
1105 1968
1731 1235
1731 981
842 769
842 1984
842 1605
976 1928
976 1458
976 1903
501 285
501 554
501 907
636 1125
731 1277
731 1903
731 1063
1277 550
1507 1434
1507 402
1674 496
1836 962
1989 1122
1989 1812
394 558
394 1967
558 734
1559 1469
216 1634
1395 1152
790 1670
1670 178
115 1147
890 1787
229 618
229 1182
618 398
618 1844
1381 837
1381 1976
586 1408
586 155
1996 829
1996 380
816 1787
816 1845
1628 96
872 1268
54 1999
80 1158
1158 227
1425 978
372 1145
579 589
589 1389
297 1809
297 957
1809 1968
528 183
925 1860
925 359
1860 49
398 1887
398 1751
1068 648
1068 1342
1735 981
1735 1294
1735 1127
33 421
33 438
421 1806
724 938
569 1707
1707 82
1707 1298
250 859
431 11
917 339
205 110
205 1900
1509 287
1509 820
1806 785
414 1790
414 1447
414 201
1790 659
1790 359
1779 243
1779 1103
1779 45
37 1000
37 1668
1000 1415
774 574
774 1720
1720 269
1335 1629
1335 1696
1629 411
1629 285
1523 796
110 1682
110 1477
1607 150
946 204
1307 1911
239 533
315 1075
315 1823
632 1917
632 1101
1 1073
1266 754
85 1928
85 1936
1928 1072
1928 640
1338 517
761 1267
316 1605
1759 536
697 1539
697 483
1539 772
952 851
952 1193
423 1039
423 143
1591 320
1591 1542
1348 1408
979 617
979 1855
887 966
887 1456
929 537
1709 1872
1872 1754
1122 938
66 938
1406 638
332 1892
307 977
1349 1303
983 1408
983 344
1360 1586
546 1542
546 1063
1366 1520
1458 176
96 1258
1702 301
319 40
353 1186
353 1144
1415 1924
1924 1103
1924 1027
938 1560
1560 1287
227 759
180 754
180 405
341 1873
341 656
1873 82
112 519
46 1698
156 796
156 506
1015 201
330 1723
1306 1973
930 1224
1053 1069
1053 840
506 312
487 1632
183 666
560 368
441 1917
520 533
520 1149
520 261
520 40
114 1890
320 476
1698 631
1199 791
23 243
1722 1876
1275 1648
405 1386
25 1100
25 1917
43 1887
1224 1917
1224 835
1224 1005
1981 1328
1981 1922
1254 178
30 1486
30 992
1641 1389
44 1966
44 457
410 1077
509 701
509 1272
150 1988
24 287
24 1579
339 143
1723 786
1285 1878
1285 1848
1754 393
1058 1176
951 1845
951 377
308 1812
308 165
1812 1974
1812 1121
448 1361
448 1101
448 1193
1361 82
848 1480
1504 267
276 1655
276 279
1655 1046
266 1598
1598 762
48 138
138 209
368 287
906 167
906 476
1073 1810
64 1845
64 1219
1287 1488
1287 554
359 829
1685 666
904 301
1005 1995
820 1148
199 1046
176 381
648 1046
1909 457
1148 869
1328 178
1386 1995
1386 699
1441 1613
1416 328
1416 147
438 719
719 45
209 656
659 1001
186 1152
186 1863
1259 1718
1259 117
1259 1611
673 1323
1103 1990
1835 1943
1352 483
1352 1876
1116 1512
1579 1980
1786 402
1786 1586
1237 1954
454 1968
454 1957
454 1323
1984 631
536 1248
759 1934
759 1943
1934 1657
1235 865
1039 147
1976 1182
374 701
1399 756
1399 869
829 1527
231 1902
574 1888
143 267
267 1675
1942 1827
393 1387
393 1294
1387 965
1470 791
344 1501
567 1887
1303 399
1957 1767
1957 638
1957 1389
1605 1986
1145 762
95 1837
869 669
261 992
377 50
1443 1427
461 201
840 1149
593 833
781 796
781 572
781 78
1531 1427
1531 1301
622 1120
1120 966
1566 1156
1566 1293
1668 1988
1668 83
1858 1603
1858 708
1188 1788
1156 611
686 1044
1906 1447
1112 1097
1001 1182
920 1448
920 1281
1208 82
1208 540
1013 1862
704 457
15 1097
15 1456
1097 897
957 1390
837 450
1069 1144
1069 596
1911 1434
1810 671
1217 855
611 966
611 1611
1030 1345
596 525
1409 1837
855 1006
855 1878
1855 1301
1855 1788
1186 1626
1966 1696
561 1161
1161 328
1701 1176
1657 1060
557 1876
557 399
1065 643
269 1549
399 630
572 1048
12 1294
897 1549
1998 1887
1251 1613
1060 1863
1524 117
944 279
630 1648
1675 525
1529 1087
835 609
669 1079
301 1087
1042 1390
1048 1648
1648 436
182 436
663 244
1289 34
402 865
1255 172
643 1611
201 785
992 550
