4000 8000
320 1057
320 2831
320 38
320 3029
1057 3034
1057 345
1057 376
2082 3248
2082 3343
2082 3899
2082 3035
3248 3948
3248 702
3248 231
1062 1223
1062 568
1062 1860
1062 3362
1223 414
1223 733
1223 984
1125 1925
1125 3008
1125 2080
1125 2707
1925 3961
1925 2107
1925 3718
2166 2774
2166 157
2166 3195
2166 1009
2774 286
2774 1575
2774 542
334 3166
334 3668
334 88
334 2665
3166 3426
3166 789
3166 1706
1730 3125
1730 415
1730 1516
1730 2834
3125 1814
3125 1527
3125 1185
1310 1833
1310 2177
1310 1900
1310 42
1833 1887
1833 1995
1833 1410
952 3322
952 1590
952 1870
952 910
3322 1846
3322 2655
3322 1485
2739 3351
2739 139
2739 3368
2739 1276
3351 3078
3351 3746
3351 1862
866 3739
866 988
866 2595
866 1343
3739 3169
3739 1707
3739 3933
2085 2789
2085 35
2085 585
2085 3721
2789 265
2789 236
2789 796
470 1773
470 1112
470 3844
470 22
1773 3644
1773 465
1773 1485
2599 3183
2599 814
2599 1922
2599 1288
3183 3954
3183 2656
3183 19
476 950
476 27
476 3505
476 1767
950 21
950 3434
950 1930
1398 3749
1398 1712
1398 881
1398 2914
3749 1816
3749 2065
3749 2489
202 3567
202 259
202 1079
202 2182
3567 2483
3567 2366
3567 2465
1544 3815
1544 1700
1544 546
1544 1261
3815 2632
3815 3837
3815 3123
896 3167
896 255
896 2564
896 3281
3167 2658
3167 1253
3167 2300
2151 3560
2151 1311
2151 2423
2151 1300
3560 2707
3560 818
3560 504
2898 3683
2898 1399
2898 2205
2898 2458
3683 272
3683 875
3683 2985
3211 3230
3211 3052
3211 53
3211 1156
3230 865
3230 2490
3230 3488
322 2655
322 429
322 469
322 539
2655 582
2655 3466
2856 3627
2856 3252
2856 847
2856 1493
3627 1914
3627 1143
3627 3669
3352 3504
3352 2234
3352 1293
3352 1386
3504 3031
3504 2670
3504 2685
1219 3304
1219 2383
1219 3705
1219 1126
3304 1365
3304 28
3304 2654
648 2387
648 1021
648 1627
648 1458
2387 148
2387 3990
2387 2811
1400 3128
1400 1858
1400 2779
1400 565
3128 1494
3128 1903
3128 23
2238 3903
2238 417
2238 3336
2238 2140
3903 718
3903 3912
3903 3537
185 3617
185 749
185 2058
185 3385
3617 1491
3617 2415
3617 1691
2340 3135
2340 3197
2340 1481
2340 3294
3135 280
3135 1263
3135 3588
1814 2205
1814 3929
1814 2749
2314 3678
2314 3882
2314 2988
2314 3775
3678 905
3678 252
3678 3063
665 3396
665 542
665 2598
665 321
3396 2040
3396 1468
3396 2960
77 3192
77 2558
77 2814
77 3310
3192 2473
3192 2553
3192 2869
3229 3551
3229 1613
3229 3127
3229 3422
3551 1287
3551 2374
3551 661
566 3568
566 2542
566 774
566 1609
3568 2311
3568 1857
3568 273
5 3136
5 933
5 2700
5 1502
3136 2934
3136 3157
3136 1192
1070 3732
1070 1664
1070 18
1070 2260
3732 490
3732 434
3732 406
92 1191
92 3755
92 1808
92 2185
1191 797
1191 1710
1191 222
540 2535
540 3884
540 2636
540 3571
2535 374
2535 889
2535 1454
1748 3204
1748 1936
1748 2191
1748 3853
3204 2007
3204 395
3204 3759
1599 3594
1599 3212
1599 453
1599 2650
3594 3958
3594 2642
3594 3608
138 1887
138 3172
138 1619
138 1416
1887 1648
1887 2449
917 983
917 764
917 1317
917 1495
983 3095
983 1612
983 3106
256 2918
256 3611
256 1320
256 885
2918 909
2918 105
2918 1425
45 764
45 1210
45 1479
45 3574
764 3720
764 3506
1463 2304
1463 2569
1463 2895
1463 1342
2304 174
2304 1572
2304 3385
1937 2557
1937 3728
1937 1815
1937 2263
2557 795
2557 3043
2557 2793
1591 3976
1591 1661
1591 628
1591 437
3976 3928
3976 359
3976 1990
2460 3465
2460 1571
2460 3666
2460 846
3465 1934
3465 2660
3465 96
1275 3085
1275 2306
1275 2310
1275 2183
3085 2153
3085 791
3085 1234
2610 3133
2610 2976
2610 1038
2610 1533
3133 698
3133 3014
3133 3405
988 1679
988 1370
988 71
1679 3062
1679 3238
1679 945
2976 3760
2976 1845
2976 2668
1142 2395
1142 994
1142 1736
1142 2355
2395 1558
2395 2092
2395 124
855 3682
855 2646
855 3064
855 563
3682 2431
3682 2632
3682 3023
688 3094
688 2806
688 2843
688 3592
3094 2905
3094 645
3094 3593
1843 2605
1843 1329
1843 1332
1843 2829
2605 2357
2605 1667
2605 727
919 3329
919 1270
919 2783
919 3468
3329 214
3329 3781
3329 1036
1250 3000
1250 2234
1250 1688
1250 2645
3000 178
3000 2552
3000 168
2998 3294
2998 1239
2998 2092
2998 3079
3294 1583
3294 3937
2857 3034
2857 2080
2857 1155
2857 1846
3034 2186
3034 2719
1924 2922
1924 1016
1924 2808
1924 837
2922 2154
2922 1867
2922 1363
565 1109
565 173
565 999
1109 3362
1109 2244
1109 1166
938 2513
938 1327
938 2478
938 3014
2513 384
2513 3132
2513 2030
2004 2520
2004 1143
2004 3061
2004 546
2520 779
2520 3780
2520 1896
702 2574
702 3115
702 1356
2574 1217
2574 792
2574 3697
571 2540
571 381
571 732
571 1387
2540 1596
2540 578
2540 3121
2190 2894
2190 1588
2190 609
2190 3864
2894 3688
2894 3259
2894 2910
1926 3571
1926 3790
1926 3960
1926 2167
3571 3999
3571 2946
1262 1864
1262 2761
1262 1575
1262 391
1864 3622
1864 1749
1864 2821
2168 2932
2168 3965
2168 485
2168 493
2932 2105
2932 2321
2932 899
3072 3100
3072 3788
3072 2905
3072 977
3100 1248
3100 1998
3100 116
203 519
203 773
203 1284
203 2119
519 2188
519 3664
519 1834
79 1944
79 3718
79 1086
79 854
1944 3975
1944 3102
1944 525
3005 3901
3005 3392
3005 2626
3005 1477
3901 735
3901 2462
3901 434
1428 2401
1428 2000
1428 2627
1428 205
2401 2830
2401 472
2401 1170
1901 3771
1901 3379
1901 3316
1901 483
3771 275
3771 2977
3771 155
498 2588
498 725
498 3839
498 2077
2588 2105
2588 2671
2588 1666
2640 3213
2640 1716
2640 1032
2640 3412
3213 1718
3213 2776
3213 413
324 1184
324 1605
324 2121
324 20
1184 1402
1184 1362
1184 2384
2353 3315
2353 1276
2353 1056
2353 2309
3315 3207
3315 212
3315 1906
1345 2422
1345 1665
1345 1980
1345 3827
2422 2663
2422 678
2422 3401
398 1555
398 753
398 25
398 3187
1555 807
1555 1988
1555 145
2528 3603
2528 2585
2528 1533
2528 3307
3603 2373
3603 1353
3603 2252
792 2010
792 363
792 2741
2010 3258
2010 2616
2010 1671
999 1529
999 278
999 3009
1529 3374
1529 742
1529 3931
913 2274
913 3121
913 554
913 612
2274 3177
2274 2172
2274 3520
2673 2879
2673 2660
2673 2025
2673 2367
2879 88
2879 3685
2879 674
279 3040
279 879
279 2990
279 1661
3040 55
3040 76
3040 280
463 3911
463 1228
463 3428
463 2259
3911 508
3911 3023
3911 442
1350 2669
1350 1311
1350 2523
1350 1112
2669 808
2669 1314
2669 99
2864 3640
2864 2254
2864 1078
2864 1775
3640 2945
3640 2685
3640 3536
924 2654
924 1844
924 2329
924 3327
2654 2184
2654 889
180 1942
180 392
180 2090
180 1910
1942 3431
1942 722
1942 2019
125 1469
125 1274
125 497
125 3412
1469 1797
1469 1928
1469 3851
1624 3205
1624 3643
1624 3831
1624 3157
3205 2945
3205 2443
3205 634
1614 3680
1614 2188
1614 2484
1614 3429
3680 1358
3680 604
3680 3709
1408 3498
1408 36
1408 2231
1408 3406
3498 151
3498 2428
3498 3513
58 3381
58 2286
58 1263
58 161
3381 1651
3381 1081
3381 1807
627 2364
627 974
627 2927
627 2297
2364 1734
2364 762
2364 2339
1213 3101
1213 492
1213 3446
1213 3119
3101 2517
3101 2408
3101 1313
204 3346
204 2747
204 199
204 3882
3346 134
3346 1638
3346 719
44 2623
44 2759
44 2474
44 12
2623 1649
2623 1028
2623 1853
534 3559
534 2722
534 1751
534 558
3559 2688
3559 3022
3559 1787
727 1190
727 2677
727 892
1190 2883
1190 3845
1190 2675
1700 2820
1700 760
1700 1224
1941 2935
1941 1373
1941 1371
1941 2139
2935 56
2935 207
2935 3050
1078 1103
1078 3043
1078 3844
1103 3790
1103 1939
1103 1604
2177 3419
2177 3536
2177 1909
3419 2243
3419 2045
3419 3378
3252 1088
3252 2587
3252 1159
2806 1355
2806 3563
2806 2496
1628 3010
1628 2704
1628 446
1628 2957
3010 3774
3010 213
3010 2075
1751 3436
1751 2348
1751 2332
3436 63
3436 2827
3436 377
661 3153
661 1778
661 3343
3153 496
3153 25
3153 777
653 2765
653 838
653 2674
653 2202
2765 189
2765 3416
2765 389
2703 3106
2703 963
2703 3861
2703 1094
3106 1500
3106 1134
2511 3573
2511 1229
2511 2392
2511 2318
3573 1258
3573 3761
3573 2617
2984 3699
2984 465
2984 1854
2984 3044
3699 915
3699 817
3699 484
500 2357
500 2740
500 927
500 754
2357 2908
2357 1733
86 1978
86 1280
86 607
86 3246
1978 2561
1978 3787
1978 2011
149 2248
149 3694
149 3713
149 3197
2248 2892
2248 1406
2248 1606
680 3027
680 2373
680 3689
680 2447
3027 187
3027 888
3027 839
1196 3295
1196 3508
1196 3119
1196 142
3295 3159
3295 2208
3295 317
1907 2509
1907 1357
1907 1452
1907 3681
2509 407
2509 3692
2509 158
263 2012
263 3313
263 2989
263 725
2012 2533
2012 2206
2012 1187
197 2620
197 2756
197 1424
197 2663
2620 1668
2620 3060
2620 580
1719 3065
1719 799
1719 1980
1719 3188
3065 1137
3065 2968
3065 309
2919 3619
2919 735
2919 2846
2919 1268
3619 717
3619 2681
3619 3690
332 705
332 2210
332 1510
332 567
705 2711
705 2428
705 2881
271 3929
271 1546
271 3727
271 1270
3929 788
3929 2031
1257 2193
1257 3934
1257 3002
1257 3195
2193 694
2193 1999
2193 395
615 3011
615 3899
615 1087
615 3621
3011 2782
3011 3674
3011 3989
2120 3918
2120 3173
2120 3481
2120 790
3918 3871
3918 1054
3918 2751
563 2908
563 2352
563 1854
2908 2802
2908 2940
682 746
682 510
682 3742
682 2942
746 1457
746 444
746 3806
1662 2115
1662 1580
1662 2453
1662 1000
2115 1728
2115 3922
2115 2431
659 2402
659 2498
659 2447
659 3747
2402 3263
2402 490
2402 3206
445 3896
445 1627
445 3496
445 2946
3896 396
3896 825
3896 3380
1242 2826
1242 1253
1242 1535
1242 2505
2826 429
2826 3130
2826 1810
2594 2821
2594 2370
2594 3621
2594 843
2821 2056
2821 2848
2531 3537
2531 3885
2531 2876
2531 3148
3537 1537
3537 3254
3658 3926
3658 1415
3658 3499
3658 3227
3926 3354
3926 1914
3926 957
799 1478
799 2502
799 3939
1478 3378
1478 636
1478 2957
2067 2899
2067 1869
2067 3998
2067 354
2899 386
2899 730
2899 2907
2325 3263
2325 1221
2325 1165
2325 2227
3263 1294
3263 3071
994 3919
994 3827
994 1056
33 96
33 2181
33 2701
33 2653
96 2689
96 1631
948 1871
948 1546
948 3284
948 3887
1871 1332
1871 2317
1871 3664
1617 1936
1617 798
1617 3207
1617 2755
1936 3088
1936 3962
367 2737
367 1019
367 1284
367 3597
2737 2981
2737 317
2737 82
1729 1794
1729 711
1729 2653
1729 2359
1794 3269
1794 1893
1794 2226
735 569
735 793
614 1362
614 1116
614 253
614 319
1362 2651
1362 2871
53 3541
53 3372
53 1571
3541 3532
3541 1096
3541 21
803 3469
803 2627
803 1435
803 1022
3469 2945
3469 1533
3469 3629
1923 3274
1923 2308
1923 3012
1923 3105
3274 2595
3274 2926
3274 1182
836 2480
836 2350
836 3723
836 355
2480 3330
2480 407
2480 3089
480 3750
480 2441
480 1461
480 2192
3750 947
3750 1422
3750 3417
776 2163
776 2006
776 1163
776 1063
2163 2435
2163 1878
2163 1046
2473 3026
2473 816
2473 2229
3026 1556
3026 538
3026 3689
508 3084
508 965
508 311
3084 1831
3084 1383
3084 1132
2704 3334
2704 85
2704 2966
3334 2351
3334 307
3334 3793
3159 2772
3159 3015
3159 2421
1403 2101
1403 2980
1403 131
1403 3240
2101 3741
2101 3218
2101 1996
1930 2893
1930 2057
1930 774
2893 795
2893 2808
2893 3944
2279 3711
2279 2691
2279 2228
2279 524
3711 1136
3711 190
3711 1518
2576 3759
2576 1608
2576 1351
2576 3581
3759 1144
3759 3224
1822 2814
1822 1644
1822 3540
1822 2055
2814 1207
2814 432
1269 3212
1269 280
1269 231
1269 1366
3212 272
3212 2055
1289 1964
1289 3630
1289 248
1289 2539
1964 2425
1964 1436
1964 3902
2817 3939
2817 1622
2817 2159
2817 3456
3939 1753
3939 3540
3667 3721
3667 3370
3667 3355
3667 3668
3721 1197
3721 2617
1131 3019
1131 2020
1131 3817
1131 368
3019 3715
3019 1359
3019 597
1512 1642
1512 1407
1512 3113
1512 3151
1642 995
1642 3928
1642 945
602 3070
602 2721
602 1611
602 235
3070 494
3070 3856
3070 115
251 488
251 524
251 1026
251 528
488 3765
488 2715
488 1863
36 3999
36 3137
36 200
2270 2956
2270 3626
2270 723
2270 3340
2956 1520
2956 95
2956 2491
1457 3227
1457 1381
1457 1749
815 2462
815 246
815 3268
815 2941
2462 2015
2462 1596
2064 2301
2064 693
2064 2644
2064 3824
2301 182
2301 1180
2301 3249
953 1485
953 880
953 683
953 2537
1485 355
497 2041
497 1238
497 319
2041 1390
2041 545
2041 1668
2466 2552
2466 1938
2466 2065
2466 160
2552 3349
2552 557
467 2549
467 3861
467 631
467 821
2549 1218
2549 453
2549 1947
596 3610
596 1342
596 515
596 1429
3610 1982
3610 1826
3610 1198
1605 3914
1605 1048
1605 2524
3914 1004
3914 3043
3914 2126
3177 3055
3177 1401
3177 369
148 3096
148 2226
148 2366
3096 283
3096 2433
3096 3087
298 1105
298 220
298 1098
298 3633
1105 3530
1105 2104
1105 825
3536 3991
3536 3314
1527 731
1527 2396
1527 1376
2626 2917
2626 1797
2626 3074
2917 1063
2917 2326
2917 762
626 3797
626 2060
626 588
626 1492
3797 310
3797 1450
3797 712
1627 2155
1627 48
2230 3427
2230 1820
2230 262
2230 703
3427 3110
3427 2888
3427 522
1097 3360
1097 232
1097 801
1097 1954
3360 706
3360 193
3360 1608
2215 2829
2215 3470
2215 1181
2215 2054
2829 1817
2829 3714
1909 3293
1909 939
1909 1380
3293 2392
3293 273
3293 183
1079 2185
1079 908
1079 3022
2185 1461
2185 837
2356 2365
2356 1152
2356 2992
2356 1120
2365 2347
2365 1442
2365 143
1405 1430
1405 1194
1405 905
1405 3511
1430 1433
1430 2376
1430 405
687 2087
687 460
687 2666
687 1622
2087 2033
2087 3267
2087 2278
541 2573
541 3139
541 12
541 3518
2573 3399
2573 1684
2573 259
1934 3092
1934 3875
1934 1286
2052 2686
2052 2086
2052 2507
2052 377
2686 1790
2686 2317
2686 2303
199 2697
199 1600
199 3810
2697 2309
2697 2936
2697 1480
2377 2459
2377 1981
2377 1913
2377 691
2459 1266
2459 3956
2459 987
1722 3095
1722 1218
1722 3302
1722 2957
3095 3178
3095 2957
828 2966
828 288
828 2291
828 966
2966 1879
2966 3730
516 1067
516 2577
516 2408
516 3837
1067 1152
1067 882
1067 1638
845 929
845 1998
845 3514
845 1113
929 809
929 439
929 3231
2971 3930
2971 2854
2971 457
2971 583
3930 3981
3930 2181
3930 2039
903 1877
903 1647
903 608
903 359
1877 3496
1877 1732
1877 3403
1894 2696
1894 3722
1894 2714
1894 550
2696 1619
2696 3067
2696 998
1229 2928
1229 2131
1229 121
524 3383
524 297
27 2630
27 775
27 2109
2630 786
2630 2069
2630 3088
993 3379
993 3519
993 2411
993 24
3379 1632
3379 3492
100 383
100 140
100 2338
100 3083
383 3692
383 1895
383 1548
658 3755
658 2200
658 1688
658 572
3755 3999
3755 1104
1300 2062
1300 1786
1300 2738
2062 2036
2062 3116
2062 3444
403 2492
403 411
403 1600
403 2370
2492 990
2492 2748
2492 974
1981 2330
1981 3080
1981 220
2880 3795
2880 3542
2880 536
2880 84
3795 3844
3795 48
3795 2017
3464 3487
3464 3306
3464 1060
3464 3618
3487 2780
3487 1091
3487 679
1089 1418
1089 605
1089 3708
1089 2323
1418 699
1418 1893
1418 379
2148 3138
2148 3717
2148 432
2148 3915
3138 3676
3138 2867
3138 2713
2194 3350
2194 2470
2194 2719
2194 3766
3350 3961
3350 823
3350 59
1040 2218
1040 3637
1040 3852
1040 305
2218 3442
2218 1829
2218 3927
1311 2381
1311 2313
1364 3743
1364 944
1364 1333
1364 444
3743 2427
3743 2778
3743 409
2904 3451
2904 1876
2904 242
2904 3902
3451 3518
3451 3202
3451 1197
699 2823
699 3516
699 1098
2823 2030
2823 1230
2823 1818
176 3604
176 3361
176 2033
176 2469
3604 2490
3604 1414
3604 439
1301 1414
1301 832
1301 2694
1301 2341
1414 1623
1414 3719
255 1974
255 2522
255 3612
880 1260
880 1138
880 240
1260 3578
1260 3862
1260 3611
188 1631
188 1083
188 1568
188 1917
1631 1969
1631 2732
1247 3975
1247 2237
1247 3632
1247 2046
3975 2878
3975 2744
1282 3337
1282 2438
1282 184
1282 3868
3337 410
3337 1239
3337 676
1974 2255
1974 493
1974 3418
2255 233
2255 2362
2255 1603
740 2743
740 2169
740 368
740 2358
2743 583
2743 967
2743 3129
1621 3082
1621 1997
1621 1481
1621 1367
3082 3226
3082 2385
3082 2870
2755 2882
2755 3941
2755 410
2882 1689
2882 247
2882 951
364 911
364 3343
364 2463
364 1890
911 1466
911 3343
911 3384
2822 2941
2822 3877
2822 1416
2822 1076
2941 1325
2941 932
492 2432
492 482
492 3631
2432 3531
2432 2290
2432 2063
1436 1885
1436 2287
1436 1444
1885 438
1885 724
1885 2628
791 1366
791 582
791 1086
1366 3762
1366 2615
356 635
356 2486
356 2077
356 3423
635 3826
635 989
635 142
1673 3846
1673 2411
1673 2658
1673 13
3846 1543
3846 3628
3846 2556
2569 3462
2569 3651
2569 3454
3462 1106
3462 544
3462 2467
1868 1979
1868 1256
1868 2313
1868 3140
1979 433
1979 3460
1979 865
471 3031
471 3887
471 1535
471 1616
3031 731
3031 1326
975 2047
975 2791
975 641
975 3358
2047 594
2047 580
2047 1933
1205 1438
1205 2232
1205 1018
1205 654
1438 1879
1438 132
1438 1846
84 2472
84 2559
84 1445
2472 3189
2472 1420
2472 3803
2987 3565
2987 314
2987 2088
2987 2350
3565 1732
3565 1847
3565 3970
2309 2860
2309 3332
1204 1910
1204 1211
1204 2927
1204 1827
1910 449
1910 2607
1756 1835
1756 2286
1756 2008
1756 281
1835 2398
1835 416
1835 619
1273 2169
1273 821
1273 1346
1273 1373
2169 3300
2169 1348
440 1071
440 3809
440 164
440 2028
1071 3940
1071 2921
1071 518
916 3146
916 814
916 949
916 555
3146 1905
3146 3418
3146 3013
502 1853
502 1913
502 3724
502 338
1853 2561
1853 2525
3001 3842
3001 3953
3001 3763
3001 625
3842 2939
3842 3298
3842 1169
2142 2391
2142 2229
2142 301
2142 870
2391 679
2391 1216
2391 3866
531 1038
531 3282
531 3865
531 3881
1038 3241
1038 1470
3718 109
3718 3510
592 1248
592 1459
592 3584
592 1960
1248 3324
1248 3657
1571 2416
1571 316
2791 671
2791 1778
2791 70
2667 2740
2667 1903
2667 2518
2667 3374
2740 1140
2740 1731
1929 2245
1929 3905
1929 3121
1929 3602
2245 922
2245 2516
2245 926
509 3908
509 2768
509 3814
509 1326
3908 1100
3908 1274
3908 651
1520 2219
1520 3130
1520 2352
2078 2171
2078 1494
2078 3089
2078 1059
2171 3548
2171 575
2171 3834
899 2019
899 667
899 685
2019 3758
2019 1179
3885 2341
3885 942
3885 2146
1851 2285
1851 350
1851 2013
1851 2282
2285 1692
2285 3873
2285 194
257 1703
257 1932
257 3386
257 3714
1703 3081
1703 507
1703 3650
3092 3068
3092 2489
3092 259
1962 3877
1962 3214
1962 1451
1962 1145
3877 1222
3877 329
1240 2996
1240 1604
1240 1717
1240 454
2996 793
2996 218
2996 1417
2440 3545
2440 3588
2440 2290
2440 3408
3545 3003
3545 3171
3545 2140
1499 2133
1499 2542
1499 3199
1499 2608
2133 869
2133 1878
2133 137
264 1355
264 3300
264 755
264 683
1355 97
1355 2262
2596 3268
2596 2398
2596 959
2596 226
3268 3620
3268 2379
424 1137
424 402
424 2835
424 1917
1137 575
1137 3245
3020 3191
3020 1928
3020 1486
3020 2633
3191 630
3191 1088
3191 1644
979 1505
979 3997
979 371
979 3029
1505 1316
1505 3362
1505 1440
857 2182
857 343
857 3107
857 3586
2182 2818
2182 1354
728 1850
728 229
728 3198
728 2458
1850 2639
1850 2260
1850 3467
944 2007
944 1357
944 2593
2007 2858
2007 1093
1425 3224
1425 1217
1425 3616
3224 2077
3224 640
78 3232
78 604
78 1334
78 1640
3232 1452
3232 67
3232 2310
662 3905
662 1725
662 1705
662 2244
3905 1060
3905 1086
2698 3478
2698 3870
2698 1192
2698 3112
3478 2676
3478 2063
3478 3098
239 1315
239 472
239 1792
239 183
1315 976
1315 11
1315 3659
1021 2945
1021 2442
1021 1461
389 820
389 1589
389 1283
820 375
820 927
820 1707
3961 2100
3961 701
1467 2455
1467 3235
1467 3431
1467 506
2455 1197
2455 789
2455 1395
147 2258
147 1988
147 2707
147 171
2258 2560
2258 3272
2258 2153
3578 711
3578 1793
3578 258
927 1477
927 2267
1477 75
1477 3202
1630 1811
1630 677
1630 578
1630 3547
1811 1100
1811 3386
1811 2428
1274 1582
1274 1351
2232 2080
2232 2837
2232 2955
2350 3185
2350 864
3185 2529
3185 2176
3185 2632
761 2206
761 1654
761 2127
761 3076
2206 2308
2206 1590
551 2074
551 1999
551 599
551 2973
2074 3672
2074 2994
2074 3286
1545 3592
1545 2495
1545 3814
1545 3404
3592 2845
3592 435
1394 3278
1394 3257
1394 2831
1394 1869
3278 2734
3278 3704
3278 2022
2980 3012
2980 3522
2980 1819
3012 3654
3012 2016
3741 2983
3741 2327
3741 2603
2251 3036
2251 1316
2251 1372
2251 366
3036 3808
3036 2869
3036 42
2849 2962
2849 2912
2849 3525
2849 2838
2962 2393
2962 3490
2962 1830
3934 2646
3934 3476
3934 567
2344 2758
2344 3297
2344 923
2344 2502
2758 1693
2758 733
2758 73
698 3629
698 3287
698 1506
3629 848
3629 1694
1935 3607
1935 1984
1935 292
1935 1439
3607 923
3607 2907
3607 3474
1692 2652
1692 1008
1692 859
2652 3871
2652 3863
2652 122
1905 1951
1905 3681
1905 2367
1951 3233
1951 1340
1951 3383
909 2947
909 2967
909 170
2447 3979
2447 2059
3979 1606
3979 630
3979 920
2086 2937
2086 2831
2086 2231
2937 128
2937 1180
2937 3825
1448 2280
1448 1246
1448 681
1448 1713
2280 422
2280 2400
2280 387
9 2705
9 1183
9 3266
9 1610
2705 2548
2705 133
2705 1989
3628 3838
3628 1803
3628 2564
3838 3003
3838 936
3838 1831
2558 2819
2558 1336
2558 3057
1218 2266
1218 2117
1389 2711
1389 3069
1389 111
1389 3557
2711 3287
2711 684
1988 3483
1988 636
312 3289
312 2797
312 633
312 3811
3289 3957
3289 3579
3289 1690
490 704
490 3609
2205 1618
2205 3033
548 2328
548 290
548 2963
548 294
2328 914
2328 2835
2328 3424
1183 422
1183 103
1183 2762
3064 3305
3064 14
3064 294
3305 1349
3305 2693
3305 2581
1047 1758
1047 1064
1047 881
1047 198
1758 1515
1758 3428
1758 2784
915 462
915 2960
915 3775
2122 2311
2122 2165
2122 1969
2122 1514
2311 3377
2311 443
2505 3733
2505 2885
2505 1501
3733 1238
3733 617
3733 428
694 417
694 3584
694 2392
1227 1686
1227 1763
1227 3932
1227 692
1686 2779
1686 505
1686 974
80 1423
80 2545
80 1712
80 1856
1423 3784
1423 2414
1423 3811
2430 2649
2430 66
2430 116
2430 250
2649 3656
2649 3281
2649 360
569 2793
569 992
569 28
2793 3512
2793 839
2627 2787
2627 754
2787 543
2787 3260
2787 3765
422 140
422 3778
1121 3874
1121 2695
1121 3348
1121 1033
3874 3039
3874 3883
3874 2124
2820 3805
2820 2358
2820 1643
3805 940
3805 3563
3805 3330
2500 3078
2500 3018
2500 2579
2500 1336
3078 2590
3078 3813
1938 3827
1938 2456
1938 187
758 3985
758 2565
758 1331
758 1991
3985 1714
3985 2929
3985 1694
552 587
552 2832
552 720
552 52
587 1432
587 3641
587 2621
1472 3416
1472 2117
1472 3609
1472 2044
3416 886
3416 1971
606 2742
606 1759
606 1886
606 1255
2742 2330
2742 3272
2742 1455
144 1049
144 57
144 2298
144 114
1049 2123
1049 3763
1049 1043
1051 2804
1051 20
1051 847
1051 3313
2804 2417
2804 643
2804 1530
88 2738
88 2036
2738 295
2738 3466
1985 2678
1985 3071
1985 3074
1985 1764
2678 2040
2678 3180
2678 2763
827 2452
827 1975
827 1629
827 2327
2452 2639
2452 415
2452 2920
2000 2825
2000 3174
2000 1122
2825 59
2825 3906
2825 650
951 1635
951 183
951 2694
1635 1133
1635 1573
1635 738
2001 3308
2001 2745
2001 2961
2001 1797
3308 1680
3308 1977
3308 1065
344 2507
344 2484
344 618
344 586
2507 1446
2507 3522
1615 2565
1615 545
1615 2349
1615 3860
2565 2264
2565 3485
468 529
468 2530
468 3448
468 123
529 3059
529 3255
529 2771
2018 3045
2018 2506
2018 3417
2018 1259
3045 780
3045 3633
3045 1249
605 2075
605 3254
605 3181
2097 2298
2097 3077
2097 3110
2097 503
2298 2855
2298 3577
35 908
35 598
35 1648
908 2625
908 1118
1034 1706
1034 3175
1034 3790
1034 3988
1706 2547
1706 3454
1092 3272
1092 1298
1092 2706
1092 1351
3272 3910
236 1575
236 1043
236 2845
1575 1158
3722 1961
3722 3503
3722 1202
2234 784
2234 1713
1136 3820
1136 2343
1136 2700
2121 3007
2121 3863
2121 1845
3007 2568
3007 285
3007 3397
942 2953
942 3523
942 1676
2953 290
2953 2421
2953 3257
674 763
674 3330
674 2593
763 881
763 2123
763 3665
2243 2645
2243 3214
2243 1683
808 2798
808 549
808 826
945 1600
945 3634
1600 1158
1063 2968
1063 3041
2968 1911
2968 617
1422 2310
1422 634
1422 3354
2310 3090
1228 3580
1228 3127
1228 2525
3580 1539
3580 1359
3580 1451
1726 3399
1726 3290
1726 1439
1726 3516
3399 1830
3399 1254
2075 1088
2075 2106
2691 766
2691 3066
2691 3196
321 3528
321 2490
321 3585
3528 1655
3528 856
3528 876
2476 3068
2476 611
2476 3186
2476 3116
3068 2693
3068 3596
406 1663
406 397
406 968
1663 1698
1663 3825
1663 3996
2934 1824
2934 172
2934 1481
2237 2832
2237 3684
2237 829
2832 2525
2832 1201
2088 3032
2088 1148
2088 2618
3032 628
3032 3872
3032 1170
131 3380
131 3977
131 3489
3380 3452
3380 980
2470 2750
2470 3144
2470 3626
2750 3225
2750 3281
2750 2278
1604 781
1604 2951
130 2477
130 708
130 152
130 2593
2477 1554
2477 3495
2477 2929
1797 132
499 3819
499 3042
499 593
499 2107
3819 1947
3819 3402
3819 1524
623 1265
623 3942
623 1724
623 365
1265 3895
1265 1702
1265 245
1210 2199
1210 94
1210 230
2199 1117
2199 2124
2199 2127
1256 2633
1256 1225
1256 91
2633 1156
2633 2465
3666 3200
3666 3836
3666 2973
1900 3778
1900 378
1900 2518
3778 772
3778 3291
685 2616
685 1588
685 1781
2616 2331
2616 466
302 1272
302 1128
302 3458
302 3472
1272 2641
1272 3402
1272 1129
2677 338
2677 2013
2677 2426
964 1881
964 2706
964 1561
964 1369
1881 2212
1881 3549
1881 153
932 2367
932 328
932 1044
2367 3884
982 1709
982 590
982 873
982 153
1709 2538
1709 1538
1709 2865
216 1084
216 2946
216 1564
216 2438
1084 826
1084 3323
1084 1898
846 2660
846 2241
846 313
2660 3406
616 1597
616 3622
616 3734
616 1735
1597 363
1597 2068
1597 2995
363 1307
363 3829
1138 1251
1138 737
1138 723
166 3845
166 3492
166 1674
166 655
3845 1014
3845 1082
2286 3963
2286 3340
892 2385
892 795
892 2969
2385 102
2385 3442
1633 2969
1633 2136
1633 2024
1633 750
2969 1401
2969 3996
1104 1441
1104 3792
1104 1198
1441 918
1441 1762
1441 1551
675 1774
675 756
675 741
675 346
1774 619
1774 1576
1774 474
1054 2810
1054 2792
1054 1134
2810 935
2810 3002
2810 3835
2592 3392
2592 1841
2592 225
2592 2354
3392 3113
3392 2487
2688 2348
2688 3021
2688 2246
11 2554
11 3168
11 1582
2554 1504
2554 2773
2554 1548
3452 3740
3452 2425
3452 3219
2718 3967
2718 3964
2718 2512
2718 3510
3967 7
3967 164
3967 1654
2679 3457
2679 1876
2679 539
2679 2684
3457 607
3457 1963
3457 871
3999 2112
1297 3400
1297 1059
1297 2657
1297 3800
3400 1818
3400 2307
3400 3585
494 1329
494 1563
494 2607
771 1677
771 3611
771 385
771 345
1677 2217
1677 2427
1677 2603
1217 3673
1217 2261
2710 3886
2710 2454
2710 1384
2710 1611
3886 2687
3886 2675
3886 340
2123 3648
2123 823
3648 1437
3648 1994
3648 3455
286 311
286 2979
286 3364
2216 2362
2216 1296
2216 3117
2216 2349
2362 2548
2362 3635
2967 3897
2967 1271
2967 3549
3897 3016
3897 3042
3897 700
272 3856
272 2570
2103 3251
2103 1645
2103 2819
2103 3187
3251 1702
3251 1968
3251 481
384 1805
384 1271
384 957
1805 49
1805 3103
1805 2002
404 704
404 2560
404 2091
404 1480
704 2338
704 2005
2646 1276
2646 73
1454 1759
1454 3149
1454 2744
1759 341
1759 867
292 3785
292 2888
292 3340
3785 2643
3785 1550
3785 3097
245 1847
245 3641
245 2721
1847 2508
1847 2891
1373 1674
1373 2900
2533 3763
2533 1550
2533 351
3763 1383
1658 1861
1658 1263
1658 3790
1658 3669
1861 3299
1861 152
1861 562
2784 3394
2784 1294
2784 3768
3394 886
3394 1509
3394 385
3634 1006
3634 3344
3634 67
881 1724
1724 2461
1724 381
2416 3155
2416 442
2416 123
238 3202
238 61
238 1723
238 3108
3202 3364
503 3550
503 884
503 3782
3550 2254
3550 997
3550 3940
491 546
491 1024
491 289
491 3463
546 2582
3774 3194
3774 3313
3774 1165
1912 2938
1912 1804
1912 1278
1912 646
2938 3242
2938 1455
2938 625
1445 2816
1445 1708
1445 2963
2816 1579
2816 49
2816 2113
331 3366
331 872
331 3276
331 382
3366 3491
3366 2138
3366 1556
716 1064
716 2921
716 528
716 2521
1064 625
1064 885
1657 3582
1657 3152
1657 3333
1657 2156
3582 3371
3582 1312
3582 1253
1501 1641
1501 773
1501 1769
1641 1188
1641 3955
1641 1169
104 3456
104 713
104 1838
104 2682
3456 640
3456 2762
1532 3222
1532 2147
1532 2426
1532 1654
3222 3264
3222 2911
3222 1411
1845 3384
1845 127
3384 722
3384 3249
2981 2504
2981 923
2981 1714
1975 2066
1975 1727
1975 3803
94 858
94 231
94 1195
858 3325
858 1440
858 1383
311 1374
311 1318
1374 1787
1374 393
1374 943
717 3697
717 3449
717 2320
162 3422
162 2583
162 2902
162 466
3422 1002
3422 695
3765 2920
3765 3124
342 388
342 2921
342 1099
342 1296
388 6
388 3935
388 3693
337 3651
337 1561
337 2204
337 3753
3651 1055
3651 1568
2489 2664
2489 889
2664 2481
2664 2479
2664 681
2378 3868
2378 2581
2378 1236
2378 2833
3868 2796
3868 2609
172 2287
172 473
172 3538
2287 510
2287 2137
1494 1234
1494 3973
3577 3686
3577 1085
3577 54
3686 3847
3686 3134
3686 1168
1326 1421
1326 670
1421 3448
1421 1029
1421 1566
268 785
268 3081
268 895
268 1372
785 2147
785 259
785 3524
34 1475
34 829
34 2023
34 3472
1475 1993
1475 2081
1475 2342
115 3860
115 1688
115 353
3860 3055
3860 1855
3025 3172
3025 208
3025 2889
3025 2017
3172 3644
3172 3841
1603 3685
1603 1800
1603 1232
3685 3642
3685 650
604 2724
604 2970
284 1823
284 1236
284 3160
284 3087
1823 2077
1823 1770
1823 30
637 2271
637 224
637 1723
637 3225
2271 3960
2271 547
2271 2317
1949 2474
1949 2094
1949 1865
1949 1361
2474 3878
2474 3063
1107 3727
1107 2461
1107 486
1107 3086
3727 583
3727 1698
482 1395
482 1743
482 215
2695 2240
2695 2769
2695 3638
3330 2025
1433 3483
1433 2818
1433 2815
3093 3357
3093 3836
3093 2926
3093 1455
3357 3858
3357 2196
3357 1874
1148 3375
1148 673
1148 1831
3375 1536
3375 2602
3375 3076
2420 2567
2420 3266
2420 3454
2420 3669
2567 170
2567 3262
2567 734
370 3292
370 3957
370 3952
370 843
3292 790
3292 2113
3292 1659
3059 3959
3059 483
3059 2888
3959 1987
3959 3969
3959 1646
725 1042
725 528
437 1146
437 3061
437 3659
1146 489
1146 2631
1146 3353
2830 526
2830 1212
2830 1144
3371 3869
3371 708
3371 526
3869 3425
3869 2335
3869 2889
838 357
838 3047
838 638
135 3935
135 420
135 1490
135 2481
3935 2733
3935 243
2486 579
2486 3288
2486 1902
1471 1578
1471 1954
1471 3701
1471 3833
1578 3331
1578 3522
1578 2225
834 2249
834 3672
834 1096
834 3197
2249 2244
2249 796
2249 3201
1777 2375
1777 2140
1777 2173
1777 425
2375 3972
2375 918
2375 2522
1264 2901
1264 2116
1264 2783
1264 3221
2901 3823
2901 1444
2901 3486
3669 3850
3850 1173
3850 1904
3850 2566
2405 3261
2405 897
2405 2266
2405 3626
3261 2881
3261 3120
3261 639
1645 3413
1645 452
1645 2202
3413 1757
3413 1493
3413 1880
2544 3312
2544 2313
2544 2728
2544 1356
3312 1322
3312 3089
3312 779
381 3111
381 732
3111 3148
3111 2128
3111 129
2451 3740
2451 598
2451 2852
2451 3356
3740 1661
3740 3326
2613 3336
2613 3291
2613 1791
2613 3056
3336 1767
3336 3347
1014 3995
1014 2828
1014 2974
772 1517
772 1526
772 1904
1517 501
1517 3653
1517 3210
1330 3511
1330 3904
1330 2914
1330 3956
3511 3919
3511 1030
42 2597
42 382
2597 1327
2597 3972
2597 1449
582 2408
582 2841
2827 3576
2827 1162
2827 3207
3576 2382
3576 1288
3576 2717
2348 863
2348 2276
754 1583
754 1209
1583 1192
1583 2833
578 2741
578 3265
2741 520
2741 901
1342 1530
1342 1602
786 3182
786 248
786 1212
483 3982
483 376
1221 55
1221 3668
1221 1431
3656 1728
3656 970
3656 1581
22 3264
22 2170
22 3388
3264 610
3264 1511
310 864
310 613
310 961
864 668
864 998
1188 2211
1188 265
1188 3789
544 3832
544 2902
544 1522
3832 3104
3832 1321
3832 1768
2275 2974
2275 2583
2275 50
2275 3428
2974 3306
2974 2015
1510 1652
1510 2129
1510 3178
1652 668
1652 43
1652 1450
2450 3154
2450 1261
2450 1427
2450 3612
3154 3675
3154 183
3154 1370
3173 2332
3173 2096
3173 327
3299 171
3299 31
3299 672
718 1669
718 3946
718 460
3530 1514
3530 2043
3530 2622
2266 3318
2266 1660
3318 2265
3318 990
3318 703
2534 3220
2534 2661
2534 1090
2534 2029
3220 308
3220 2146
3220 861
426 3534
426 3655
426 285
426 449
3534 3654
3534 1718
3534 633
184 1965
184 1511
184 2035
1965 2527
1965 3702
1965 933
1175 1839
1175 2896
1175 3949
1175 3316
1839 1143
1839 755
1839 2094
695 2337
695 108
695 189
2337 2963
2337 3008
2337 1589
1160 3548
1160 1921
1160 309
1160 3849
3548 2781
3548 1891
372 2618
372 2349
372 1130
372 3646
2618 1646
2618 679
3113 3808
3113 3598
3808 3508
3808 3724
1538 2109
1538 2824
1538 840
2109 1732
2109 3581
984 2223
984 3102
984 1144
2223 2878
2223 633
2223 921
743 3690
743 3855
743 905
743 3828
3690 87
3690 1795
1017 3892
1017 1167
1017 719
1017 2907
3892 2773
3892 3563
3892 759
1050 1318
1050 3899
1050 1490
1050 3590
1318 3122
1318 559
1608 3799
1608 2335
599 1779
599 2051
599 676
1779 2038
1779 3965
1779 750
1060 3923
1060 3194
3923 809
3923 890
3923 1911
1365 3804
1365 607
1365 2478
3804 3972
3804 1848
3804 3440
1754 3709
1754 2209
1754 1012
1754 237
3709 1276
3709 3223
678 970
678 3735
678 2423
970 1504
970 2780
1932 3123
1932 3977
1932 3207
3123 346
3123 1990
1381 1689
1381 2527
1381 907
1689 2928
1689 884
847 1053
847 3041
1053 3062
1053 1012
1053 1989
1674 1666
1674 1046
1155 1643
1155 2207
1155 2647
1643 760
1643 1623
127 3956
127 1717
127 2563
3956 2770
965 2561
965 3818
965 2135
3018 2016
3018 160
3018 3887
201 2671
201 351
201 1736
201 3502
2671 169
2671 2775
1324 3853
1324 425
1324 3472
1324 118
3853 3649
3853 3981
954 3127
954 968
954 3931
954 2925
3127 907
231 3047
3047 234
3047 3590
2928 1090
2928 3145
641 2767
641 971
641 585
2767 3297
2767 2360
2767 60
793 3672
793 1536
2441 3244
2441 392
2441 1991
2313 2514
2514 2860
2514 3050
2514 1681
2392 561
3429 3449
3429 724
3429 3193
3449 3907
3449 226
14 1173
14 1837
14 280
1173 2204
1173 1244
397 1331
397 278
397 3335
1331 353
1331 327
2796 3882
2796 2584
2796 3074
3882 741
1489 3077
1489 3788
1489 3907
1489 1586
3077 3719
3077 1018
1876 2413
1876 589
181 3412
181 822
181 1664
181 1117
3412 2211
925 1789
925 1747
925 2089
925 3409
1789 2690
1789 243
1789 2799
568 2731
568 1298
568 2747
2824 3347
2824 2269
2824 3425
358 1888
358 2131
358 3731
358 3522
1888 851
1888 3748
1888 1338
3307 3319
3307 2960
3307 3574
3319 1808
3319 3775
3319 3410
2307 3110
2307 1500
2307 2556
3110 810
767 3481
767 304
767 1161
767 3475
3481 2650
3481 1314
1124 1162
1124 628
1124 3048
1124 2681
1162 2580
1162 907
664 1000
664 1106
664 1669
664 3917
1000 2954
1000 3433
1087 3314
1087 835
1087 3777
3314 1928
3314 3169
2641 194
2641 2840
2641 2541
1523 3303
1523 995
1523 2943
1523 3715
3303 2723
3303 3433
3303 584
1391 1660
1391 2294
1391 2600
1391 1447
1660 1402
1660 1486
168 3186
168 1258
168 3957
3186 1061
3186 1803
1676 2419
1676 798
1676 3298
2419 2979
2419 1211
2419 3479
2181 3761
2181 1465
1666 2361
1666 260
2361 693
2361 1101
2361 17
2073 3228
2073 1547
2073 1560
2073 3270
3228 963
3228 1772
3228 2152
1913 2090
1913 1551
2090 3275
2090 303
3359 3825
3359 3286
3359 3623
3359 1644
3825 2011
451 1732
451 2715
451 156
451 3691
378 753
378 29
378 2874
3181 3552
3181 3992
3181 3756
3552 1377
3552 3693
3552 584
1971 2600
1971 649
1971 1382
2600 1828
2600 2300
3306 1725
3306 2915
2609 3688
2609 2949
2609 3091
3688 2744
3688 2300
1329 3512
1329 2712
2383 1541
2383 126
2383 657
1699 1734
1699 133
1699 3090
1699 3302
1734 3816
1734 2729
594 244
594 1387
594 2293
2586 3856
2586 3033
2586 2025
2586 1201
3856 3341
840 3067
840 535
840 1800
3067 3725
3067 1126
1769 2373
1769 3310
1769 1707
2373 2211
1702 1528
1702 3776
2923 3633
2923 3807
2923 2874
2923 293
3633 2867
1335 3075
1335 649
1335 2491
1335 207
3075 3311
3075 1180
3075 2727
341 479
341 7
341 504
479 3325
479 102
479 2108
3957 120
352 1244
352 3288
352 3041
352 777
1244 933
1244 3046
1046 1340
1046 3430
1340 1409
1340 3824
87 336
87 47
87 1535
2347 3088
2347 3773
2347 1560
2423 1659
2423 1487
1464 1940
1464 2993
1464 619
1464 2625
1940 211
1940 3097
1940 414
1234 2668
1234 2783
1987 3244
1987 819
1987 2731
3244 1312
3244 3199
2809 3519
2809 573
2809 2541
2809 2942
3519 2883
3519 2038
1619 3029
1619 3157
2418 2421
2418 3543
2418 2149
2418 2749
2421 832
465 164
465 1613
1095 3968
1095 1862
1095 205
1095 1001
3968 1139
3968 2106
3968 1592
2244 2997
146 1285
146 2174
146 1077
146 3362
1285 1003
1285 1434
1285 1562
2221 3151
2221 1186
2221 1601
2221 2134
3151 1651
3151 693
1731 3924
1731 990
1731 2682
3924 3378
3924 1945
3924 2954
798 2577
798 213
1844 3164
1844 941
1844 3099
2482 3945
2482 2715
2482 66
2482 2247
3945 860
3945 3704
3945 3270
163 218
163 1075
163 1691
163 2940
218 1821
218 3925
807 1693
807 1349
807 1920
1693 2384
1693 443
726 1815
726 3639
726 3420
726 2235
1815 2060
1815 2965
3426 2772
3426 443
3426 3323
3121 3875
3875 15
3875 1870
2888 316
290 429
290 1708
429 460
333 2717
333 1922
333 2890
333 3495
2717 3021
2717 1747
883 2346
883 253
883 1333
883 1531
2346 1332
2346 1201
2346 2869
2602 3574
2602 2865
2602 3556
3574 2668
1128 3812
1128 1143
1128 110
2349 1592
2023 3681
2023 90
2023 2198
3681 2699
2359 3906
2359 3247
2359 784
3906 1206
3906 652
217 2093
217 2176
217 1027
217 297
2093 3338
2093 3792
2093 3859
118 1956
118 3437
118 46
1956 335
1956 153
1956 2997
3311 3943
3311 3834
3311 2436
3943 1560
3943 1241
3943 826
560 1549
560 3028
560 2026
560 3349
1549 1110
1549 393
1549 222
1546 1625
1546 2399
1625 1371
1625 3531
1625 1135
1762 3459
1762 3944
1762 447
3459 307
3459 1369
3459 2292
1618 3891
1618 2850
1618 878
3891 3866
3891 3613
3891 3872
177 1168
177 3673
177 433
177 1959
1168 2434
1168 246
2200 3501
2200 3015
2200 160
2614 2958
2614 1897
2614 686
2614 3493
2958 2002
2958 2032
2958 926
3964 2708
3964 2256
3964 2495
3158 3687
3158 802
3158 561
3158 2326
3687 2684
3687 642
3687 1193
2469 2805
2469 2736
2469 697
2805 2233
2805 656
2805 3165
1644 1304
759 1792
759 1834
759 3745
1792 3986
1792 1514
1357 3240
1357 2658
2506 81
2506 1299
2506 1892
3491 2946
3491 19
3491 2081
1186 1742
1186 1799
1186 2818
2059 1787
2059 215
2059 690
402 3266
402 459
402 3503
275 757
275 1379
275 2659
1541 3553
1541 3002
1541 1497
780 3984
780 824
780 3676
3984 2268
3984 3791
3984 1647
1 523
1 3966
1 787
1 2819
523 1574
523 2288
523 2978
2338 2845
2338 1595
1753 2045
1753 3134
1753 670
2045 2680
2045 2083
3157 3644
2676 3515
2676 2034
2676 1616
745 1058
745 2479
745 1378
745 3966
1058 2532
1058 1825
1058 24
2959 3742
2959 2839
2959 2948
2959 3630
3742 902
3742 2246
167 3443
167 1178
167 432
167 1536
3443 3118
3443 1725
3443 1687
1664 3870
1664 299
2467 3389
2467 1933
2467 423
3389 1042
3389 297
3389 3373
1119 1653
1119 1306
1119 1629
1119 1775
1653 3535
1653 1634
1653 3424
3862 1360
3862 2464
3862 1081
1740 2056
1740 151
1740 572
1740 366
2056 2174
2056 2836
1419 2929
1419 1288
1419 2050
1419 2382
2929 1083
2771 3987
2771 713
2771 3632
3987 849
3987 1831
3987 1915
781 1312
781 3952
781 270
2229 2615
2229 3328
2615 3219
2615 3287
1332 3246
3760 18
3760 507
3760 666
770 2863
770 861
770 2977
770 3915
2863 1705
2863 2950
2863 1372
1511 3194
1511 1783
152 3476
152 930
1820 3107
1820 108
1820 126
55 3912
55 2782
3912 1176
3912 119
526 3951
526 819
3951 3616
3951 3275
3951 2589
1613 3614
1613 3022
1108 2639
1108 2886
1108 1656
1108 2890
2639 989
1459 3844
1459 586
1459 3219
3338 3520
3338 3382
3338 3122
2456 3391
2456 935
2456 2184
3391 2209
3391 2003
3391 2015
1659 1695
1659 2858
444 868
444 2176
868 3029
868 2933
868 3932
1115 1537
1115 121
1115 1920
1115 612
1537 3145
1537 2713
348 456
348 1889
348 3262
348 349
456 818
456 610
456 154
811 992
811 1279
811 161
811 2792
992 3460
992 1806
3431 978
3431 2259
1199 3450
1199 2721
1199 2277
1199 3946
3450 2550
3450 3479
3450 1129
3088 399
74 3620
74 338
74 2799
74 377
3620 247
3620 3638
63 839
63 2398
63 1407
1678 3532
1678 3049
1678 555
1678 714
3532 3767
3532 1672
2663 620
2663 2861
2510 3695
2510 2699
2510 308
2510 1468
3695 1093
3695 3807
3695 1261
1211 2424
1211 1019
2136 3060
2136 1513
2136 2336
3060 3408
3060 750
853 3411
853 991
853 2853
853 3858
3411 2442
3411 2693
3411 2580
1185 3787
1185 2141
1185 3050
829 3525
829 3270
247 511
247 1080
2593 1514
6 3190
6 3341
6 2995
3190 2372
3190 2128
3190 282
2008 3692
2008 3515
2008 955
3692 2546
888 1045
888 3735
888 1412
1045 1012
1045 3053
1045 3267
865 966
865 3448
2579 1123
2579 38
2579 1292
3258 3769
3258 1395
3258 254
722 3497
722 1462
1239 2273
1239 3786
2273 562
2273 1927
2273 660
1588 2433
1588 819
2399 921
2399 220
2399 714
2106 2208
2106 1347
2208 1008
2208 3531
2442 3453
2442 590
2224 3639
2224 1081
2224 931
2224 1037
3639 2516
3639 1016
831 1336
831 18
831 1972
831 3747
1336 1590
85 1606
85 981
85 2629
1606 2417
564 1637
564 692
564 737
564 3829
1637 3772
1637 305
1637 1776
3958 1616
3958 246
3958 3208
361 806
361 1187
361 464
361 1994
806 1474
806 325
806 3105
1727 2930
1727 3647
1727 2257
2930 591
2930 928
2930 165
439 1963
439 3004
1963 2329
1963 3611
3354 1375
3354 2785
306 2308
306 2644
306 2055
306 1055
2308 681
3168 1073
3168 939
3168 1953
2625 1226
2625 2246
3470 520
3470 229
3470 2236
583 3649
3953 2049
3953 1620
3953 2175
2299 2581
2299 977
2299 600
2299 226
2581 2578
893 1407
893 1161
893 1426
893 2950
1407 39
232 2949
232 3671
232 1508
2949 1737
2949 3766
1016 3434
1016 193
3434 1866
3434 2636
1202 1782
1202 784
1202 2231
1782 1165
1782 1290
1782 1581
2896 3716
2896 1879
2896 1798
562 1466
562 2700
1323 1402
1323 1749
1323 458
1323 3671
1402 3948
2818 1696
3708 2179
3708 277
3708 3107
2201 3247
2201 1198
2201 2250
2201 2524
3247 3385
3247 431
933 3798
3798 3163
3798 3439
3798 1967
1574 2862
1574 1787
1574 2933
2105 2807
2105 734
2807 922
2807 3677
2807 1852
262 3890
262 852
262 977
3890 824
3890 580
3890 228
1609 3758
1609 3425
1609 3654
3758 1594
3758 2598
308 3824
308 3414
413 2475
413 2038
413 1813
2475 3925
2475 2683
2475 669
877 2694
877 3074
877 2257
877 2044
2694 2815
3972 2191
713 3383
713 464
434 1990
434 83
1990 336
2211 1111
28 2843
28 3625
2843 7
2843 1967
663 935
663 3512
663 3852
663 304
935 1760
3071 1506
3071 2606
327 3561
327 1806
3561 3417
3561 3583
3561 830
2049 2645
2049 3745
2049 2770
2645 2808
3403 3806
3403 3296
3403 2479
3806 2851
3806 454
530 1048
530 3423
530 2773
530 884
1048 2545
1048 13
3515 3479
3515 3363
617 2866
617 2374
2866 1852
2866 187
2866 1902
513 971
513 3455
513 2180
513 3624
971 1790
971 3630
900 3613
900 1550
900 2747
900 1385
3613 328
3613 1880
3676 2764
3676 3720
1098 1482
1098 3056
1482 832
1482 2621
1482 3444
1755 1775
1755 1176
1755 1914
1755 844
1775 51
2900 2091
2900 1667
2900 744
2080 1380
3041 2712
2920 3176
2920 1770
3176 3236
3176 3830
3176 1873
3501 2369
3501 3887
3501 455
3155 2993
3155 3347
3155 1011
2532 315
2532 405
2532 3440
3043 2657
1776 3601
1776 1420
1776 805
3601 1442
3601 1798
3601 3698
21 1286
21 3789
486 2570
486 2162
486 2164
2570 940
2570 757
1995 819
1995 41
1995 2798
190 3802
190 673
190 1076
221 995
221 493
221 2409
221 2028
995 2798
3684 1149
3684 2537
3684 2153
542 1691
542 3006
1691 978
3448 739
2759 1039
2759 768
2759 2336
708 2924
708 692
1088 3516
3516 1921
1334 2997
1334 75
1334 108
1176 464
1176 1798
1111 2108
1111 1328
1111 442
2108 3653
2108 3691
2715 2305
601 1780
601 141
601 175
601 2712
1780 208
1780 1317
1780 329
1263 2850
1542 3535
1542 2595
1542 3644
1542 3783
3535 809
3535 1149
1352 3118
1352 2890
1352 3309
1352 3112
3118 3340
3118 2339
1828 3529
1828 3677
1828 3621
3529 2872
3529 2954
3529 1033
3799 2130
3799 95
3799 3370
2147 2964
2147 1483
2964 3764
2964 3748
2964 3817
1616 3539
2038 3170
646 2939
646 768
646 2761
2939 3004
2939 3752
2217 751
2217 2867
2217 1220
2837 3988
2837 2236
2837 3728
3988 3992
3988 2836
1960 2915
1960 2352
1960 1437
2915 943
2915 958
2468 3049
2468 3925
2468 3028
2468 156
3049 3438
3049 2905
1668 2083
1668 3587
652 2368
652 1824
652 2288
2368 3063
2368 3499
2368 3608
3341 2046
3341 2389
1377 2360
1377 2076
1377 1094
2360 382
2360 1521
2490 3936
3030 3694
3030 1720
3030 3731
3030 1745
3694 2188
3694 421
39 2116
39 2852
39 2312
2116 1999
2116 3119
274 3484
274 3674
274 2191
274 1760
3484 83
3484 3835
3484 3796
227 2936
227 2196
227 1483
227 3543
2936 1235
2936 3276
2960 2760
1859 3670
1859 3388
1859 2084
1859 2943
3670 3044
3670 380
3670 2054
128 3361
128 1586
128 1348
258 936
258 585
258 2213
936 3858
936 2488
2542 1479
2542 1371
525 2706
525 1525
525 2425
2706 2125
1068 2556
1068 2970
1068 3562
1068 3114
2556 2545
224 3724
224 2295
224 3632
3455 1178
3455 3962
2294 1556
2294 1918
2294 1132
3437 2303
3437 1194
3437 1059
1003 2665
1003 1166
1003 3055
595 1531
595 1865
595 1584
595 3854
1531 3737
1531 2897
3038 3889
3038 1650
3038 1434
3038 862
3889 1024
3889 3821
3889 3745
1446 2138
1446 3331
1446 2983
2138 905
2138 447
82 2644
82 1526
82 1634
2644 2265
797 2501
797 1809
797 3014
2501 706
2501 3039
2501 454
1824 1325
1824 2870
570 629
570 3900
570 3256
570 267
629 1685
629 478
629 3736
3650 3796
3650 1033
3650 1207
3796 1382
3796 1018
967 2386
967 939
967 3364
2386 3566
2386 2035
2386 2079
2635 3645
2635 1479
2635 910
2635 1739
3645 141
3645 117
3645 875
800 1010
800 192
800 1858
800 1737
1010 3772
1010 3482
1010 3122
3949 1341
3949 1498
3949 1547
3378 1413
3300 1415
3300 553
1415 3195
1415 949
3195 1766
1073 2716
1073 1553
1073 2072
195 3538
195 906
195 2881
195 986
3538 287
3538 186
802 3471
802 1453
802 2786
2162 2950
2162 3933
2162 796
3737 2909
3737 2159
3737 2606
1187 1004
1187 114
3792 2220
3792 285
2797 2575
2797 112
2797 3717
1039 1897
1039 1952
1039 2907
1897 1800
1897 123
2060 1992
2060 1159
706 538
706 1875
949 977
949 1380
3508 2437
3508 1830
3858 1836
2435 2861
2435 3028
2435 62
2861 2065
2861 2702
2306 2562
2306 537
2306 2519
2562 386
2562 3841
2562 3062
848 1497
848 1270
848 305
1497 3376
1497 1649
2983 495
2983 3637
2025 3726
2341 76
2341 3267
693 210
624 1898
624 655
624 2076
624 1509
1898 243
1898 2841
2369 1684
2369 891
2369 2619
1818 517
1818 961
3588 225
3588 1080
1280 2170
1280 2174
1280 415
2170 2604
2170 3994
2268 1957
2268 928
2268 362
639 1647
639 1601
639 589
1647 3447
1035 2240
1035 1927
1035 2372
1035 3618
2240 1370
2240 2844
1914 1498
567 1959
567 3679
1959 783
1959 2009
1165 1808
449 2847
449 3572
2847 3590
2847 2720
2847 1309
1042 3471
1042 1948
3081 3218
3081 2478
2527 3161
2527 1193
1181 1261
1181 3780
1181 3974
3675 511
3675 1116
3675 1465
3863 2449
3863 1005
1827 3657
1827 2027
1827 2548
3657 3297
3657 1278
1339 2143
1339 3717
1339 3751
1339 1209
2143 2872
2143 1112
2143 985
329 3622
329 3978
3622 1716
586 1278
586 3344
1278 2393
3786 2728
3786 1291
3786 1303
296 2380
296 2631
296 1695
296 64
2380 1231
2380 281
2380 1817
3288 3843
3288 3163
3417 1174
607 3849
2253 3468
2253 3654
2253 1547
2253 2990
3468 3016
3468 2933
930 3206
930 1735
930 734
3206 1761
3206 2403
1848 3109
1848 2752
1848 691
3109 3265
3109 3898
3109 2838
1458 1992
1458 1284
1458 1140
1992 2985
1992 3940
2374 1041
2374 3439
278 2283
278 2191
1012 254
1857 3162
1857 3855
1857 666
3162 3947
3162 2209
3162 3234
1661 2388
512 1585
512 1287
512 3880
512 1266
1585 1721
1585 2292
1585 1766
647 1521
647 396
647 1249
647 1344
1521 1241
1521 3729
2543 3017
2543 1717
2543 3880
2543 1410
3017 2794
3017 3510
3017 3773
1596 26
1596 3579
1598 3698
1598 122
1598 2167
1598 353
3698 3317
3698 805
373 946
373 958
373 2161
373 3938
946 1322
946 3494
946 1245
3820 2289
3820 1648
3820 3752
228 3783
228 2126
228 3830
3783 1786
3783 835
59 2235
59 3080
2235 1030
2235 1685
3992 3544
3992 2128
401 2187
401 3872
401 1804
401 2183
2187 588
2187 3080
2187 1404
307 3301
307 2621
3301 3876
3301 830
3301 1626
3827 1496
962 3884
962 1140
962 390
962 3521
3884 2584
101 3488
101 882
101 2413
101 3282
3488 380
3488 3073
369 644
369 1156
369 2538
644 3221
644 1476
644 3390
684 1077
684 270
684 515
1077 1020
1077 966
575 2141
575 1986
1473 1829
1473 1406
1473 721
1473 237
1829 2571
1829 3052
1943 1996
1943 1462
1943 912
1943 904
1996 2022
1996 196
1770 3496
1770 1277
3496 487
2127 3894
2127 137
3894 2220
3894 3507
3894 178
3119 70
755 3433
755 2659
3433 2446
287 1359
287 3280
287 3188
1969 1639
1969 1675
3164 3458
3164 628
3164 973
3458 1321
3458 2172
1474 3435
1474 842
1474 2913
1004 235
1004 833
2254 2051
2254 3279
973 1476
973 362
973 2578
1476 2885
1476 394
649 2763
649 3238
712 1005
712 3376
712 3188
1005 89
1005 2555
1718 3812
1718 906
2583 3189
2583 956
3672 3558
1461 2684
1589 581
1589 2503
506 2388
506 2443
506 794
2388 56
2388 1950
1296 3893
1296 670
2233 1375
2233 3175
2233 3572
194 2924
194 2132
1401 3198
1401 214
3198 223
3198 545
1903 3814
1903 2713
76 1860
76 1690
1860 283
1860 1908
454 610
610 668
2220 677
2220 814
790 165
790 3725
301 1237
301 3811
301 739
1237 3751
1237 1896
1237 3115
3348 918
3348 103
3348 1022
2745 3543
2745 2069
2745 1793
3543 1094
3871 1449
3871 1559
1535 3373
3373 2053
3373 3973
655 1134
655 2114
2550 3393
2550 1363
2550 2559
3393 1573
3393 1424
3393 3152
1697 2464
1697 2219
1697 1347
1697 2429
2464 2303
2464 1101
2684 2991
632 862
632 282
632 2091
632 1404
862 70
862 3524
1479 2458
3156 3802
3156 3408
3156 1856
3156 32
3802 2675
3802 1738
1320 2445
1320 822
1320 1172
2445 387
2445 2924
2445 2048
2398 3665
171 1170
171 3120
3724 1842
2107 3652
2107 2247
3652 2281
3652 690
3652 3425
3895 1688
3895 276
3895 505
120 3408
120 473
120 1610
1508 3485
1508 1672
1508 956
3485 2612
3485 435
371 1788
371 514
371 969
1788 3461
1788 359
1788 2637
1245 2782
1245 2410
1245 2724
2782 1970
603 3129
603 340
603 3112
603 1567
3129 1354
3129 2926
2040 1226
2040 3410
1790 260
1790 812
3028 1302
3839 1534
3839 720
3839 1133
1091 3130
1091 1158
1091 1313
3130 1809
3955 3286
3955 1435
3955 1750
773 3881
773 1908
1325 25
1325 2591
2781 1799
2781 3736
2781 1581
1685 3316
1685 1763
3316 3752
1714 2104
1714 2296
2104 1023
2104 1470
1198 3569
810 1163
810 1955
810 2989
1968 3196
1968 1882
1968 656
3196 2634
3196 714
1327 182
1327 3382
2176 1037
357 2394
357 3710
357 1346
3725 400
3725 3821
349 738
349 3734
349 1480
738 2868
738 1203
2659 3803
2659 461
681 2448
362 3223
362 3570
3223 801
3223 577
2560 1866
2560 1906
886 119
886 1141
2222 2975
2222 29
2222 3762
2222 3873
2975 782
2975 1170
2975 339
976 2084
976 1767
976 3812
1825 3405
1825 1503
1825 1378
1557 3401
1557 2862
1557 3442
1557 769
3401 2256
3401 2862
207 2994
207 2316
2994 2305
2994 83
1385 2226
1385 2429
1385 2021
2226 29
1353 2164
1353 1154
1353 2699
2164 3236
2164 3766
1383 215
1284 3363
1055 1733
1055 696
1733 3003
1733 409
978 3624
978 1069
3512 3847
156 318
156 3215
318 3587
318 2903
318 1404
511 3023
511 1684
2595 657
795 894
102 1101
102 1006
1101 3605
2070 3368
2070 1812
2070 17
2070 2257
3368 229
3368 1417
2066 423
2066 1468
2066 446
1554 535
1554 1739
1554 1321
461 1826
461 2022
461 3920
1826 1837
1826 1504
98 2044
98 2794
98 191
98 3937
2044 1215
700 897
700 1896
700 3555
897 2132
897 3547
458 2752
458 2334
458 690
2752 3209
2752 3701
2870 3033
2870 3280
3033 3445
3273 3662
3273 206
3273 425
3273 3608
3662 934
3662 2145
3662 2692
387 3784
387 3182
170 890
170 2212
1298 2084
1298 1813
1302 3546
1302 2637
1302 3215
3546 234
3546 1378
3546 1094
871 3237
871 1502
871 715
3237 379
3237 1449
3237 2005
555 1528
555 2157
1528 869
1528 3344
1717 1572
3402 3144
3402 621
1215 2891
1215 154
1215 3179
1406 2175
1406 2734
174 778
174 3387
174 1056
778 3435
778 3584
778 242
1526 3241
1526 1293
885 2050
885 3145
2050 1393
2050 2017
3442 2572
472 3309
472 2859
3309 1149
3309 2159
581 2518
581 2433
581 1182
1036 3907
1036 2622
1036 1626
3907 1849
3812 1209
2342 3271
2342 335
2342 374
3271 57
3271 3828
3271 2683
2707 1883
2887 3117
2887 134
2887 1704
2887 1255
3117 433
3117 2925
1287 3994
1287 1255
1896 1690
3641 3876
3641 3226
441 2320
441 2409
441 3210
441 2396
2320 3909
2320 666
2491 3970
2491 425
3970 452
3970 3420
1711 2736
1711 209
1711 3296
1711 3140
2736 19
2736 765
3235 501
3235 489
3235 1029
787 1498
787 2834
787 2046
1498 2503
2327 981
2327 1761
2693 1973
1561 3661
1561 1061
1736 2906
1736 1567
2906 1593
2906 3342
2906 1065
3328 1410
3328 242
3328 250
1493 2433
1493 205
1632 314
1632 2406
1632 208
72 117
72 3848
72 2014
72 3112
117 2730
117 3754
3735 3239
3735 3014
3518 3728
3518 612
3728 3822
1158 1880
175 943
175 547
175 2854
943 150
2886 3182
2886 633
2886 3333
3182 430
2773 2800
625 1252
630 325
630 3558
1506 3150
1506 3900
709 1388
709 10
709 2790
709 733
1388 252
1388 507
1388 3013
2027 460
2027 273
2027 3776
689 2111
689 1842
689 3066
689 3710
2111 1502
2111 2212
2111 2878
1581 1704
1704 2125
1704 3217
1655 2028
1655 1590
1655 3677
2921 165
2537 3390
2537 3719
3390 3269
3390 418
783 618
783 1915
783 2512
392 536
392 326
1081 1793
906 2154
906 3432
2154 2204
2154 3053
1656 3768
1656 3131
1656 640
3768 428
3768 2561
1151 2591
1151 2413
1151 762
1151 2601
2591 2889
2591 1892
423 1294
423 3161
1294 2089
1865 3249
1865 2965
2658 1154
1442 3280
1442 2732
1466 1739
1466 2297
1451 1681
1451 2869
1681 30
1681 3256
2860 507
2860 1931
291 3201
291 1102
291 589
291 421
3201 3572
3201 3623
3991 3706
3991 3296
3991 326
679 2112
1856 3234
1856 1231
3234 3430
3234 1130
139 522
139 20
139 2766
522 691
522 747
2146 1452
2146 1796
2855 3342
2855 3909
2855 496
813 2091
813 2158
813 1486
813 3596
1840 3345
1840 3780
1840 2102
1840 901
3345 1023
3345 957
3345 3544
2408 1149
1562 2330
1562 3188
1562 2227
2330 3980
2424 3161
2424 841
2424 2619
61 3179
61 734
61 2790
3179 40
3179 3744
295 741
295 3557
295 3108
741 111
997 1271
997 887
997 3775
1271 47
1650 2551
1650 405
1650 1052
2551 2389
2551 2137
2551 2709
3297 1172
1813 3784
1813 2536
3784 825
30 2394
30 3058
330 1947
330 1682
330 670
330 3355
1947 3816
2757 2944
2757 1548
2757 1013
2757 105
2944 230
2944 1251
2944 2366
400 2990
400 1153
400 2009
2990 1462
2188 2322
1157 1873
1157 136
1157 2624
1157 3996
1873 1120
1873 1224
241 701
241 1231
241 859
241 2916
701 3706
701 2753
3878 1319
3878 1249
3878 2260
2178 2326
2178 2020
2178 2524
2178 1232
2326 1292
161 1884
161 3432
1884 2488
1884 1741
1884 1816
1921 1889
1921 1375
2242 3269
2242 634
2242 1313
2242 2204
3269 2723
812 2345
812 2444
812 3932
2345 2011
2345 1917
2345 1085
277 1838
277 351
277 2197
1838 3751
1838 2192
536 1382
536 2161
3016 2665
3016 68
261 3730
261 1147
261 366
261 97
3730 2429
3730 1376
2096 3586
2096 1771
2096 1291
3586 3423
3586 3414
3553 3857
3553 2095
3553 3353
707 3066
707 41
707 1349
707 1393
3066 3599
2979 3217
2979 532
3217 3420
3217 2624
2332 64
2332 805
3517 3710
3517 3793
3517 1135
3517 3679
3710 430
966 3612
3612 1504
1306 3596
1306 1113
1306 2406
1369 3386
1369 2955
3386 3705
3664 549
3664 3606
105 300
105 2483
2370 2503
2370 844
2503 1867
233 621
233 2481
233 3107
621 1708
621 2786
3493 3913
3493 2978
3493 1011
3913 3847
3913 2926
3913 2297
611 2803
611 1799
611 1768
3281 375
572 3210
572 3942
3210 2841
1144 2149
2149 789
2149 1032
2924 3637
818 1453
818 1593
1453 1570
1453 1904
475 1074
475 1159
475 3377
475 1412
1074 25
1074 2011
1074 1056
1892 2619
1892 2897
2619 1976
1515 3320
1515 987
1515 3614
3320 3499
3320 3823
3320 3395
107 1999
107 3864
107 1085
107 1484
710 2269
710 3363
710 2384
710 998
2269 2578
2269 934
2458 3954
1277 1566
1277 1434
1277 3983
1566 2912
1566 1639
304 777
304 2381
777 1915
1208 2343
1208 1623
1208 2119
1208 1043
2343 430
2343 748
1954 143
1954 2777
2761 2973
2761 2629
1192 1075
343 2661
343 474
343 1878
963 3764
963 3052
1110 898
1110 3471
1110 1519
1584 3879
1584 2723
1584 267
2603 3881
2603 2264
3881 1513
2410 2323
2410 2296
2410 2207
165 1891
134 3482
134 1291
1573 744
1573 3663
1189 2629
1189 750
1189 1232
1189 576
2629 210
547 1513
547 2530
3284 3625
3284 222
3284 2708
3625 987
3625 894
3333 816
3333 3361
532 419
532 1399
532 765
1140 2454
2351 3947
2351 2716
2351 2135
3947 2329
3947 3723
2835 1360
2835 3754
2112 3290
2112 553
1371 3773
3773 3788
209 543
209 3479
209 3993
873 3776
873 608
873 1427
3776 2891
182 2006
182 2515
2006 2484
2006 3513
989 2282
989 557
2282 1225
2282 577
3900 736
3900 2575
2381 1611
2381 2081
368 3175
368 2790
3175 2521
1156 1602
2854 3623
2854 137
3623 2858
1370 3898
3898 192
3898 365
20 3990
3626 2838
3002 3048
2495 3184
2495 211
2545 3240
462 2526
462 396
462 1525
3280 854
1798 1220
157 3920
157 3473
157 521
3920 114
3920 844
3719 1015
419 1305
419 3909
419 1206
1305 744
1305 898
1305 3523
1116 452
1116 2499
2283 1863
2283 2952
2283 2022
1746 2293
1746 2877
1746 1206
1746 3035
2293 2785
2293 731
1809 1728
1809 576
2272 2354
2272 3707
2272 3893
2272 158
2354 3569
2354 2247
863 1976
863 1031
863 1432
1368 1986
1368 2872
1368 3447
1368 3383
1986 2952
1986 3789
2334 2608
2334 3916
2334 3141
2819 1705
3495 3660
3495 2318
3660 3254
3660 3770
3660 3255
3836 1707
3836 2172
2403 2910
2403 3332
2403 1580
2910 2775
2910 10
1384 3199
1384 3840
1384 447
3199 996
739 3624
739 928
3624 2942
668 1456
1358 140
1358 2651
1358 3103
3003 1072
2321 2775
2321 2521
2321 3474
2775 3566
1321 1622
1952 2406
1952 446
1952 3554
2803 559
2803 1837
2803 1922
46 1737
46 2999
46 3851
417 2875
417 3547
3751 2213
3570 2611
3570 3736
3570 1167
991 3344
991 894
991 2061
692 1363
1363 1032
1622 1024
169 3270
169 2288
169 3663
3004 200
3004 3073
3374 3787
3374 2028
3787 153
1870 2003
1870 1895
2003 2795
2003 1791
396 3677
2868 3707
2868 609
2868 3980
2721 2541
1226 3249
1226 1883
2578 2524
2778 3021
2778 2014
2778 1360
3021 196
328 3965
328 1982
1444 1899
1444 1020
1715 1875
1715 2873
1715 849
1715 2352
1875 2129
1875 2099
1558 1687
1558 3781
1558 3376
636 1610
636 2448
1610 686
3054 3769
3054 2931
3054 3562
3054 3917
3769 3139
3769 2404
51 2608
51 768
51 3147
2608 830
1409 2020
1409 3423
1409 3533
2020 2192
438 1540
438 2903
438 1082
1540 3160
1540 3275
1540 856
71 1061
71 3395
71 3941
1061 1519
1083 3707
1083 1435
1698 15
1698 155
823 3044
823 3317
860 394
860 1367
860 2763
375 554
375 2680
789 876
876 2662
876 2048
1841 1117
1841 191
1841 839
514 1214
514 3589
514 3367
2228 3397
2228 2129
2228 775
3397 968
3397 3486
108 393
1069 3591
1069 2277
1069 485
3591 206
3591 3527
3591 3910
3023 1587
198 2095
198 2291
198 1484
2095 2612
2095 3636
1435 921
3866 1950
3866 3581
588 2363
588 123
2363 1169
2363 922
2363 1902
124 3395
124 2977
124 2607
3395 2071
3720 2992
3720 3767
1976 3706
1976 2661
159 3873
159 8
159 2577
159 99
3873 3716
1518 2812
1518 2157
1518 2889
2812 2662
2812 3321
2812 2708
2261 2714
2261 150
2261 3008
2714 1862
2714 3149
3540 3335
3540 345
2772 902
2772 3925
300 677
300 3461
300 3250
677 2203
2657 3282
2657 244
3282 3554
1983 2264
1983 3332
1983 31
1983 3697
2264 3593
1891 2290
1891 1768
2289 2733
2289 1742
2289 223
1745 3287
1745 2986
1745 1426
2358 3165
2358 2305
3165 2780
3165 3009
431 3347
431 1172
431 1015
1200 2764
1200 1413
1200 969
1200 1319
2764 351
2764 3475
493 3867
620 1129
620 1238
620 729
2777 3015
2777 1359
2777 2137
3015 3259
598 2144
598 3589
89 281
89 1356
89 91
26 3358
26 1141
26 690
3358 618
3358 1750
1708 1522
1375 1764
70 2672
3605 901
3605 711
3605 1291
151 1807
151 1412
538 2689
538 1878
2689 3814
2689 3105
1601 237
1601 1027
1041 1858
1041 600
1041 940
1858 697
2315 2580
2315 2089
2315 430
2315 1392
2580 3904
3893 1743
3893 1577
95 2585
95 3489
2585 1922
2585 1980
2417 3296
2417 3046
154 981
154 1132
981 715
2323 1675
2323 2638
879 1970
879 3507
879 1139
559 561
559 3441
2961 3600
2961 2404
2961 3169
3600 487
3600 3962
3600 756
2130 3216
2130 874
2130 3500
208 2053
1163 3986
1163 1973
510 1231
510 1492
3616 316
3616 960
631 2318
631 1147
631 1801
2318 391
3880 2722
3880 450
2672 2769
2672 1152
2672 2453
2769 1539
2769 1612
143 2892
143 225
2952 1579
2952 3879
314 415
314 2013
985 2521
985 464
985 1120
2175 3144
2175 2802
2733 1177
2733 1634
360 931
360 1612
360 3137
2571 1918
2571 2278
2571 2621
1998 2065
1998 1741
2436 3950
2436 854
2436 93
3950 1742
3950 2720
3950 3753
1246 3754
1246 54
1246 1288
3754 872
724 3647
724 1869
1866 2042
1866 969
543 2724
543 2897
2548 898
110 1832
110 2100
110 2444
1832 418
1832 1413
1832 3326
1102 613
1102 3638
1102 1667
1169 2239
3788 1178
2754 3575
2754 1765
2754 2102
2754 1437
3575 313
3575 3042
3575 433
1450 2446
1450 843
2446 1620
2446 340
1958 2134
1958 1651
1958 2296
1958 1765
2134 3497
2134 223
2731 359
2731 3932
1090 54
1090 600
2213 3794
2213 1752
3809 1015
3809 1895
3809 2746
2881 3794
2716 3132
2716 3596
2612 1123
2612 1543
1801 2284
1801 3766
1801 1874
2284 234
2284 410
2284 1764
3335 2523
3335 1214
887 910
887 2950
887 1507
3290 1295
3290 645
2943 3849
2943 1569
3849 3643
1031 3076
1031 2173
1031 3513
3076 390
1114 1994
1114 16
1114 1395
1114 1404
1994 3954
931 3364
931 3285
1863 2539
1863 3438
2539 2801
2539 3822
2905 2081
535 235
535 2972
2846 3245
2846 669
2846 2909
3245 3653
3245 2241
844 1411
1411 2508
1411 1252
2844 3807
2844 3579
2844 4
3807 1044
1178 3738
832 1781
3614 3673
3614 1694
3673 1552
837 2647
837 2094
2647 3365
2647 1387
136 912
136 3948
136 2160
501 2457
501 466
285 1889
2845 1470
3131 1259
3131 3466
3131 2760
459 1065
459 3971
459 2884
1065 3099
1525 2114
1525 824
2114 2902
2114 1607
1749 1195
186 390
186 394
186 1203
390 3738
1161 3558
1161 1982
3558 3542
2892 3208
2892 3398
3208 3817
3208 1882
3006 852
3006 1750
3006 1723
779 923
779 600
2590 574
2590 2335
2590 1713
1141 4
1141 3286
824 1568
1113 1279
1113 2037
1279 3864
1279 533
2389 3848
2389 3671
1154 1931
1154 2651
1931 56
1931 1338
1235 3533
1235 1222
1235 466
1139 657
1139 3745
2709 3857
2709 782
2709 411
3857 2685
3857 1496
2518 3407
2137 1920
1950 1393
1950 3811
3409 3646
3409 2674
3409 3761
3646 3266
3646 3171
1623 1899
1842 2265
1842 3
191 2152
191 2729
2152 2682
2152 2601
421 1939
421 2541
1939 237
1939 3703
196 1117
196 2631
2790 2834
3707 3370
640 2666
173 2947
173 3994
173 3099
2947 3997
2947 980
2428 2729
1281 2032
1281 1123
1281 2132
1281 638
2032 2048
2032 2126
3435 1093
3435 1893
2247 1602
2083 2069
2083 1564
17 3756
17 1420
3756 2333
3756 3405
2546 97
2546 3602
2546 891
715 3589
715 3398
3589 3327
2779 3216
2779 1696
2009 851
2009 3526
50 1712
50 1895
50 1620
1712 1646
3225 1447
3225 3864
2427 2624
2427 2376
2624 1490
3404 3490
3404 622
3404 1972
3490 2317
3490 2643
335 3105
335 1431
3971 3602
3971 1743
3971 2748
57 2589
57 3989
656 1683
656 2911
3764 1303
3764 3102
3008 3243
3717 2604
3246 32
3246 3461
3904 1099
3904 2867
3994 2999
2263 3444
2263 315
2263 1150
3444 986
353 1259
1966 2536
1966 3772
1966 250
1966 2529
2536 2680
2536 3477
1830 1023
3855 533
3855 2914
140 37
3655 347
3655 1765
3655 2788
103 849
103 1785
849 1179
2776 2783
2776 3475
2776 2246
1716 1997
1716 1082
1997 326
1997 399
3463 3555
3463 3279
3463 3713
3555 1026
3555 3818
574 1434
574 3108
574 3503
187 3872
902 3009
902 3058
3960 561
3960 666
234 3342
3791 336
3791 3689
3791 969
2723 230
2637 2656
2637 3197
410 2876
2051 1778
2051 736
901 2687
1030 1308
1030 3424
2100 3477
2100 3253
1032 3120
3120 2749
972 2054
972 3324
972 517
972 3209
2054 1028
8 2801
8 736
8 1082
3406 2725
3406 3854
959 2840
959 3415
959 2029
2840 878
2840 3253
16 1786
16 3143
16 2681
1786 3506
3954 2526
1547 3184
3039 590
3039 920
2393 961
2393 2955
3363 3969
3969 2766
3969 2016
613 3149
613 2720
2977 2589
450 3170
450 2875
450 2722
3170 1037
3170 3369
1367 1665
1367 2808
1665 2250
1665 2839
1757 3097
1757 69
1757 3946
3097 3044
941 3103
941 3042
941 248
3103 752
2005 2158
2005 2034
2461 350
2461 2057
756 2324
756 1495
1290 2735
1290 3770
1290 1638
2735 1586
2735 2493
2735 1530
861 2989
861 3140
2989 2079
912 3242
912 2355
1611 2439
81 2236
81 1793
81 2872
2236 1819
643 1904
643 671
643 266
3108 2290
1134 2438
297 3590
1197 355
1413 2267
968 60
987 1916
1916 2799
1916 1427
1916 3505
2141 2833
2141 288
1220 3615
1220 1171
3370 412
2873 1639
2873 2876
2873 1785
1911 1007
1911 3483
2997 1752
1852 3615
1852 2305
336 2788
3061 1432
3061 15
1953 2157
1953 93
1953 539
2157 3209
878 3821
878 3200
3821 2762
2708 1118
1491 2871
1491 1993
1491 121
2871 1120
2871 2970
3544 3712
3544 3242
3712 1236
3712 214
3712 1739
539 2291
2291 3702
345 1920
3233 2145
3233 2180
3233 1977
1268 1946
1268 2302
1268 385
1946 48
1946 1002
1946 477
2484 2013
1044 2727
1044 2414
2196 3116
2196 926
830 473
211 219
211 3083
1783 2795
1783 266
1783 2030
2795 1629
2795 1127
1764 1066
2281 1834
2281 3593
2281 2940
711 3556
2296 2700
206 443
206 1817
872 2903
872 2530
749 1993
749 3310
749 874
3216 3453
3216 1127
3579 1308
814 244
1171 3073
1171 3879
1171 870
3073 3369
3572 3387
937 1179
937 3965
937 2039
937 1955
1179 556
1816 1267
1816 757
346 3353
346 1397
1322 3659
1322 669
3376 1821
2382 3829
2382 453
2165 1763
2165 3218
2165 2504
283 3327
283 2372
2437 3539
2437 3841
2437 1945
3539 822
3539 3931
1728 2150
2150 1437
2150 3952
2150 1784
3062 1447
2329 3585
2454 1636
2454 116
618 723
723 1252
1984 2479
1984 920
1984 3952
766 3447
766 1338
766 3782
3447 1393
1086 3454
751 1890
751 1379
751 2598
489 0
489 2502
2988 3372
2988 3398
2988 3214
3372 2852
3372 3387
3355 2931
3355 2043
576 765
576 1781
765 1626
1416 3461
1416 2999
282 1487
282 1649
2999 2390
622 1507
622 1417
622 3203
1507 1076
1507 1216
947 1015
947 3674
947 2412
825 1559
1559 2973
1559 3298
549 3562
549 67
2712 1488
3772 3909
3499 303
2831 1292
1349 1484
882 3618
882 3150
3291 126
3291 3899
990 1212
2512 2727
2512 1243
2992 3259
2992 2319
736 2802
2802 2288
2124 3679
2124 3178
3679 2449
3275 3257
1174 573
1174 2397
1174 1569
1638 1465
47 1580
47 109
3531 3938
3938 1812
3938 32
1918 3298
1918 2701
1093 3704
3704 1122
1552 2172
1552 2239
1552 2839
43 1867
43 3279
43 2526
3055 485
3253 3566
3253 3492
3566 2203
1586 1802
270 496
270 590
1893 3542
3542 3747
835 1806
835 757
1806 3823
2068 3387
2068 265
2068 2471
1669 2336
1669 453
2084 394
3963 3777
3963 744
3963 1317
1492 3407
1492 1075
3407 805
3407 473
2526 142
1742 1802
448 3267
448 998
448 1029
448 1243
1129 2991
2498 3489
2498 2487
2498 1417
3489 1008
671 2634
671 2785
1159 2948
2690 2853
2690 1915
2690 2
56 3140
1568 3180
1572 2058
1572 1150
2153 3830
528 3569
3569 1565
3816 3193
3816 3598
2212 2982
3022 487
1500 1771
1500 3696
1767 697
407 719
407 3982
1902 3941
3941 119
150 1556
150 2656
2411 2653
2411 477
3584 1166
243 2801
634 2453
1804 2449
1804 10
3369 2400
3369 2021
1195 1328
1195 3421
3500 3593
3500 1551
3500 2015
1316 132
1316 2927
817 1337
817 676
817 1348
133 1882
133 3599
145 2366
145 3260
145 2488
2529 3150
2529 3915
3525 68
3525 1201
1602 193
248 2034
2034 2110
2656 3978
1236 3936
93 2978
93 3226
2978 2699
2046 90
1629 504
2622 2720
2622 1646
3585 205
1837 3702
111 212
111 60
212 2719
212 1319
2331 2113
2331 1772
2331 3473
3761 377
3104 2227
3104 1145
3104 2617
2786 3563
2786 12
386 1488
386 1052
1194 3505
1194 64
3824 2198
1378 2303
3638 3079
2643 3826
2643 141
980 3453
980 37
313 2925
313 112
2925 3813
1855 2519
1855 3631
1855 3502
2519 38
2519 3132
269 2986
269 179
269 3583
269 3187
2986 2848
2986 593
3823 3467
809 1519
1784 2865
1784 1771
1784 2828
2865 1299
2587 3983
2587 3927
2587 411
3983 2036
3983 3705
3632 1258
1304 3089
1304 1872
1304 2566
2680 2991
427 3595
427 553
427 3226
427 260
3595 579
3595 2674
3595 1006
1023 922
2523 2897
2523 898
3052 2371
3445 2768
3445 1243
3445 3762
252 2140
252 484
1147 2951
1147 2530
2951 2497
2951 3813
867 2911
867 2522
867 2026
2911 3922
3767 2913
3767 1710
2650 2324
2650 1821
1460 2384
1460 2139
1460 3703
1460 2322
288 3564
288 1426
3497 2497
3497 420
934 3382
934 2183
3382 2702
2504 2125
2504 3649
3813 3349
1651 3324
1687 1683
1687 267
609 1295
609 350
3631 3981
3631 2195
3051 3509
3051 1319
3051 1007
3051 2292
3509 3239
3509 1690
3509 347
0 1254
0 1796
0 229
41 3219
41 2189
3981 2179
2903 2890
2058 3090
2058 1203
3090 299
2651 2674
3697 2628
505 3503
505 3415
1266 3013
1266 3714
3013 2670
2413 2179
1649 2094
2883 2666
2883 2982
2042 3134
2042 3148
2042 3940
3134 40
481 2611
481 2002
481 1967
2611 2813
2611 955
2813 3087
2813 3701
2813 49
2159 2030
3847 1747
18 638
62 1989
62 2730
62 833
1989 3238
215 1153
1153 189
1153 2014
2493 874
2493 1020
2493 3475
3139 2016
3139 2463
3024 3888
3024 273
3024 2800
3024 1509
3888 457
3888 3
3888 1343
338 2628
2852 1744
2719 527
1059 3854
3236 3367
3236 3098
3367 2517
3367 1233
132 3966
3115 3734
3115 240
3734 2483
2725 3405
2725 1620
2725 957
3762 2260
2117 1553
2117 3256
2186 842
2186 1346
2186 106
1283 3102
1283 1917
1283 2648
1849 2161
1849 2110
1849 2638
2161 3977
3080 3910
550 3870
550 3057
550 3921
3870 2734
775 3922
775 3203
753 1948
753 1333
3122 1634
2877 2118
2877 2566
2877 1392
520 3241
520 3986
3145 2202
2241 816
2241 249
3388 3486
3388 428
3132 3250
3250 1522
3250 2415
833 891
833 1270
891 1303
721 3415
721 3713
721 3801
2780 3793
112 1379
112 266
1379 660
657 1382
2443 843
2443 1238
487 3466
1317 1495
1495 155
660 2426
660 1550
2426 2316
1487 3833
1487 2256
2862 2839
3726 3365
3726 129
3726 2909
1424 1640
1424 355
2394 2061
2394 3144
2497 645
2497 1303
1882 2278
2982 3982
2982 3980
3982 1667
2798 374
3148 2916
3259 40
3861 2481
3861 65
1524 1899
1524 856
1524 796
1899 1164
1481 554
2144 97
2144 2400
2144 3430
469 3069
469 48
469 303
3069 2355
3069 266
1771 2895
1080 3851
1080 106
821 1018
821 2702
1456 2372
1456 3691
1456 1502
801 1177
801 1587
608 1807
608 1760
2666 3143
129 3700
129 742
3700 1008
3700 3523
3700 1254
3116 1577
3486 2692
1539 3936
1539 731
1626 2
2071 3973
2071 2021
2071 584
3973 2457
3659 2726
3706 2582
537 1002
537 1230
537 3635
2174 3793
2400 122
1948 3467
1948 1973
2853 2376
2853 3467
1360 2768
2724 32
2785 2219
106 3124
106 2180
3124 986
3124 3933
15 1810
1810 69
1810 3801
2219 3527
3527 411
3527 114
1019 19
1019 2035
2722 1022
1778 1392
29 158
158 2239
579 518
579 2160
1928 3231
3214 1307
3242 1013
1052 3840
1052 3480
3840 1592
3840 289
2021 3810
558 2916
558 3859
558 3665
2916 804
2425 2376
37 3922
37 3826
958 650
958 3189
3428 589
720 1299
720 3037
1299 2135
2277 2515
2277 219
38 1135
673 955
673 1337
2431 669
2431 3876
3931 3262
478 3974
478 219
478 2189
1817 2744
2036 2412
395 2316
395 3833
2316 2017
2339 249
2339 742
3332 1516
3215 1636
3215 2815
7 447
12 2406
435 1009
435 2692
1009 1872
1009 2110
315 2995
315 1874
2995 3993
3978 2878
3978 1354
3933 3810
119 3277
3277 1150
3277 920
3277 3432
1455 3818
1982 1341
2195 3174
2195 213
2195 2485
3174 244
3174 3099
3554 495
3554 2098
1705 2312
3365 1429
3365 2582
556 960
556 2434
556 1427
960 651
960 2985
2665 914
1354 2538
1680 3285
1680 1803
1680 1955
3285 3385
3285 1701
3803 408
1347 3757
1347 2687
3757 3843
3757 2098
3757 747
822 1076
869 2379
869 1846
179 3828
179 66
179 2214
2014 391
350 1314
2508 3218
2508 3557
379 3583
379 267
3583 1390
2158 3779
2158 303
1432 1587
1587 3035
1862 2547
2875 597
2875 1177
2563 3777
2563 3342
2563 2751
3777 3513
2517 1177
2517 2747
418 3800
418 3876
3800 3834
3800 2685
3098 3833
3098 477
3473 3180
3473 2794
2457 518
2457 3142
2516 1397
2516 3114
1933 3621
1933 2197
2483 2553
1026 1977
1026 219
1977 3779
1640 2499
1640 1309
719 1164
2089 2256
2409 2262
2409 2276
1328 1836
1328 113
1763 2471
2902 325
1890 597
1890 428
842 859
842 2842
13 1927
13 1883
1927 996
2801 3415
3635 3086
3635 2155
2145 1343
2145 1534
126 3502
3636 2811
3636 3321
3636 910
517 748
517 2859
748 1496
748 645
1123 2379
2404 2753
2404 347
768 3142
3453 1570
2076 3126
2076 3418
3126 1579
3126 3642
3126 3753
3997 3189
3997 533
1906 2053
1906 3977
2053 1488
918 2683
412 2726
412 3057
412 816
2726 3091
2726 3587
1233 3998
1233 3471
1233 1738
3998 854
3998 2766
1027 3801
1027 1470
3801 1675
164 1002
235 2026
2092 1439
2092 1006
200 676
200 2207
3520 3083
3520 3526
210 2668
210 3323
2412 2606
2412 3549
1251 1308
1251 3615
1307 2642
1307 91
2642 2453
2642 2488
1957 3843
1957 1397
1957 3826
1592 1563
874 642
1803 2811
1118 3474
1118 2496
3474 747
2972 3748
2972 3339
2972 68
3748 484
1889 420
1694 1295
2692 686
856 2525
3255 3696
3255 2132
3696 3995
3696 3180
496 752
2415 2751
2415 3091
2751 3514
1721 3410
1721 99
1721 3643
3410 2302
1267 2156
1267 784
1267 2276
2371 3321
2371 1854
2371 3647
3321 996
2522 3184
2661 3313
2414 3770
2414 2463
3770 1785
2227 3831
2834 253
230 651
2267 3502
2267 654
3936 2072
553 3276
2180 3615
1167 2333
1167 2210
2333 1880
2333 2859
3993 2119
3993 3865
2884 3171
2884 907
2884 2184
3171 1224
3859 23
3859 2471
2499 1834
2499 10
554 3048
325 3446
3446 3927
3446 2553
2675 1099
859 762
2681 3477
3477 65
1293 2732
1293 2024
2732 31
2991 2948
2631 222
393 1955
2931 3948
2931 1919
1582 3046
1582 3440
2033 3549
2033 2566
939 3691
2209 3702
2811 3817
91 515
405 2259
1112 3283
3254 3606
2259 593
1639 3203
3203 253
732 2173
732 1553
2173 3523
249 2214
249 667
2214 2494
2214 1567
254 1713
254 2319
1230 3424
1230 2494
365 2568
365 1808
2568 1961
2568 545
1072 1513
1072 3738
1072 1760
1312 3200
52 2448
52 276
52 3441
2448 3178
2026 2039
2002 1253
2770 1443
2770 3480
66 1536
1043 289
697 1569
189 3843
457 2575
457 1800
2575 3200
1672 374
1672 1720
3476 1496
3476 3262
1225 3494
1225 3356
2155 1007
2155 1066
1799 1255
1765 1127
642 1099
642 317
3942 1534
3942 2515
3865 2099
3865 2125
1431 3902
1431 1883
3902 696
737 3256
737 1796
2061 3597
2061 354
577 1259
577 1735
1346 2942
3083 1025
2118 3260
2118 1351
2118 1670
3260 1483
1752 2799
1752 1701
1945 1670
1945 2355
1399 3713
1399 3483
477 1576
1576 1122
1576 591
2069 2324
1024 1570
1570 2914
2933 3356
3356 654
1410 1821
1029 760
3716 69
3716 2632
3974 2572
3974 1133
1530 276
1145 409
1145 691
742 638
2203 3227
2203 1516
2099 2728
2099 3086
323 1737
323 1356
323 2970
323 246
3990 850
3990 160
3009 3114
3114 3398
1249 2756
2756 3091
2756 769
1836 889
1836 2734
3432 3830
782 974
782 2874
2250 3609
2250 1376
2312 3460
2312 1569
3460 2167
1037 1747
1781 2828
2828 3056
2662 2746
2662 1503
3361 3037
485 1337
1337 376
1314 2131
1766 2487
1766 1534
3239 99
3239 294
3150 3418
3668 2494
2753 408
2753 3937
2749 3302
3302 2031
347 3581
409 788
788 914
788 1980
3327 1594
3851 436
3492 2636
2653 593
3828 3630
1252 3439
3439 2379
3674 1085
573 1390
573 3693
1565 3063
1565 1802
1565 3141
1295 1396
3980 2407
1577 309
1577 714
2547 1612
2547 1096
3794 3048
3794 1519
2728 3079
3852 121
3852 1682
3137 1152
3137 696
2965 1607
2965 2231
2760 3526
2760 1386
3526 3637
729 2037
729 2189
729 1447
2037 3142
2037 696
703 1025
703 1543
1025 1309
1025 3243
1344 2029
1344 2396
1344 3193
2029 354
75 1308
75 1607
3194 2874
1867 850
2701 2128
2701 2072
1020 1465
3738 580
1426 65
3141 3564
3141 1869
3564 2390
3564 2057
474 382
474 3928
1214 73
1214 850
2496 2913
2496 2135
2913 1919
240 2302
240 3919
2559 3747
2559 1429
2179 1013
213 109
1206 2748
1209 955
414 2553
414 1241
214 3283
733 2833
1607 1241
339 2648
339 3883
339 2252
2648 305
2648 3324
2110 1503
3420 3693
1683 1127
1449 3597
3597 3147
3331 3058
3331 2295
3916 3598
3916 293
3916 686
2948 3671
3265 2993
3265 3086
2055 1028
3649 1258
1429 2407
1522 3818
1970 1670
1970 2683
1879 3831
1132 2225
380 3715
380 316
1735 3753
3599 193
3599 2035
276 1594
852 1723
852 1361
2788 730
2788 67
1682 2397
1682 2439
2397 2842
2397 996
2129 299
2438 3782
299 1710
1993 3746
3326 3883
3326 265
3883 3867
3240 49
591 1654
591 527
2502 2322
294 319
319 1854
2302 408
192 1172
192 436
2300 3325
3325 672
2487 2729
2156 2184
2156 1795
3602 3243
875 521
875 3779
326 2057
1972 2963
1972 3781
83 2031
956 1443
956 3510
1443 2262
1443 2198
1224 2439
2439 3317
442 904
3557 1961
2564 895
2564 1028
752 1341
752 2634
432 826
3169 667
1785 3482
667 2
416 3438
416 1551
416 2746
2842 2763
2842 3723
2895 3221
2895 961
1796 527
2198 3661
3661 2210
3661 2126
3618 2555
293 2940
293 1232
1420 2319
2319 90
141 2131
3161 2748
1580 2079
3482 31
3079 774
3647 3921
3921 1886
3921 3996
2048 683
2072 1593
3421 3744
3421 3163
3421 178
2851 3187
2851 3966
2851 122
2885 2891
2885 2848
2955 650
178 3533
3438 1100
90 914
3910 1313
3848 2098
3848 3729
399 884
399 654
1135 2485
1908 2063
1908 2538
2063 2471
23 1772
23 2727
585 113
3221 3339
651 1440
2335 1182
2766 1372
850 2444
109 2390
760 73
1509 2850
3736 3521
2434 3606
2434 3160
3323 2792
1579 895
1130 3744
1130 2336
3744 926
1560 1396
672 1564
672 2079
1807 2730
2730 3283
518 3521
895 3037
3037 2836
2670 60
2670 1193
1007 2262
3241 24
281 1106
1106 3663
1341 3514
495 2239
495 1671
3514 2252
3349 2572
2031 2572
940 3562
3986 436
2 1991
2598 2555
3731 3944
3731 2225
3944 3414
1973 1761
289 1182
928 890
3841 504
1553 113
986 1462
1203 1872
1872 3598
1812 3035
1812 2815
2841 2102
774 3193
3441 2682
3441 484
3227 3506
2985 1180
155 2113
3606 2638
730 1671
730 3310
2993 3152
436 3414
2577 769
2858 3746
3746 3147
1133 2292
65 385
3533 2024
1001 851
1001 2584
1001 3283
1100 1486
1761 2628
1533 2555
1361 1392
1361 584
3927 2713
2265 2197
2139 851
2139 3829
2589 3928
2324 2912
3184 2396
2515 376
2494 841
223 612
2794 3665
1243 1684
354 455
1439 1096
2189 3238
1743 3
2276 2297
3 1075
3276 3989
3989 3752
2210 1593
1819 3663
1819 455
841 2606
841 3995
3831 3822
391 2102
1738 2702
1738 2295
2390 3163
3149 1886
3339 3962
3339 225
1452 3609
1886 1412
3480 3524
3480 1150
3524 3834
1874 1564
597 3494
3494 2836
220 2463
1961 3506
3701 3231
1286 317
1286 1193
1670 683
1396 1791
1396 3472
1791 3505
69 116
1011 1741
1011 3867
1741 446
137 3053
3057 142
1397 2607
515 1122
1772 3822
2183 3714
3995 408
3705 1484
1468 1795
3430 1013
1380 3715
260 1744
3231 250
2768 3729
1164 1503
1164 2167
3653 2838
1222 2465
1222 2252
2465 3547
2954 1567
2429 1126
2634 1066
3209 242
2636 2160
3160 3917
1595 3946
1595 2043
1595 2485
2638 2927
3915 794
1387 3353
2478 1696
2762 1675
3703 3317
3703 1648
3058 894
1166 1066
2119 4
2617 557
1488 3867
1338 3789
1490 2604
2604 2584
309 1695
1309 3781
3152 3377
3377 1022
3643 1207
2687 2792
1126 3780
3046 2601
2043 2800
2800 3243
1212 2909
3689 2485
3835 521
3835 1636
64 1216
1919 921
1919 1991
1725 1480
1744 1671
1744 455
890 3279
1254 1967
2746 3147
2848 3521
3782 2039
1390 1795
452 1750
2207 3642
3879 2601
2444 2257
619 1802
3919 1386
340 1386
3143 1636
3143 1701
533 1701
1720 3556
1720 3837
3556 1563
2850 747
40 2202
420 904
3642 804
2192 3608
1696 1483
54 1440
794 1563
794 804
2160 1594
3723 3056
3257 2098
2295 2582
769 2407
24 1348
3779 3917
4 1207
1216 904
3507 2024
3507 3087
1548 2859
2876 1333
3142 2197
3587 1343
366 226
521 2322
1543 804
2912 2225
1695 68
3053 3810
113 1710
3050 3729
557 3854
2407 3837
527 1292
870 1768
870 1033
3440 3937
1516 1376
