5000 10000
741 3792
741 162
741 3550
741 1756
3792 4469
3792 4605
3792 201
1078 2941
1078 3332
1078 274
1078 2816
2941 4562
2941 4620
2941 3465
796 4807
796 1852
796 1932
796 587
4807 1031
4807 2081
4807 4558
780 4348
780 2312
780 847
780 4148
4348 2701
4348 2013
4348 4083
1195 2611
1195 2921
1195 1702
1195 4012
2611 4924
2611 1293
2611 1844
2179 2235
2179 4699
2179 1114
2179 3529
2235 82
2235 1339
2235 4927
704 1314
704 2198
704 3666
704 642
1314 3009
1314 585
1314 3924
3020 3412
3020 3828
3020 4077
3020 154
3412 1141
3412 243
3412 2041
3007 4466
3007 3725
3007 3526
3007 408
4466 4587
4466 4046
4466 3929
2011 2485
2011 4203
2011 3124
2011 2976
2485 4690
2485 4794
2485 3067
2154 3469
2154 4086
2154 3145
2154 4478
3469 624
3469 3261
3469 658
2133 2973
2133 3165
2133 3750
2133 4364
2973 342
2973 1437
2973 1411
1402 2524
1402 3439
1402 4878
1402 3965
2524 1117
2524 4426
2524 3436
2322 4189
2322 4506
2322 2124
2322 4983
4189 3851
4189 2754
4189 917
74 3470
74 770
74 643
74 311
3470 1934
3470 3916
3470 4413
1944 3565
1944 3242
1944 1190
1944 1201
3565 1149
3565 1793
3565 370
152 568
152 3122
152 1580
152 526
568 3328
568 4746
568 2469
719 1286
719 66
719 4401
719 3892
1286 4533
1286 4750
1286 1628
529 3674
529 1113
529 858
529 1249
3674 1026
3674 155
3674 1875
289 1693
289 1177
289 1200
289 3154
1693 1605
1693 2416
1693 198
1040 2995
1040 1490
1040 3508
1040 4650
2995 1786
2995 1697
2995 537
1134 2615
1134 1437
1134 348
1134 1900
2615 576
2615 2769
2615 2217
2278 3589
2278 4552
2278 2028
2278 4097
3589 1199
3589 3600
3589 2468
940 3432
940 2336
940 4940
940 2950
3432 4704
3432 1201
3432 3267
499 1276
499 4541
499 4584
499 3647
1276 3776
1276 436
1276 2635
326 3176
326 1749
326 490
326 1142
3176 4684
3176 1731
3176 4595
569 4689
569 806
569 4294
569 2651
4689 4950
4689 3876
4689 1657
677 3947
677 461
677 3936
677 2056
3947 2674
3947 1512
3947 2253
2822 3325
2822 1004
2822 4738
2822 979
3325 3222
3325 3074
3325 1388
456 1533
456 272
456 2880
456 1127
1533 669
1533 844
1533 1809
2521 3945
2521 1358
2521 4092
2521 2858
3945 1801
3945 1844
3945 1591
2618 3769
2618 489
2618 916
2618 2434
3769 3292
3769 3526
3769 3070
615 3843
615 652
615 874
615 4262
3843 2487
3843 2371
3843 4580
2790 2919
2790 4770
2790 11
2790 1267
2919 2732
2919 4678
2919 4421
1365 2459
1365 4551
1365 4181
1365 670
2459 240
2459 4305
2459 1569
2182 4840
2182 224
2182 1792
2182 733
4840 4374
4840 4607
4840 1095
647 4346
647 1839
647 3404
647 2571
4346 1904
4346 3266
4346 4317
1531 3832
1531 2646
1531 2398
1531 334
3832 356
3832 4538
3832 4190
1258 4432
1258 4655
1258 294
1258 2321
4432 2784
4432 4735
4432 2691
237 1583
237 1091
237 1380
237 4756
1583 145
1583 4538
1583 4847
595 1765
595 1847
595 2221
595 4012
1765 2929
1765 1303
1765 3421
2193 3353
2193 4339
2193 1256
2193 3390
3353 2455
3353 2965
3353 1235
2098 2655
2098 2165
2098 3976
2098 2527
2655 4493
2655 1999
2655 2536
1589 4082
1589 577
1589 1162
1589 2627
4082 1028
4082 4911
4082 4268
2924 4355
2924 4347
2924 2095
2924 3514
4355 3286
4355 3280
4355 4743
2284 4834
2284 2486
2284 4974
2284 2937
4834 3197
4834 3500
4834 4870
1978 3991
1978 4259
1978 3872
1978 3358
3991 3664
3991 2119
3991 3942
989 2006
989 3809
989 855
989 3695
2006 2436
2006 1802
2006 4598
2132 3709
2132 4296
2132 2748
2132 393
3709 2478
3709 4802
3709 4878
694 2273
694 2411
694 2665
694 2260
2273 4941
2273 2969
2273 228
2522 3693
2522 4365
2522 1018
2522 2266
3693 1677
3693 2665
3693 3919
2275 4795
2275 443
2275 4944
2275 3327
4795 641
4795 1059
4795 4068
334 4060
334 4875
334 1853
4060 1124
4060 3730
4060 1428
1342 1505
1342 2672
1342 4846
1342 895
1505 4223
1505 3376
1505 2437
320 4379
320 4876
320 2248
320 4201
4379 4561
4379 4418
4379 3457
498 2422
498 3243
498 1838
498 2321
2422 1257
2422 2577
2422 2152
971 4553
971 3580
971 1545
971 3428
4553 956
4553 4019
4553 1648
83 132
83 4402
83 3610
83 1675
132 3329
132 78
132 3654
1689 3878
1689 449
1689 4371
1689 1979
3878 1486
3878 914
3878 2330
179 3889
179 3811
179 4764
179 1945
3889 3208
3889 4035
3889 117
20 659
20 812
20 294
20 2752
659 3959
659 2657
659 2579
3101 3450
3101 3372
3101 1851
3101 1386
3450 4731
3450 2487
3450 3507
948 3611
948 3803
948 3471
948 3407
3611 3862
3611 2682
3611 2582
1799 4307
1799 4029
1799 1943
1799 2768
4307 3614
4307 2016
4307 1692
4131 4861
4131 2678
4131 2276
4131 2508
4861 1691
4861 3307
4861 321
711 1308
711 3134
711 314
711 987
1308 1857
1308 1778
1308 2681
2688 4328
2688 3402
2688 4641
2688 1112
4328 533
4328 993
4328 836
697 1334
697 319
697 3925
697 4785
1334 4345
1334 2700
1334 2274
1822 3800
1822 3847
1822 4162
1822 889
3800 1235
3800 335
3800 3655
143 1296
143 3644
143 1067
143 3749
1296 3481
1296 3268
1296 3227
2362 3791
2362 3523
2362 2163
2362 528
3791 4285
3791 758
3791 1449
2786 4582
2786 443
2786 2173
2786 111
4582 1507
4582 2502
4582 340
4718 4754
4718 2497
4718 4479
4718 1708
4754 396
4754 4870
4754 4964
922 3228
922 2025
922 1337
922 4934
3228 2460
3228 2566
3228 3428
1013 3933
1013 4662
1013 712
1013 3864
3933 4888
3933 665
3933 288
4391 4691
4391 4620
4391 3831
4391 2494
4691 3542
4691 2383
4691 1400
4068 4698
4068 896
4068 4873
4698 2038
4698 4525
4698 3697
2841 3739
2841 4497
2841 2864
2841 1071
3739 466
3739 3772
3739 3844
440 3000
440 1355
440 4198
440 299
3000 3864
3000 2953
3000 2003
4 1241
4 2727
4 1938
4 3886
1241 432
1241 362
1241 1983
34 3564
34 824
34 855
34 1986
3564 2051
3564 1341
3564 758
1281 2407
1281 4412
1281 4672
1281 17
2407 722
2407 1901
2407 1034
785 1168
785 2601
785 2837
785 2671
1168 809
1168 4166
1168 2793
648 664
648 3445
648 2049
648 3606
664 3184
664 1835
664 737
1053 1395
1053 3410
1053 2832
1053 3787
1395 1645
1395 3760
1395 2317
141 1349
141 1377
141 79
141 4749
1349 3433
1349 1248
1349 3594
1406 2283
1406 1754
1406 812
1406 4671
2283 2349
2283 345
2283 1445
1315 2216
1315 4520
1315 3919
1315 2117
2216 591
2216 217
2216 2526
2914 3653
2914 3541
2914 2495
2914 4296
3653 2412
3653 3595
3653 2005
2089 3768
2089 426
2089 2537
2089 2170
3768 4428
3768 1233
3768 1045
804 3006
804 1985
804 2965
804 4825
3006 4887
3006 4791
3006 2991
1716 4183
1716 264
1716 3036
1716 1717
4183 4310
4183 667
4183 4457
3011 4290
3011 4712
3011 475
3011 2829
4290 1434
4290 2243
4290 23
3202 3462
3202 164
3202 337
3202 1993
3462 305
3462 2698
3462 3647
206 4080
206 4484
206 2015
206 163
4080 1426
4080 1381
4080 1585
860 2378
860 1440
860 361
860 2937
2378 646
2378 4509
2378 2454
4052 4523
4052 1110
4052 1382
4052 534
4523 1442
4523 2901
4523 2810
1815 3433
1815 1440
1815 3335
1815 2498
3433 4872
3433 4268
1431 4244
1431 2431
1431 2695
1431 3733
4244 1339
4244 4048
4244 4742
767 1901
767 1939
767 4676
767 44
1901 361
1901 2574
3454 4549
3454 1669
3454 3623
3454 3883
4549 828
4549 385
4549 1936
112 1753
112 3620
112 3562
112 1169
1753 718
1753 3830
1753 333
1626 1964
1626 2143
1626 2581
1626 2272
1964 2903
1964 1895
1964 583
87 2928
87 3536
87 3035
87 1613
2928 4948
2928 3549
2928 2339
3239 3900
3239 2000
3239 3510
3239 570
3900 454
3900 1070
3900 4291
3234 4120
3234 3683
3234 4954
3234 2917
4120 161
4120 4046
4120 3121
114 2817
114 3746
114 2820
114 3651
2817 2419
2817 2255
2817 4567
3681 4884
3681 3662
3681 3956
3681 3567
4884 2858
4884 1161
4884 3992
696 3847
696 131
696 1225
696 1650
3847 4144
3847 2540
183 4171
183 3369
183 4089
183 1063
4171 3968
4171 2104
4171 69
285 746
285 4274
285 281
285 2629
746 4602
746 4601
746 22
956 108
956 13
956 3144
2138 3427
2138 509
2138 2106
2138 2518
3427 977
3427 4071
3427 709
4876 1025
4876 4076
4876 3309
1474 2774
1474 1601
1474 1
1474 4169
2774 333
2774 3771
2774 382
2250 3360
2250 2821
2250 1976
2250 460
3360 3141
3360 1234
3360 3964
2819 3207
2819 4749
2819 4429
2819 676
3207 1160
3207 600
3207 1876
730 3910
730 2291
730 3881
730 4166
3910 4696
3910 3486
3910 466
3451 4380
3451 1572
3451 3581
3451 3864
4380 4838
4380 1687
4380 3761
1686 2019
1686 3536
1686 3545
1686 3227
2019 2106
2019 1208
2019 4045
4161 4763
4161 3102
4161 592
4161 2035
4763 1220
4763 2458
4763 2
2264 3576
2264 373
2264 3941
2264 3934
3576 1873
3576 4392
3576 4978
3842 3948
3842 247
3842 2241
3842 158
3948 3398
3948 3350
3948 3486
1960 4784
1960 4255
1960 1907
1960 2829
4784 225
4784 1884
4784 616
807 4500
807 3466
807 1641
807 3836
4500 2153
4500 4340
4500 1121
955 2101
955 2670
955 2880
955 2675
2101 3062
2101 532
2101 726
1256 2956
1256 329
1256 1720
2956 1608
2956 4095
2956 3654
413 2977
413 3061
413 275
413 1408
2977 2162
2977 2634
2977 1117
494 3464
494 213
494 410
494 3701
3464 2633
3464 4852
3464 3929
3759 4118
3759 3300
3759 24
3759 3972
4118 50
4118 1105
4118 2240
1344 2555
1344 3248
1344 2953
1344 2175
2555 1300
2555 3167
2555 2302
2585 3089
2585 2763
2585 3922
2585 1775
3089 3341
3089 598
3089 3332
1520 2628
1520 1628
1520 2351
1520 3666
2628 1614
2628 2551
2628 4288
262 1830
262 2595
262 710
262 399
1830 2353
1830 3057
1830 1586
1073 2516
1073 3869
1073 484
1073 3496
2516 1102
2516 2670
2516 64
2934 3570
2934 1396
2934 3347
2934 3060
3570 2090
3570 3595
3570 2144
1382 1922
1382 2230
1382 2035
1922 1283
1922 116
1922 2334
927 2905
927 1262
927 1488
927 881
2905 658
2905 2209
2905 2427
3208 135
3208 3110
3208 2225
1087 4867
1087 2464
1087 3501
1087 3441
4867 2185
4867 427
4867 2389
1118 3684
1118 3276
1118 2106
1118 4672
3684 4223
3684 1629
3684 3515
1536 2971
1536 386
1536 523
1536 1790
2971 1654
2971 1888
2971 997
236 2734
236 3819
236 349
236 1448
2734 1405
2734 4270
2734 834
1082 2525
1082 4238
1082 2327
1082 67
2525 4110
2525 3190
2525 2125
3333 4071
3333 698
3333 3088
3333 140
4071 1183
4071 2483
374 784
374 2468
374 4547
374 1658
784 4721
784 2384
784 3943
2168 4975
2168 876
2168 302
2168 4358
4975 653
4975 3698
4975 4421
786 1434
786 3420
786 4327
786 120
1434 2075
1434 926
1277 3137
1277 316
1277 789
1277 3812
3137 216
3137 4518
3137 4302
1877 2922
1877 4100
1877 3372
1877 1870
2922 4740
2922 520
2922 4576
3779 4004
3779 1557
3779 1044
3779 3778
4004 182
4004 1005
4004 3992
1300 1297
1300 3283
1300 1603
1044 1209
1044 3394
1044 3875
1209 4977
1209 150
1209 1440
561 4070
561 4268
561 588
561 3665
4070 3630
4070 1238
4070 3752
2670 371
2670 2094
2403 3597
2403 3281
2403 3455
2403 1455
3597 1381
3597 243
3597 4511
1970 3599
1970 1665
1970 3334
1970 3610
3599 1037
3599 3446
3599 1262
3193 4172
3193 2232
3193 1187
3193 4101
4172 3695
4172 196
4172 1404
1688 2916
1688 686
1688 1749
1688 3630
2916 2570
2916 1671
2916 978
2088 3839
2088 3569
2088 1422
2088 1412
3839 2123
3839 1336
3839 2276
779 2388
779 576
779 3772
779 4021
2388 3815
2388 1954
2388 573
1292 4958
1292 3988
1292 358
1292 4916
4958 1155
4958 1645
4958 2757
4888 788
4888 2338
4888 1840
439 3494
439 519
439 1173
439 562
3494 3498
3494 1687
3494 3284
4264 4570
4264 3091
4264 737
4264 1827
4570 4586
4570 4914
4570 3223
830 1549
830 4046
830 545
830 1905
1549 1413
1549 3963
1549 3093
3022 4022
3022 2083
3022 4683
3022 2893
4022 3169
4022 4067
4022 4383
2693 3838
2693 4984
2693 1157
2693 4626
3838 1398
3838 3041
3838 4827
1983 4232
1983 2009
1983 2672
4232 4988
4232 751
4232 4326
4382 4789
4382 63
4382 1662
4382 2520
4789 2323
4789 3748
4789 3212
3525 3890
3525 4939
3525 1266
3525 3572
3890 2451
3890 4018
3890 543
315 1261
315 2392
315 3185
315 243
1261 1854
1261 2015
1261 2348
2213 2582
2213 3314
2213 3254
2213 1051
2582 1416
2582 296
2614 2815
2614 2237
2614 4077
2614 639
2815 323
2815 3016
2815 4769
1124 1247
1124 3979
1124 3060
1088 2394
1088 846
1088 2100
1088 2807
2394 1337
2394 4978
2394 1843
724 4970
724 3600
724 4456
724 4179
4970 3917
4970 4132
4970 4226
1083 4389
1083 687
1083 3796
1083 1244
4389 3879
4389 2155
4389 2890
3614 3922
3614 4642
3614 1307
364 3165
364 2739
364 3258
364 4528
3165 1388
3165 1653
1806 2416
1806 2411
1806 3282
1806 3397
2416 3179
2416 1886
757 3355
757 2424
757 4194
757 3221
3355 1540
3355 4493
3355 3736
365 3865
365 791
365 1056
365 4104
3865 599
3865 4397
3865 4298
1411 3031
1411 3720
1411 1577
3031 3547
3031 4821
3031 3974
4431 4959
4431 3606
4431 1279
4431 553
4959 1439
4959 1408
4959 3986
797 2476
797 1924
797 1637
797 3418
2476 467
2476 1417
2476 122
4825 4832
4825 4401
4825 4363
4832 2397
4832 2686
4832 1864
2332 4353
2332 4914
2332 2636
2332 626
4353 2984
4353 2742
4353 2756
2993 4729
2993 864
2993 4502
2993 1131
4729 1619
4729 1769
4729 3139
776 1925
776 3050
776 3346
776 1595
1925 2259
1925 2844
1925 3311
1056 1757
1056 3558
1056 3268
1757 17
1757 717
1757 3775
1408 3510
1408 4852
3510 3160
3510 4686
2539 3367
2539 2669
2539 3288
2539 2743
3367 3192
3367 4041
3367 4055
637 3634
637 1347
637 695
637 2907
3634 1203
3634 3223
3634 4387
1834 1860
1834 1734
1834 663
1834 1193
1860 304
1860 2366
1860 185
1754 3639
1754 1797
1754 1007
3639 2009
3639 1987
3639 3913
834 4735
834 688
834 3954
4735 1329
4735 2415
2373 4999
2373 3632
2373 1071
2373 4605
4999 3987
4999 279
4999 2723
397 4955
397 3806
397 968
397 427
4955 2563
4955 1676
4955 1513
1677 2022
1677 81
1677 84
2022 3269
2022 1783
2022 4153
377 2581
377 4636
377 2308
377 336
2581 4685
2581 3188
1220 4706
1220 1025
1220 117
4706 3319
4706 2224
4706 222
2257 2299
2257 1121
2257 3473
2257 3834
2299 3551
2299 2084
2299 100
177 1485
177 1355
177 3320
177 3028
1485 1823
1485 1935
1485 954
1911 3603
1911 2158
1911 4662
1911 241
3603 3877
3603 944
3603 2442
1469 2620
1469 4873
1469 3640
1469 3177
2620 3296
2620 3875
2620 4560
3481 3582
3481 2630
3481 2927
3582 555
3582 1090
3582 2719
1339 995
1339 3023
1151 3982
1151 2823
1151 2119
1151 1062
3982 3079
3982 601
3982 1047
72 640
72 4390
72 1512
72 1284
640 4176
640 3142
640 718
77 3985
77 70
77 765
77 969
3985 1041
3985 3541
3985 2351
631 1518
631 2426
631 1222
631 911
1518 4961
1518 3380
1518 4125
2 3715
2 4822
2 1989
3715 554
3715 2125
3715 4990
2339 3962
2339 1270
2339 3794
3962 2437
3962 4383
3962 86
1722 2351
1722 1263
1722 3493
1722 2365
2351 2074
844 2317
844 3357
844 1156
2317 683
2317 3149
914 3960
914 411
914 663
3960 204
3960 4386
3960 642
4598 4687
4598 1332
4598 689
4687 1508
4687 3483
4687 4021
1165 1541
1165 1176
1165 1996
1165 4228
1541 1423
1541 4989
1541 2034
1274 4773
1274 4780
1274 3293
1274 3321
4773 104
4773 182
4773 3668
937 1470
937 1368
937 30
937 4700
1470 2660
1470 915
1470 2537
4203 3812
4203 299
4203 2308
3238 4461
3238 4440
3238 1252
3238 3250
4461 1816
4461 4927
4461 3306
986 4966
986 512
986 2371
986 3132
4966 4610
4966 2423
4966 235
3424 3958
3424 154
3424 1164
3424 3631
3958 782
3958 399
3958 2010
405 4629
405 3811
405 852
405 3706
4629 3893
4629 2375
4629 4524
451 2175
451 2747
451 2159
451 4726
2175 1120
2175 3628
1091 4371
1091 2489
1091 2465
4371 4818
4371 2970
1089 2013
1089 3502
1089 3763
1089 4772
2013 1373
2013 854
1368 4565
1368 4174
1368 4187
4388 4532
4388 2126
4388 3559
4388 2570
4532 3400
4532 3762
4532 1237
2909 4571
2909 2303
2909 2461
2909 450
4571 4565
4571 728
4571 4786
1269 4992
1269 4025
1269 4475
1269 2437
4992 899
4992 3275
4992 1130
2935 4668
2935 2393
2935 1602
2935 749
4668 4266
4668 1671
4668 2072
49 2336
49 814
49 1694
49 3813
2336 337
2336 2605
339 4942
339 3834
339 3534
339 4139
4942 3440
4942 1439
4942 1075
1684 4864
1684 1769
1684 4929
1684 3120
4864 2083
4864 2917
4864 1157
788 2877
788 4023
788 4398
2877 4542
2877 4277
2877 4593
1320 3314
1320 557
1320 681
1320 2573
3314 2888
3314 3132
2835 2998
2835 1106
2835 884
2835 4415
2998 1539
2998 965
2998 484
1713 4429
1713 2350
1713 3004
1713 2489
4429 3085
4429 913
1775 3086
1775 2746
1775 2372
3086 2008
3086 1659
3086 485
2579 2804
2579 1147
2579 390
2804 2245
2804 2777
2804 1380
619 2131
619 1879
619 2882
619 1739
2131 4226
2131 1228
2131 607
813 2007
813 388
813 2589
813 2128
2007 4168
2007 2415
2007 3277
1309 2034
1309 4276
1309 2153
1309 4915
2034 4591
2034 2730
4749 4495
4749 1159
82 4716
82 1565
82 2484
3415 4872
3415 3866
3415 1737
3415 89
4872 4608
4872 2063
1642 4428
1642 3721
1642 525
1642 1854
4428 2161
4428 3156
888 3459
888 3544
888 318
888 1387
3459 2181
3459 544
3459 3934
1594 4836
1594 2285
1594 1735
1594 1039
4836 1135
4836 2572
4836 4208
314 330
314 1607
314 1946
330 402
330 66
330 4338
3922 4618
3922 2258
624 2741
624 2884
624 4014
2590 4614
2590 4545
2590 4536
2590 4141
4614 176
4614 411
4614 1435
910 982
910 4210
910 1617
910 3115
982 1550
982 2649
982 3281
4914 4486
4914 43
1706 1829
1706 3783
1706 2641
1706 3676
1829 2718
1829 1723
1829 4003
361 2458
361 4409
4514 4915
4514 3804
4514 917
4514 4251
4915 1864
4915 1890
1094 4871
1094 51
1094 4141
1094 3453
4871 2111
4871 931
4871 3515
1025 2709
1025 4679
1640 3105
1640 4608
1640 2999
1640 4885
3105 1559
3105 2554
3105 3276
2197 3895
2197 4119
2197 963
2197 4114
3895 3317
3895 2470
3895 2326
1139 3707
1139 4973
1139 3396
1139 4907
3707 4409
3707 319
3707 80
2397 533
2397 323
2397 1921
1832 2055
1832 4648
1832 1235
1832 40
2055 1483
2055 4964
2055 308
254 2855
254 1680
254 500
254 2187
2855 4566
2855 2167
2855 2086
2005 2008
2005 1009
2005 2295
2008 1133
2008 2260
510 2445
510 4869
510 1065
510 1212
2445 1760
2445 267
2445 1755
4074 4421
4074 4943
4074 3530
4074 1297
4421 841
2111 274
2111 706
2111 1457
3808 4473
3808 3442
3808 4711
3808 194
4473 3771
4473 2086
4473 2571
960 2733
960 286
960 3604
960 318
2733 4624
2733 633
2733 563
2755 3531
2755 4364
2755 3046
2755 10
3531 1247
3531 26
3531 444
4337 4702
4337 3594
4337 701
4337 3049
4702 90
4702 3555
4702 4271
1014 1224
1014 1441
1014 1432
1014 164
1224 643
1224 3773
1224 840
342 3084
342 1845
342 987
1870 2997
1870 2886
1870 3920
2997 671
2997 2390
2997 792
2032 3225
2032 4314
2032 829
2032 2687
3225 4518
3225 1122
3225 91
47 3443
47 2472
47 379
47 3747
3443 3751
3443 2838
3443 134
994 4344
994 60
994 3057
994 4673
4344 2845
4344 566
4344 3805
3028 4900
3028 4633
3028 4949
4900 2361
4900 3039
4900 630
340 3970
340 3030
340 1114
3970 3277
3970 3172
3970 2899
2958 3911
2958 1664
2958 2553
2958 1299
3911 21
3911 3682
3911 2631
1202 4868
1202 2137
1202 1142
1202 2142
4868 4095
4868 1142
4868 748
1569 2063
1569 2578
1569 3210
2063 257
2063 4620
1790 3563
1790 1346
1790 2503
3563 1558
3563 2464
3563 396
229 4537
229 3852
229 4993
229 1772
4537 3776
4537 1576
4537 4254
2665 2871
2665 2514
2871 3518
2871 1887
2871 4893
668 1972
668 3175
668 483
668 4572
1972 2888
1972 754
1972 513
1099 4827
1099 1932
1099 4987
1099 3389
4827 2927
4827 899
2621 3811
2621 1049
2621 2451
2621 3887
3811 2736
3262 3972
3262 2634
3262 2827
3262 2892
3972 1601
3972 943
345 1673
345 3112
345 2072
1673 2706
1673 3023
1673 866
1180 4979
1180 3655
1180 353
1180 1049
4979 256
4979 2836
4979 1761
4150 4354
4150 3111
4150 1598
4150 4026
4354 4903
4354 1245
4354 76
1894 3677
1894 2232
1894 4032
1894 645
3677 4227
3677 3138
3677 3206
2981 4331
2981 4007
2981 149
2981 4604
4331 3376
4331 1206
4331 565
3620 1306
3620 3821
3620 3615
2259 4241
2259 3436
2259 527
859 1968
859 2512
859 2071
859 3349
1968 1017
1968 158
1968 2310
3804 2268
3804 3686
3804 3392
1372 1903
1372 197
1372 4274
1372 3467
1903 4066
1903 2972
1903 1133
3660 4030
3660 1592
3660 688
3660 3072
4030 574
4030 1930
4030 2812
957 2307
957 2073
957 1556
957 1400
2307 2116
2307 2094
2307 2627
2469 2684
2469 1167
2469 3255
2684 3249
2684 537
2684 269
110 4002
110 3141
110 3901
110 4693
4002 2066
4002 2419
4002 715
1229 4426
1229 2391
1229 768
1229 572
4426 3883
4426 1833
148 4442
148 2056
148 1409
148 1034
4442 650
4442 1547
4442 2586
1310 4800
1310 938
1310 51
1310 3458
4800 1919
4800 609
4800 1257
935 1484
935 2823
935 759
935 2696
1484 4660
1484 4515
1484 3189
4259 4696
4259 188
4259 3587
2544 2946
2544 3534
2544 3486
2544 566
2946 3736
2946 4495
2946 1251
1926 2079
1926 2847
1926 821
1926 4653
2079 1641
2079 850
2079 2912
2090 1825
2090 1501
2090 1891
1685 2980
1685 4995
1685 2398
1685 2192
2980 1414
2980 122
2980 4352
1785 4192
1785 3482
1785 1430
1785 1857
4192 832
4192 4059
4192 601
1443 3337
1443 1515
1443 4322
1443 4122
3337 4293
3337 4464
3337 560
2368 4575
2368 1681
2368 1527
2368 36
4575 493
4575 3336
4575 113
1933 4350
1933 2029
1933 3260
1933 742
4350 58
4350 1578
4350 802
2797 4757
2797 1543
2797 2164
2797 4919
4757 3930
4757 1414
4757 2954
1727 3009
1727 1253
1727 3017
1727 3189
3009 555
3009 857
126 3898
126 1733
126 2061
126 1174
3898 4747
3898 2834
3898 4033
1507 4995
1507 2356
1507 3263
4995 2328
4995 1021
669 4037
669 151
669 3121
4310 1100
4310 239
4310 4759
4360 4935
4360 1268
4360 691
4360 4287
4935 890
4935 692
4935 2377
1352 1884
1352 4056
1352 1812
1352 1138
1884 740
1884 1359
2411 4136
2411 3287
2496 4130
2496 1705
2496 2976
2496 2771
4130 3062
4130 3623
4130 4281
3014 4393
3014 3821
3014 2258
3014 3692
4393 2302
4393 2067
4393 2130
1672 4791
1672 2481
1672 1216
1672 4779
4791 1611
4791 1234
3059 3760
3059 2320
3059 3682
3059 3714
3760 617
3760 3645
1028 892
1028 4269
1028 3850
428 1863
428 2785
428 4723
428 3215
1863 4829
1863 1468
1863 4972
402 4814
402 3344
402 1724
4814 3747
4814 2331
4814 4359
3163 4615
3163 2893
3163 4853
3163 839
4615 1590
4615 3235
4615 528
1050 2762
1050 3211
1050 2948
1050 1316
2762 1175
2762 2647
2762 1697
2279 3502
2279 3783
2279 3422
2279 2156
3502 1161
3502 1546
1144 3472
1144 2400
1144 435
1144 1181
3472 1918
3472 296
3472 2266
1426 2955
1426 858
1426 4234
1639 4510
1639 2921
1639 271
1639 692
4510 3132
4510 4710
4510 1251
2359 2659
2359 4723
2359 938
2359 4693
2659 2078
2659 2499
2659 96
655 3366
655 273
655 485
655 2036
3366 58
3366 4214
3366 4236
1149 3474
1149 4104
1149 2460
2687 3458
2687 2927
2687 3706
3458 209
3458 240
2323 1509
2323 480
2323 3716
2035 2537
2035 3860
2537 3746
460 4365
460 1041
460 109
4365 4787
4365 4066
1644 3399
1644 964
1644 4781
1644 563
3399 4927
3399 872
3399 1009
1294 4103
1294 59
1294 2262
1294 1998
4103 4135
4103 2673
4103 1527
2604 2885
2604 1404
2604 4156
2604 3278
2885 4267
2885 2567
2885 2512
386 2640
386 2230
386 2692
1504 3819
1504 3131
1504 2749
1504 4745
3819 535
3819 3937
4035 2701
4035 3601
4035 3264
2442 4284
2442 3719
2442 2361
4284 2996
4284 194
4284 4602
2647 3282
2647 2631
2647 461
3282 728
3282 2808
333 487
333 2776
2329 3690
2329 4076
2329 2038
2329 4636
3690 4010
3690 84
3690 2085
3995 4859
3995 4145
3995 4260
3995 2223
4859 4506
4859 687
4859 332
2285 3993
2285 1510
2285 4564
3993 2548
3993 3029
3993 2059
256 1889
256 2012
256 771
1138 1563
1138 2166
1138 4174
1563 337
1563 1581
1563 1859
2152 4618
2152 4341
2152 3625
4618 2402
4618 2379
1009 3909
1009 490
338 4336
338 1158
338 1766
338 1913
4336 3351
4336 4160
4336 3523
2899 3641
2899 3218
2899 2622
3641 1935
3641 4396
3641 3307
309 2757
309 1000
309 4167
309 3728
2757 3649
2757 198
278 4451
278 531
278 101
278 4560
4451 1668
4451 351
4451 2571
613 3460
613 4185
613 4303
613 1620
3460 3532
3460 4705
3460 1528
2024 3671
2024 4982
2024 681
2024 3138
3671 3284
3671 1540
3671 1464
2176 3021
2176 2717
2176 552
2176 1573
3021 1941
3021 3733
3021 3051
2512 228
2512 3724
2704 3488
2704 4545
2704 3714
2704 3940
3488 3315
3488 2102
3488 169
1842 4095
1842 4438
1842 4692
1842 51
4095 4239
1577 4197
1577 4148
1577 4890
4197 3971
4197 323
4197 1931
33 4672
33 3271
33 4390
33 3731
4672 3261
2732 4149
2732 4893
2732 3030
4149 1145
4149 3388
4149 1090
2065 3859
2065 2713
2065 866
2065 4558
3859 4521
3859 4678
3859 4475
900 4841
900 4043
900 1570
900 766
4841 2930
4841 2046
4841 1723
3644 2596
3644 184
3644 2404
2985 3083
2985 4976
2985 4487
2985 4911
3083 3523
3083 4611
3083 1618
622 2784
622 4707
622 1584
622 1113
2784 3015
2784 3749
131 4925
131 1489
131 3854
4925 4498
4925 3170
4925 3971
1701 3617
1701 4591
1701 4225
1701 4045
3617 1517
3617 821
3617 3401
2553 3944
2553 245
2553 2440
3944 2290
3944 542
3944 3244
3612 4632
3612 2932
3612 4439
3612 4208
4632 4843
4632 4753
4632 325
95 988
95 2316
95 4180
95 983
988 479
988 2002
988 514
2419 3711
2419 137
3711 1023
3711 4657
3711 2578
3909 4520
3909 2361
3909 2591
3723 4753
3723 1825
3723 1699
3723 4656
4753 618
4753 4551
3016 4075
3016 1035
3016 2410
4075 4690
4075 1975
4075 2868
1808 4744
1808 3903
1808 1141
1808 24
4744 2694
4744 4844
4744 3632
1760 4390
1760 514
1760 3846
4390 4352
2930 4113
2930 2853
2930 1008
3296 4031
3296 3579
3296 3336
571 4456
571 861
571 819
571 3919
4456 3384
4456 4887
534 4188
534 75
534 4234
4188 3513
4188 1725
4188 4536
2374 3500
2374 4934
2374 1895
2374 4276
3500 662
3500 901
4058 4454
4058 3120
4058 852
4058 1809
4454 3738
4454 3230
4454 818
519 2996
519 3822
519 3072
2996 2982
2996 2639
4299 4977
4299 518
4299 3287
4299 3891
4977 4509
4977 1635
437 1018
437 2542
437 4607
437 4621
1018 1457
1018 1466
368 2345
368 2542
368 476
368 684
2345 654
2345 4329
2345 2025
1171 2769
1171 3533
1171 1068
1171 1527
2769 2486
2769 1986
1004 1841
1004 2517
1004 1242
1812 3883
1812 3788
1812 1981
3883 3271
2595 790
2595 1843
2595 2364
17 56
17 4748
56 674
56 2146
56 941
1971 4450
1971 226
1971 424
1971 4278
4450 4610
4450 4611
4450 3172
4602 2018
4602 3537
258 3874
258 3692
258 2750
258 4014
3874 4291
3874 348
3874 2025
1106 2654
1106 798
1106 2923
2654 3397
2654 2515
2654 264
1152 1250
1152 3607
1152 2610
1152 3613
1250 3636
1250 4258
1250 4518
1611 2951
1611 2690
1611 721
2951 4139
2951 1377
2951 195
2189 2530
2189 2800
2189 835
2189 4085
2530 4508
2530 4315
2530 4937
2646 3862
2646 99
2646 1780
3862 583
3862 4998
2302 1767
2302 732
233 4694
233 1858
233 1780
233 2568
4694 1461
4694 3008
4694 2452
215 4802
215 692
215 4038
215 2295
4802 3391
4802 1559
1886 3946
1886 3391
1886 2526
3946 3978
3946 2947
3946 3774
3585 4777
3585 918
3585 1658
3585 279
4777 3915
4777 4898
4777 3783
809 1554
809 430
809 2851
1554 1562
1554 4715
1554 3777
63 264
63 547
63 4212
1823 1973
1823 4241
1823 4066
1218 4078
1218 1907
1218 410
1218 1192
4078 3713
4078 2286
4078 2826
995 4783
995 1698
995 512
3329 4656
3329 325
3329 3032
1252 2474
1252 983
1252 4434
2474 1985
2474 4465
2474 3885
1460 1879
1460 2643
1460 4017
1460 4148
1879 732
1879 169
2601 53
2601 245
2601 4126
941 1773
941 3579
941 490
1773 4535
1773 516
1773 2248
4933 4998
4933 3881
4933 52
4933 3854
4998 122
4998 2845
1291 4159
1291 4921
1291 3999
1291 2722
4159 4560
4159 4039
4159 4728
1037 600
1037 265
1037 1051
223 2853
223 4083
223 2447
223 835
2853 323
2853 1245
1034 1068
1034 4179
1068 3604
1068 4117
1608 3797
1608 1129
1608 2929
3797 4277
3797 4851
3797 1869
3809 1376
3809 1495
3809 792
1951 1979
1951 1176
1951 2229
1951 69
1979 620
1979 913
2158 2840
2158 3392
2158 825
3537 3737
3537 4726
3537 2059
3737 2711
3737 1071
3737 2483
192 383
192 2651
192 1662
192 1196
383 4920
383 3654
383 1861
3391 2887
3391 1114
2262 2465
2262 395
2262 3102
2465 124
2465 4674
65 2315
65 2608
65 1483
65 1740
2315 224
2315 464
2315 3155
430 2686
430 1502
430 782
2431 469
2431 4626
2431 4065
3950 4806
3950 2082
3950 1231
3950 2854
4806 3939
4806 1432
4806 1900
1974 3518
1974 2933
1974 2881
1974 1204
3518 1557
3518 2076
99 3091
99 2365
99 2632
2384 4041
2384 1196
2384 1429
4041 2867
4041 3241
436 4235
436 2425
436 1104
4235 1681
4235 1283
4235 4895
2017 2898
2017 2413
2017 3497
2017 549
2898 3735
2898 4065
2898 3894
3259 3786
3259 1532
3259 2414
3259 1392
3786 1762
3786 4748
3786 2583
2794 4891
2794 1455
2794 848
2794 4050
4891 2082
4891 2456
4891 2466
268 1649
268 1839
268 393
268 3688
1649 3578
1649 4269
1649 4639
227 4829
227 3387
227 3291
227 1016
4829 2423
4829 2509
2519 4589
2519 1189
2519 2939
2519 344
4589 3321
4589 3719
4589 1774
1376 3218
1376 558
1376 1621
4565 670
4565 1523
3888 4385
3888 2570
3888 882
3888 1478
4385 27
4385 2698
4385 28
926 1873
926 2872
926 4986
1873 201
1873 3439
4048 4647
4048 916
4048 477
4647 3369
4647 1655
4647 2010
2207 4833
2207 3340
2207 209
2207 2554
4833 4261
4833 1445
4833 772
970 1353
970 2218
970 116
970 3667
1353 867
1353 2716
1353 2085
3121 3699
3121 1433
3699 2598
3699 1458
3699 1359
517 4369
517 3807
517 1625
517 1393
4369 1827
4369 2446
4369 3606
279 2845
279 3117
2845 4674
446 4034
446 92
446 3425
446 3138
4034 950
4034 3169
4034 1596
1698 4980
1698 265
1698 4536
4980 3613
4980 4351
4980 2943
3363 4267
3363 2223
3363 1399
3363 3461
4267 175
4267 4551
1819 1959
1819 4028
1819 2587
1819 1559
1959 363
1959 1517
1959 822
1282 4300
1282 394
1282 1284
1282 4398
4300 842
4300 4857
4300 3255
1064 3216
1064 2551
1064 2041
1064 1115
3216 68
3216 762
3216 3966
3348 3409
3348 2043
3348 1813
3348 4279
3409 836
3409 2261
3409 3729
3594 2765
3594 3448
891 3623
891 3905
891 4416
891 4187
3623 300
2630 2550
2630 4152
2630 1721
892 1876
892 159
892 1482
1876 1482
1876 3758
2725 4603
2725 4200
2725 2466
2725 2129
4603 2243
4603 4449
4603 1850
768 3191
768 676
768 3217
3191 4962
3191 347
3191 2092
1115 2420
1115 869
1115 3461
2420 1621
2420 2015
2420 1764
2093 2318
2093 1036
2093 3836
2093 546
2318 4737
2318 3914
2318 3953
3771 2873
3771 3801
509 2677
509 4419
509 3096
2677 2432
2677 2867
2677 4042
2376 2846
2376 866
2376 14
2376 4623
2846 2367
2846 2494
2846 291
1301 3012
1301 1016
1301 466
1301 604
3012 71
3012 661
3012 2749
2569 4381
2569 4905
2569 40
2569 2888
4381 3519
4381 791
4381 4692
1206 4320
1206 2990
1206 1022
4320 331
4320 3975
4320 3519
3812 3148
3812 3336
1802 2303
1802 4420
1802 4021
2303 802
2303 967
4723 1725
4723 4013
343 4318
343 4412
343 4700
343 4815
4318 3431
4318 1919
4318 4677
2142 4193
2142 4957
2142 4453
4193 1039
4193 865
4193 4144
2121 2606
2121 3127
2121 620
2121 3547
2606 4609
2606 1227
2606 4362
658 3840
658 398
884 2689
884 4569
884 2214
2689 3352
2689 4636
2689 4163
398 824
398 1715
398 4643
824 3372
824 1079
4520 3952
4520 4531
3836 4923
3836 1278
4923 1969
4923 4163
4923 3326
1558 2814
1558 4063
1558 3877
1975 3437
1975 2720
1975 2638
3437 14
3437 4938
3437 2547
462 2903
462 4820
462 4746
462 3618
2903 4499
2903 306
1625 4438
1625 4828
1625 1919
4438 3364
4438 4819
2009 2616
2009 42
609 1602
609 4665
609 4627
1602 250
1602 4883
1285 1993
1285 3275
1285 4490
1285 2707
1993 2789
1993 3255
1357 2370
1357 1904
1357 2812
1357 4321
2370 1747
2370 346
2370 597
3753 3965
3753 4860
3753 4740
3753 3714
3965 3998
3965 2026
3466 2020
3466 272
3466 1223
2041 3330
2041 775
3330 1987
3330 3587
3330 608
1026 2639
1026 2364
1026 162
412 946
412 3489
412 2010
412 3322
946 94
946 3908
946 422
2075 2888
2075 3095
2075 3091
1007 3139
1007 2625
1007 1522
3139 1530
3139 3368
755 3098
755 4539
755 4480
755 4985
3098 3218
3098 2635
3098 127
406 1932
406 2730
406 4441
406 3073
1932 1059
2824 3018
2824 3102
2824 2740
2824 3635
3018 969
3018 2913
3018 1419
4128 4395
4128 2960
4128 771
4128 3057
4395 2177
4395 3755
4395 3744
599 3989
599 1902
599 4410
3989 2311
3989 1404
3989 4199
1574 3863
1574 3435
1574 1271
1574 4489
3863 55
3863 2053
3863 1046
1662 4304
1662 1883
4304 3274
4304 1632
4304 1057
1146 3728
1146 2439
1146 4797
1146 2937
3728 4230
3728 4865
583 4936
583 4027
4936 3301
4936 2127
4936 2671
2181 2728
2181 1143
2181 4650
2728 1816
2728 3937
2728 3065
2338 3069
2338 1961
2338 113
3069 614
3069 942
3069 691
3134 3873
3134 3010
3134 3396
3873 1550
3873 3233
3873 160
3328 3545
3328 1947
3328 939
3545 589
3545 1481
2792 2912
2792 949
2792 344
2792 2560
2912 1826
2912 1844
1257 2355
1257 267
504 4613
504 1312
504 2527
504 732
4613 4950
4613 1915
4613 1542
2149 3501
2149 3186
2149 2239
2149 1284
3501 4490
3501 1609
1562 1417
1562 1335
1562 2099
2642 4742
2642 2735
2642 277
2642 2749
4742 1880
4742 4765
3420 2326
3420 4621
3420 783
1305 4596
1305 1821
1305 4403
1305 4423
4596 2220
4596 3107
4596 1709
3375 4178
3375 1197
3375 4497
3375 4204
4178 984
4178 4503
4178 2247
423 4989
423 1128
423 4898
423 485
4989 1811
4989 2743
4921 921
4921 4972
4921 3243
3145 3417
3145 4812
3145 2492
3417 3749
3417 3116
3417 28
1667 1878
1667 4283
1667 2194
1667 4455
1878 1072
1878 4949
1878 2879
2304 3215
2304 3573
2304 35
2304 2421
3215 3784
3215 689
2319 3700
2319 2736
2319 1255
2319 898
3700 3492
3700 1514
3700 4329
1098 4725
1098 1270
1098 539
1098 2194
4725 4882
4725 207
4725 1127
2064 4640
2064 1881
2064 533
2064 589
4640 3762
4640 154
4640 3977
4737 1595
4737 794
4737 3390
4707 4394
4707 3448
4707 518
2631 3080
2631 2862
1647 2811
1647 1433
1647 2425
1647 2357
2811 1333
2811 3885
2811 1181
745 4928
745 2162
745 2053
745 1866
4928 660
4928 3799
4928 2597
2100 4601
2100 4483
2100 1422
4601 3935
4601 259
1461 341
1461 1481
1461 1051
78 3434
78 1666
78 3789
1039 1473
1039 1529
1473 3825
1473 3148
1473 4562
2246 4918
2246 506
2246 2226
2246 3345
4918 222
4918 1633
4918 4988
2326 3754
2326 2943
3754 2418
3754 4819
3754 3881
2897 3758
2897 3931
2897 530
2897 1311
3758 3361
3758 2294
2814 472
2814 2940
2814 4630
2501 3876
2501 2777
2501 226
2501 762
3876 1898
3876 4543
2850 4552
2850 3646
2850 2335
2850 1605
4552 1794
4552 1703
847 3541
847 273
847 2875
3541 173
977 2955
977 4578
977 1885
2955 388
2955 2355
916 3851
916 980
3851 2991
3851 1515
1896 3327
1896 2839
1896 1898
1896 1535
3327 69
3327 4850
1271 4122
1271 4339
1271 886
4122 3380
4122 2310
4227 1859
4227 1047
4227 1828
947 1207
947 2580
947 1348
947 4883
1207 4281
1207 4098
1207 275
3734 4607
3734 4168
3734 1420
3734 3258
4607 3457
1036 2883
1036 966
1036 3956
2883 4978
2883 3056
2883 1236
1253 1770
1253 3320
1253 2391
2066 3449
2066 1407
2066 4505
3449 4242
3449 4488
3449 2635
3019 3493
3019 4821
3019 2159
3019 1020
3493 2767
3493 1156
1528 4785
1528 3157
1528 787
4785 1351
4785 2097
1880 2869
1880 4008
1880 3119
1508 458
1508 3849
1508 3701
464 4093
464 1483
464 4272
4093 4050
4093 4486
4093 1467
3625 3977
3625 115
3625 1119
3977 1892
3977 673
3438 4269
3438 3658
3438 4010
3438 4221
4269 3908
544 3085
544 550
544 4504
3085 930
3085 505
443 1265
443 1767
1265 2192
1265 2369
1265 2449
2232 4842
2232 1568
623 4996
623 2625
623 1556
623 1313
4996 4326
4996 4732
4996 590
2988 4247
2988 2915
2988 3925
2988 1451
4247 4279
4247 1803
4247 414
974 4610
974 274
974 1371
974 2343
4610 3200
1121 1246
1121 1058
1246 3008
1246 4713
1246 71
2192 2823
2192 3555
2823 2435
3092 4250
3092 261
3092 174
3092 2048
4250 1853
4250 3673
4250 2117
3755 4522
3755 2862
3755 1566
4522 4187
4522 2879
4522 2809
4498 4781
4498 147
4498 1956
4781 2918
4781 2236
1174 2552
1174 4904
1174 783
2552 3577
2552 2603
2552 636
1628 160
1628 4176
2473 4588
2473 990
2473 4824
2473 2602
4588 2324
4588 2042
4588 1029
2785 1512
2785 717
2785 2638
1794 3135
1794 4638
1794 1658
1197 875
1197 2161
1197 491
1734 3524
1734 2073
1734 3029
881 2507
881 1038
881 2965
2507 1173
2507 1331
2507 4799
1446 1826
1446 3331
1446 3861
1446 2052
1826 4263
1826 2266
2174 2206
2174 4298
2174 733
2174 3567
2206 453
2206 3279
2206 1807
890 2616
890 4649
890 1525
4820 782
4820 2228
4820 1738
3157 3955
3157 3555
3157 4296
3955 97
3955 2884
3955 721
1868 2383
1868 532
1868 815
1868 3211
2383 3122
2383 61
929 3318
929 3026
929 3619
929 681
3318 4556
3318 3580
3318 195
1190 2343
1190 3194
1190 4949
2343 2405
2343 684
4170 4646
4170 4495
4170 1243
4170 4634
4646 708
4646 292
4646 2128
2645 3976
2645 2157
2645 1313
2645 1293
3976 3550
3976 3376
638 4860
638 391
638 3283
638 2236
4860 1239
4860 381
3140 3802
3140 228
3140 3666
3140 3835
3802 4550
3802 3710
3802 3247
981 1738
981 2396
981 584
981 1133
1738 1010
1738 3312
1084 2221
1084 2360
1084 3205
1084 1160
2221 3448
2221 2057
2481 1774
2481 4163
2481 3463
135 2637
135 4964
135 2840
80 3559
80 3074
80 3051
3559 3124
3559 3783
1170 1986
1170 4403
1170 313
1170 1831
1986 2260
4542 4645
4542 851
4542 4796
2413 3113
2413 2808
2413 4376
1377 4922
1377 1366
4922 2187
4922 747
4922 107
173 270
173 4339
173 3077
270 762
270 4842
270 549
3256 4686
3256 4009
3256 1332
3256 3195
4686 1297
4686 2016
1736 3539
1736 4406
1736 1236
1736 2949
3539 1618
3539 3692
3539 1614
2435 1646
2435 1153
2435 1813
1390 3144
1390 1059
1390 2346
1390 3066
3144 2698
3144 2821
1203 3925
1203 4165
1203 4225
3988 2573
3988 3387
3988 1997
1307 2708
1307 1424
1307 2105
2708 4446
2708 4585
2708 3236
27 4670
27 4051
27 4787
670 1578
670 2588
1105 3584
1105 1597
1105 42
3584 2696
3584 3421
3584 2947
3127 3887
3127 2500
3127 4079
3887 481
3887 2567
1934 3072
1934 734
1934 524
953 2952
953 1154
953 4077
953 3357
2952 4765
2952 592
2952 130
1838 3831
1838 207
1838 3823
3831 373
3831 1892
2866 4194
2866 1196
2866 4621
2866 2245
4194 832
4194 2375
592 3159
592 4492
3159 2365
3159 2600
3159 2978
220 3848
220 2025
220 629
220 2891
3848 1590
3848 4889
3848 1360
3479 4803
3479 3064
3479 2593
3479 352
4803 524
4803 3935
4803 589
137 528
137 3408
137 1913
528 3756
2730 4085
2730 525
4085 2731
4085 3041
4275 4567
4275 4008
4275 35
4275 1619
4567 3997
4567 3242
287 862
287 1539
287 4016
287 3568
862 790
862 1449
862 4013
2739 3905
2739 4342
2739 4050
3905 577
3905 8
388 3035
388 1287
453 2490
453 3203
453 2455
2382 3516
2382 656
2382 1669
2382 1336
3516 577
3516 933
3516 1575
3119 4578
3119 1255
3119 3646
4578 2280
4578 4952
3192 2002
3192 4422
3192 2633
477 4713
477 661
477 3084
4713 3542
4713 699
272 700
272 4401
700 3219
700 1351
700 2832
558 3078
558 4798
558 1043
3078 1380
3078 4460
3078 2489
867 1768
867 3294
867 4460
882 3731
882 4153
882 3182
3731 404
3731 3270
626 3305
626 4198
626 2255
3305 4799
3305 3243
3305 3048
3540 4356
3540 189
3540 4881
3540 182
4356 748
4356 2348
4356 3476
520 4581
520 1085
520 1835
4581 4616
4581 2390
4581 4409
2083 1043
2083 2267
1436 3679
1436 367
1436 1700
1436 1085
3679 3306
3679 31
3679 2612
2286 4211
2286 3957
2286 4249
4211 3558
4211 3920
4211 4137
102 2969
102 1920
102 2712
102 2180
2969 4441
2969 4818
283 2833
283 1591
283 1475
283 1086
2833 1980
2833 2892
2833 4141
2103 2265
2103 1844
2103 1937
2103 3528
2265 4801
2265 2799
2265 899
3558 2298
3558 4248
1517 3480
1517 2974
1682 2678
1682 3447
1682 3643
1682 4182
2678 4163
2678 2097
1116 2526
1116 1779
1116 3647
1116 2188
2526 2759
3827 4221
3827 3301
3827 2380
3827 3005
4221 3272
4221 474
3386 4477
3386 4734
3386 4793
3386 775
4477 4089
4477 2543
4477 4684
329 1543
329 2381
329 2471
2146 2196
2146 2499
2146 4597
2196 1430
2196 70
2196 889
1267 3694
1267 4101
1267 1772
3694 3588
3694 1645
3694 503
516 1791
516 241
516 1600
1791 4714
1791 3336
1791 3321
422 3930
422 2447
422 2796
3930 1553
3930 2387
264 4862
4484 2498
4484 2759
4484 411
404 3232
404 2210
404 3986
3232 4762
3232 1217
3232 1656
244 1319
244 3793
244 3068
244 1347
1319 771
1319 2658
1319 210
1154 4333
1154 4126
1154 1856
4333 4146
4333 1140
4333 545
1747 4719
1747 3411
1747 4099
3206 3629
3206 4919
3206 4351
3629 250
3629 2030
3629 2770
3315 2685
3315 32
3315 1122
250 3952
250 280
3952 1389
3952 2472
2165 480
2165 2723
2165 4229
2082 2194
2082 4073
4608 1432
4608 512
2789 4338
2789 1777
2789 4585
4338 4994
4338 2218
100 2254
100 4617
100 4947
2254 4981
2254 4710
2254 1786
2305 4810
2305 2229
2305 4223
2305 4693
4810 3637
4810 4240
4810 1702
1033 2546
1033 4475
1033 1561
1033 4585
2546 3377
2546 2014
2546 2747
1490 4759
1490 4001
1490 1607
3492 4681
3492 761
3492 3268
4681 3233
4681 1923
4681 2806
4716 1938
4716 3091
4716 1927
793 2750
793 3789
793 225
793 3099
2750 829
2750 951
716 1883
716 1092
716 3703
716 1864
1883 2325
1883 362
2696 3167
2696 641
2505 3260
2505 2386
2505 1931
2505 4538
3260 489
3260 4875
2081 3292
2081 2679
2081 3536
3292 1030
3292 2509
2439 4199
2439 3200
2439 4957
826 2738
826 395
826 2766
826 496
2738 1011
2738 675
2738 557
394 3486
394 4930
394 1913
147 737
147 833
147 2268
1900 4940
1900 4704
4940 3688
4940 3198
1147 3575
1147 1510
1147 2851
1262 4557
1262 3186
4557 2918
4557 3393
4557 3175
2625 1762
2625 4240
1565 3990
1565 1325
1565 2214
3990 4123
3990 2680
3990 4049
1316 4845
1316 1544
1316 4562
4845 3897
4845 4457
4845 4129
214 1354
214 2791
214 4196
214 3491
1354 687
1354 1107
1354 3757
3793 4370
3793 4705
3793 4377
4072 4407
4072 362
4072 3428
4072 1045
4407 1749
4407 1546
4407 1264
4076 4583
4076 2653
4583 3583
4583 43
4583 1578
4495 1482
1177 1371
1177 1700
1177 4511
1371 3884
1371 1703
3780 4024
3780 1652
3780 144
3780 966
4024 4242
4024 120
4024 2191
656 2056
656 2744
656 3676
4063 4463
4063 1378
4063 2508
426 4200
426 4401
426 471
4200 3600
4200 3053
1841 3689
1841 556
1841 3627
3689 2171
3689 3550
3689 2591
4157 4340
4157 4701
4157 2984
4157 3512
4340 3209
4340 251
191 1648
191 3605
191 919
191 3872
1648 801
1648 2099
122 4031
4031 1858
4031 3549
964 789
964 4416
964 4506
536 1623
536 1273
536 363
536 379
1623 3048
1623 4903
1623 1598
1786 4623
1786 4854
1605 1109
1605 2686
2071 1328
2071 4476
2071 3350
2634 172
2634 441
401 903
401 734
401 4335
401 3066
903 4158
903 3980
903 806
149 189
149 332
149 557
189 2543
189 1361
531 2480
531 1479
531 4046
79 444
79 292
79 895
444 2327
444 3095
2115 4848
2115 3923
2115 1914
2115 4963
4848 399
4848 4073
4848 1588
1095 2556
1095 4252
1095 208
2556 3867
2556 4905
2556 366
3051 3151
3051 983
3151 4116
3151 4043
3151 3662
1414 4476
1414 4805
4486 4747
4486 3879
1943 3135
1943 787
1943 2753
3135 1710
3135 2685
1663 3290
1663 3687
1663 231
1663 1847
3290 3309
3290 127
3290 1596
1127 2660
1127 3635
2660 2641
2660 2984
60 4229
60 1789
60 366
1816 4898
1816 2180
4898 3961
130 4792
130 2697
130 4546
4792 2424
4792 2201
4792 1488
1850 4045
1850 4808
1850 1179
4045 1032
770 2386
770 1668
770 2186
3550 3467
1031 4234
1031 3174
1031 3964
4187 4366
277 3280
277 2644
277 2309
3280 4965
3280 6
1599 4352
1599 2772
1599 1718
1599 4054
4352 4434
2894 4279
2894 2950
2894 1487
2894 3680
4279 3738
1179 3161
1179 3807
1179 4558
3161 2607
3161 1111
3161 2643
2401 2414
2401 156
2401 761
2401 3017
2414 3893
2414 3566
684 1945
684 1679
1945 3957
1945 2938
481 1006
481 1793
481 3041
1006 4033
1006 1407
1006 2869
2545 4319
2545 1923
2545 1445
2545 2600
4319 2208
4319 4480
4319 1403
1410 3543
1410 290
1410 1855
1410 2673
3543 1866
3543 3556
3543 3642
4927 557
1237 1752
1237 1902
1237 1348
1752 2675
1752 1498
1752 832
1131 1233
1131 3717
1131 885
1233 841
1233 4854
1210 2900
1210 722
1210 4847
1210 3331
2900 756
2900 4993
2900 4481
2316 4748
2316 2656
2316 2876
4748 3129
1588 2145
1588 1278
1588 1892
2145 445
2145 771
2145 4659
4434 3566
4434 1953
3108 3742
3108 1957
3108 2990
3108 1458
3742 348
3742 3196
3742 1491
3949 4054
3949 1949
3949 1714
3949 1967
4054 139
4054 3079
3209 3841
3209 1074
3209 2314
2586 3649
2586 3008
2586 1798
3649 906
3649 1982
3637 4897
3637 1226
3637 4102
4897 4809
4897 255
4897 1796
812 4730
812 965
3775 4386
3775 4409
3775 2806
4386 2699
4386 4398
4293 3343
4293 3365
4293 2839
2890 3030
2890 2188
2890 3273
3030 4529
360 1401
360 1374
360 992
360 3251
1401 874
1401 611
1401 4728
689 3941
689 871
3941 2994
3941 1585
3695 3422
3695 4465
4367 4408
4367 939
4367 4711
4367 3118
4408 1885
4408 1304
4408 752
2137 805
2137 2219
2137 3801
950 4143
950 1818
950 3071
4143 1547
4143 985
4143 3616
1119 3824
1119 3373
1119 3726
3824 493
3824 4696
3824 88
269 2566
269 1690
269 3364
2566 1969
2566 291
467 3
467 2324
467 2372
1914 1956
1914 1346
1914 165
1956 715
1956 1629
1433 2679
1433 547
2458 4033
2458 3966
3062 2802
3062 1718
1373 909
1373 3712
1373 958
1811 2086
1811 44
1811 4926
2086 1728
3661 3918
3661 2327
3661 3748
3661 3039
3918 4027
3918 4366
3918 2440
934 1419
934 2062
934 1733
934 420
1419 2049
1419 2450
3720 4550
3720 2780
3720 4196
840 2248
840 2060
840 1875
2248 2113
3489 96
3489 1615
3489 2987
4057 4577
4057 2123
4057 4217
4057 4087
4577 1874
4577 3123
4577 864
2918 4351
2918 1650
856 2091
856 1660
856 3430
856 2780
2091 3027
2091 292
2091 2636
3131 4437
3131 4215
3131 1200
2211 3117
2211 3094
2211 4813
2211 4482
3117 2589
3117 3855
4241 1712
4241 322
2436 2966
2436 3803
2436 679
2966 4092
2966 167
2966 1862
101 2030
101 2802
101 1351
1547 1391
1547 3088
337 478
4415 4661
4415 3250
4415 4805
4661 2531
4661 291
4661 3374
4550 4555
4550 1052
565 1107
565 22
565 4496
1107 514
1107 2344
2675 1442
2675 676
239 376
239 2504
239 896
376 2441
376 3317
376 4877
984 690
984 4743
984 3283
590 2622
590 3897
590 1240
2622 523
2622 1076
1581 3077
1581 2417
1581 2487
2701 3279
2701 260
936 1512
936 380
936 3015
936 2764
489 4656
489 3491
3352 2798
3352 1890
3352 3829
833 4281
833 2816
833 4039
4281 3814
3903 2453
3903 4108
3903 3678
3381 3483
3381 4560
3381 2710
3381 889
3483 3996
3483 3638
1167 3063
1167 355
1167 777
3063 2529
3063 3455
3063 2716
4518 3871
3026 478
3026 4306
3026 4733
1287 4767
1287 4783
1287 3323
4767 4136
4767 1194
4767 3920
479 744
479 117
479 495
175 3511
175 4584
175 3221
3511 302
3511 673
3511 2457
872 2668
872 1325
872 4124
2668 3082
2668 954
2668 2202
1795 3485
1795 3856
1795 2341
1795 2607
3485 2658
3485 2710
3485 2375
576 1966
576 4682
3111 4308
3111 575
3111 3713
4308 3380
4308 3953
4308 501
2982 4488
2982 142
2982 1333
4488 3326
4488 2531
1304 3548
1304 4014
1304 2360
3548 3912
3548 4929
3548 2549
3100 4938
3100 1415
3100 1917
3100 3928
4938 4516
4938 3390
3696 4599
3696 3553
3696 245
3696 3912
4599 3994
4599 3813
4599 3149
2906 3650
2906 752
2906 4271
2906 4427
3650 2669
3650 2048
3650 124
15 124
15 2210
15 2528
15 2560
124 4018
2080 4102
2080 645
2080 4372
2080 2974
4102 3361
4102 628
523 3904
523 976
3904 4492
3904 280
3904 2210
3816 4273
3816 3770
3816 4254
3816 1552
4273 606
4273 2483
4273 744
4092 4946
4092 1777
3998 4370
3998 2045
3998 1067
4370 2393
4370 2140
408 2887
408 1824
408 3602
2887 665
2887 865
1430 1494
1430 4651
1494 3880
1494 2564
1494 806
2735 1093
2735 3927
2735 2482
842 1186
842 144
842 2234
2108 4886
2108 3285
2108 2803
2108 2184
4886 2773
4886 1465
4886 3745
876 3608
876 4378
876 3717
749 2310
749 2847
749 3657
2310 606
743 839
743 4548
743 4155
743 3343
839 4387
839 18
156 2813
156 2706
156 261
633 2837
633 4491
633 4107
2837 765
2837 858
2749 2802
1409 4097
1409 3853
1409 195
4097 932
4097 2683
2679 4973
2679 482
48 1425
48 1614
48 3237
48 3064
1425 2715
1425 2380
1425 1021
3762 701
3762 1129
2444 2528
2444 2325
2444 3084
2444 1988
2528 4394
2528 3669
367 2425
367 3705
367 3365
1196 4133
1428 3497
1428 4405
1428 159
3497 3706
3497 2470
1539 949
1539 1329
4316 4869
4316 1092
4316 3332
4316 1691
4869 2236
4869 163
2773 3246
2773 4050
2773 486
3246 2212
3246 1763
3246 4950
1720 105
1720 2640
1720 1054
1597 4786
1597 3174
1597 3751
4786 3622
4786 3090
713 3983
713 4774
713 2122
713 1719
3983 4882
3983 961
3983 4879
1579 3624
1579 4929
1579 4873
1579 1441
3624 2014
3624 4633
3624 2190
2680 4934
2680 1081
2680 4427
4934 1622
3498 781
3498 4533
3498 4580
242 3261
242 2889
242 3471
242 4499
3261 3317
1856 3295
1856 1869
1856 1891
3295 2554
3295 3285
3295 1768
1614 3877
2393 4271
2393 2448
160 4243
160 3397
661 1524
661 75
1524 3924
1524 3710
1524 2807
708 4059
708 4182
708 109
305 962
305 4932
305 1735
962 3572
962 1363
962 4137
1351 3532
1440 2180
1219 1479
1219 894
1219 261
1219 4311
1479 3061
1479 2341
2895 4037
2895 928
2895 1192
2895 1643
4037 897
4037 3740
1635 3023
1635 1923
1635 1503
3023 142
4946 2745
4946 4448
4946 4622
4056 3430
4056 2791
4056 1904
4569 4627
4569 168
4569 3153
707 3907
707 1122
707 2195
707 1001
3907 4851
3907 831
3907 4683
9 4930
9 502
9 1742
9 2799
4930 247
4930 21
2337 4813
2337 852
2337 43
2337 3959
4813 3042
4813 4531
4765 4087
4765 2430
4882 2565
4882 3645
1247 186
1247 4768
3369 4924
3369 729
593 1477
593 4026
593 3201
593 4113
1477 1514
1477 4543
1477 1272
3828 2357
3828 4985
3828 2177
1796 1967
1796 482
1796 4676
1967 4019
1967 1066
228 1481
2719 3546
2719 4969
2719 2214
3546 1157
3546 4899
3546 1464
3607 4258
3607 304
3607 1987
4258 2518
4258 1172
2244 4251
2244 1185
2244 967
2244 3251
4251 702
4251 1820
1114 4425
4425 3685
4425 800
4425 75
332 594
332 1502
594 4877
594 2399
594 4215
2932 4794
2932 1788
2932 4943
2247 2801
2247 4361
2247 1674
2801 4501
2801 3233
2801 3554
2385 4496
2385 2488
2385 3669
2385 769
4496 4107
4496 3529
197 1929
197 2548
197 2377
1544 3222
1544 1637
1544 4920
3222 2226
3222 4818
209 879
209 335
3544 873
3544 3153
3544 2201
4314 1163
4314 1855
4314 1254
3227 4073
3227 4612
4073 4334
4699 2380
4699 3265
4699 3096
3747 2448
3747 2219
706 1329
706 1887
706 13
1329 3708
2742 3299
2742 1416
2742 4910
3299 2021
3299 575
3299 2923
3622 1452
3622 375
3622 3136
2929 4396
2929 1046
11 474
11 3122
11 199
474 4846
474 3252
391 3039
391 200
391 2395
301 764
301 1615
301 3957
301 3815
764 3499
764 3270
764 1961
3431 667
3431 4437
3431 1003
782 1909
1909 3081
1909 3636
1909 159
2489 4317
4317 3670
4317 2713
52 181
52 2729
52 4855
181 1803
181 2427
181 575
4096 4563
4096 6
4096 3065
4096 794
4563 3954
4563 3057
4563 2263
978 2907
978 1835
978 2726
2907 2623
2907 322
1142 3310
3310 3519
3310 3223
3310 3171
603 4717
603 4090
603 1158
603 3609
4717 1920
4717 2014
4717 600
174 4493
174 2321
174 359
4493 3505
1768 2311
1768 390
800 2563
800 3075
800 4885
2563 4055
2563 471
3861 4952
3861 1186
3861 932
4952 286
4952 4544
790 4787
790 379
2455 4631
2455 4123
2328 3400
2328 3405
2328 389
3400 205
3400 2709
952 2349
952 1480
952 3452
952 3932
2349 4494
2349 4059
1158 4013
1158 3631
4013 2122
4973 4238
4973 50
1630 3213
1630 893
1630 646
1630 1724
3213 2334
3213 863
3213 975
2255 3897
2255 835
3897 2412
966 4874
966 2931
4874 4158
4874 3177
4874 144
710 2271
710 2729
710 811
2271 2683
2271 1162
2271 3806
688 3942
688 3929
3968 1600
3968 3240
3968 919
2151 3856
2151 4249
2151 3188
2151 3648
3856 4302
3856 2059
4950 2127
1874 898
1874 4892
1874 3820
1743 4924
1743 1268
1743 1125
1743 1070
4924 4660
3052 3243
3052 4394
3052 4011
3052 4323
774 4406
774 2205
774 136
774 943
4406 1981
4406 2074
690 3602
690 1346
690 3267
3602 2703
3602 1570
2514 3294
2514 1767
2514 3721
3294 3340
3294 3001
3480 678
3480 1238
3480 2854
1587 4762
1587 328
1587 4779
1587 3034
4762 3810
4762 4673
3915 2535
3915 4531
3915 1525
3542 4384
3542 2068
4384 1245
4384 958
4384 2249
3600 4151
123 4507
123 3229
123 3978
123 3923
4507 2527
4507 4690
4507 1840
1748 3587
1748 4019
1748 1680
1748 4065
3587 901
2356 2367
2356 259
2356 62
2367 1764
2367 3477
2210 4001
4001 4849
4001 3526
4185 3345
4185 4597
4185 1845
2245 3425
2245 3102
1770 2830
1770 393
1770 2707
2830 610
2830 1159
2830 3373
1568 2536
1568 4885
1568 4724
2536 4230
2536 1126
297 723
297 3741
297 3196
297 1077
723 4312
723 3027
723 673
1145 1699
1145 666
1145 2954
1699 515
1699 1364
2541 2710
2541 1905
2541 1792
2541 180
2710 2478
245 4997
243 4700
4700 62
2593 4793
2593 4009
2593 4410
4793 3068
4793 2989
843 2492
843 873
843 3233
843 1126
2492 972
2492 2184
1709 3109
1709 672
1709 3345
3109 4770
3109 4515
3109 4349
4857 4695
4857 3573
4857 3456
1189 3513
1189 750
1189 908
3513 4090
3513 4424
286 4164
286 3795
311 2067
311 2715
311 1899
2067 2327
2067 2277
4089 2695
4089 2126
2223 4512
2223 2030
1092 4783
1092 2584
4783 153
4976 3535
4976 4286
4976 4945
4715 3708
4715 1500
4715 2070
2649 3996
2649 2178
2649 2510
3996 115
3996 276
2039 4005
2039 3416
2039 938
2039 3277
4005 2391
4005 3046
4005 665
778 1958
778 2099
778 12
778 3509
1958 2047
1958 3659
1958 4736
1957 2350
1957 2838
1957 3426
2350 252
2350 41
1306 814
1306 1724
1306 168
3756 259
3756 4000
3756 3155
4229 740
4229 2147
328 578
328 4446
328 1077
578 2281
578 855
578 714
1412 1480
1412 628
1412 1612
1480 904
1480 2491
2584 4912
2584 4213
2584 3837
4912 1670
4912 3578
4912 178
1814 3411
1814 4255
1814 4879
1814 928
3411 775
3411 4727
2720 3167
2720 2805
2720 1947
3167 3778
4586 4612
4586 1231
4586 4546
951 1755
951 4766
951 30
1755 3244
1755 1895
511 4445
511 3237
511 2033
511 2434
4445 2963
4445 2020
4445 3628
1333 2026
1333 4416
645 2417
645 249
2417 3281
2417 240
2366 2580
2366 1331
2366 4490
2580 2427
2580 4576
291 1204
1204 1359
1204 4208
3908 3981
3908 1374
3981 3499
3981 1715
3981 1633
3309 3477
3309 3281
3477 2740
3477 1899
145 497
145 3484
145 3331
3553 4994
3553 2587
3553 563
4994 417
4994 3590
1074 1888
1074 3153
1074 4559
1888 2974
1888 370
3038 3253
3038 2157
3038 2212
3038 2602
3253 2851
3253 4228
3253 363
1882 3522
1882 4678
1882 1280
1882 2828
3522 3118
3522 2177
3522 3106
4929 4205
1924 906
1924 4453
1924 1208
1155 1550
1155 2913
1155 3473
1550 3821
680 686
680 1086
680 3857
680 55
686 4984
686 1394
1303 1694
1303 2033
1303 766
1694 1535
1694 750
1481 2408
2408 2418
2408 541
2408 1498
1800 4512
1800 2171
1800 2438
1800 2591
4512 3377
4512 1511
3396 4400
3396 64
4090 3803
4090 4119
2261 4677
2261 2965
2261 445
4677 3829
4677 2238
4774 4274
4774 1700
4774 1651
1437 4210
1437 2406
2000 2787
2000 3901
2000 470
3301 1732
3301 1735
73 3452
73 2201
73 3688
73 4662
3452 2136
3452 4237
2432 3313
2432 3257
2432 355
3313 4990
3313 2619
3313 3821
4609 2880
4609 1041
4609 486
4920 3284
4920 1321
1486 4129
1486 3790
1486 4474
4129 3727
4129 4769
869 3008
869 2574
869 1787
879 883
879 1396
879 1570
883 3370
883 4584
883 2293
55 3609
55 3999
3609 3457
3609 2122
3095 3583
3095 4011
3583 1133
3583 2072
2771 4015
2771 2661
2771 384
4015 1509
4015 4535
4015 1150
973 1159
973 507
973 4021
973 4062
1159 3937
3893 1670
3893 3716
1268 318
1268 4530
3963 4158
3963 263
3963 251
4158 1340
2933 805
2933 2464
2933 627
1889 98
1889 4152
1889 4831
1839 3743
1839 1181
133 1445
133 4554
133 777
133 3077
2787 1002
2787 4474
2787 2746
359 3789
359 4755
359 4272
3789 1821
4179 3097
4179 2346
1543 2112
1543 4619
4059 2046
3912 2170
3912 134
4008 2754
4008 1140
3730 3152
3730 1532
3730 2700
1668 2357
1668 1942
4033 1317
598 4502
598 4636
598 933
4502 4010
4502 1778
1279 4809
1279 410
1279 3257
4809 3196
4809 4739
3686 4449
3686 4969
3686 2756
4449 3975
4449 3662
2195 4593
2195 3414
2195 4844
4593 97
4593 2335
2360 4528
2360 641
4528 205
4528 4576
3580 4739
3580 3932
1080 3288
1080 527
1080 3777
1080 4811
3288 2901
3288 3214
1593 3713
1593 2402
1593 1801
1593 3446
3713 3822
1532 3413
1532 2281
4798 3870
4798 425
4798 559
4240 4937
4240 1415
4937 4437
4937 4201
1449 2724
1449 827
151 2632
151 178
151 584
2632 4405
2632 260
4225 4590
4225 3043
4590 681
4590 4981
4590 4732
3377 904
3377 4447
3803 4481
1343 2143
1343 3374
1343 3060
1343 4909
2143 4606
2143 3997
92 1624
92 992
92 532
1624 791
1624 2109
1624 35
693 3894
693 1280
693 3798
693 1120
3894 2364
3894 2053
3382 4947
3382 944
3382 4902
3382 3181
4947 3770
4947 387
1612 1751
1612 1586
1612 1
1751 3825
1751 4574
1751 1609
455 4680
455 3340
455 3770
455 2788
4680 4441
4680 4374
4680 2438
729 1450
729 2106
729 682
1450 2597
1450 265
1450 1995
3942 3177
3942 2915
705 4437
705 3350
705 128
705 2029
2281 2301
2281 2001
2040 2150
2040 1848
2040 103
2040 4448
2150 4823
2150 3763
2150 2159
1540 3269
1540 1254
1405 2060
1405 2718
1405 2107
2060 3568
2060 3770
3662 387
4028 4649
4028 327
4028 1035
2199 4772
2199 3125
2199 4480
2199 4516
4772 257
4772 3763
1761 4053
1761 1178
1761 3521
4053 4292
4053 2573
4053 756
2821 108
2821 2120
1483 3560
2256 4134
2256 4720
2256 3414
2256 4555
4134 3204
4134 4443
4134 2160
2779 4697
2779 1872
2779 815
2779 4899
4697 795
4697 1453
4697 306
4291 747
4291 4295
795 2486
795 2975
795 2515
2486 3590
787 2069
787 2129
2069 3349
2069 3024
2069 4890
1141 1538
1141 3212
1514 2184
1514 1379
3536 522
3877 203
2574 2157
2574 2399
1669 2028
1669 1892
2028 1043
2028 4023
452 1519
452 2426
452 1278
452 3013
1519 64
1519 3379
1519 610
1235 3495
3106 3648
3106 3361
3106 3374
3648 4167
3648 4539
649 2781
649 3378
649 2027
649 3729
2781 2238
2781 3465
2781 1363
1122 3107
3107 4311
3107 178
247 1338
247 714
1338 591
1338 917
1338 4016
2287 3465
2287 2825
2287 4374
2287 692
3465 1534
3475 4617
3475 1907
3475 1222
3475 3257
4617 1191
4617 1293
1710 1383
1710 4489
1710 4219
651 1148
651 4239
651 4119
651 288
1148 2484
1148 2172
1148 4116
944 4539
944 3403
4440 1954
4440 4944
4440 2333
2033 2269
2033 3344
3184 4752
3184 580
3184 4017
36 3579
36 1837
36 176
3579 825
1523 4152
1523 170
1523 2306
4152 3846
4274 4084
999 4854
999 702
999 190
999 324
4854 2994
1516 3931
1516 3010
1516 2102
1516 2094
3931 2518
3931 1062
740 3678
740 3401
1055 2170
1055 4147
1055 3035
1055 469
2170 2185
702 918
702 1766
918 3418
918 1367
4851 814
4851 459
1120 4901
1120 2852
216 3974
216 1017
216 2685
2607 4499
2607 2575
4499 2596
1555 2314
1555 3588
1555 1941
1555 1069
2314 1290
2314 2707
3080 3471
3080 1737
3080 4619
2498 2497
2498 4666
1439 3665
1439 172
3141 2110
3141 2538
541 1225
541 3389
541 1865
1225 4478
1225 2306
1653 2876
1653 19
1653 1584
2876 3
2876 1263
2185 1729
2185 2944
2596 4524
2596 2001
4524 2856
4524 1404
1130 2523
1130 2430
1130 4249
2523 4285
2523 4459
2523 4482
3524 3980
3524 1493
3524 3575
3980 2775
3980 1375
3939 907
3939 3418
3939 2296
4828 3419
4828 4099
4828 836
4759 3034
4759 3001
193 2872
193 4684
193 2173
193 3050
2872 1085
2872 4114
4684 2657
3776 2831
3776 1575
1858 1674
1858 492
502 1927
502 3940
502 4908
933 4301
933 2760
4301 3902
4301 4135
4301 4463
372 574
372 4564
372 81
372 3356
574 959
574 140
2847 4151
2847 3168
4151 2603
4151 2548
4252 409
4252 2467
4252 4489
1561 4904
1561 672
1561 2729
4904 4181
4904 486
938 1769
1769 1230
4230 2518
4230 1859
3054 4017
3054 4260
3054 2901
3054 3263
4017 4954
2449 3592
2449 1193
2449 507
3592 4296
3592 2551
3592 2240
889 2641
2641 180
928 389
928 4077
747 4121
747 2124
2344 3710
2344 1746
2344 1857
3710 1776
13 3036
13 1421
3036 4184
3036 3675
606 1072
606 1454
2741 2691
2741 2016
2741 424
1072 241
1072 4630
2603 2594
2603 717
2162 2598
2162 4962
959 4094
959 3682
959 1228
4094 3005
4094 4849
4094 3751
1915 2409
1915 3055
1915 625
2409 4639
2409 3691
2409 1728
3822 3837
3822 2114
3837 1949
3837 552
577 118
166 1618
166 4658
166 322
166 2309
1618 4621
88 742
88 2967
88 4231
742 4198
742 2799
1441 2392
1441 4154
349 4186
349 1831
349 4863
4186 89
4186 274
4186 1455
2718 586
2718 3953
400 3273
400 2263
400 4453
400 4548
3273 222
3273 2547
4624 1745
4624 3338
4624 1703
129 1222
129 1515
129 4701
129 2908
1222 3044
1847 1160
1847 1846
1745 3853
1745 678
1745 898
1506 3896
1506 1893
1506 1601
1506 302
3896 2027
3896 2838
3896 963
2747 1097
2747 3891
418 4932
418 4968
418 923
418 538
4932 3882
4932 2948
4695 871
4695 392
4695 116
1472 4347
1472 3987
1472 3902
1472 3283
4347 2875
4347 321
2669 4199
2669 596
2392 2962
2392 3204
2962 4345
2962 4196
2962 3298
4704 4954
4704 1661
805 3846
805 4270
1328 3235
1328 1030
1328 1749
3235 2506
3235 2940
837 4626
837 2953
837 4253
837 2878
4626 2697
1981 1193
1981 2994
2925 3133
2925 3772
2925 3002
2925 3319
3133 2123
3133 537
3133 1592
2613 3979
2613 1695
2613 2128
2613 2358
3979 4790
3979 476
3902 3509
3902 3343
1117 4919
1117 2529
3268 3284
1295 2110
1295 1232
1295 1779
1295 4826
2110 459
2110 354
53 1497
53 1383
53 281
3211 3512
3211 4962
3533 4516
3533 930
3533 908
618 3549
618 2723
618 2626
3549 3447
799 2848
799 2863
799 3992
799 4812
2848 2724
2848 925
2848 3394
1774 4790
1774 3395
4790 4956
4790 983
2697 4127
2697 4266
3257 3419
3870 4788
3870 3340
3870 3312
4788 4111
4788 4000
4788 4941
2456 1803
2456 3154
2456 4154
2038 475
2038 198
821 3114
821 4123
2225 2369
2225 219
2225 1355
2369 1771
2369 1364
3200 3654
3200 438
1680 2666
1680 308
1085 1393
1299 1714
1299 429
1299 4413
1714 4843
1714 4104
3746 4664
3746 1356
2426 2077
2426 257
3345 316
4342 4561
4342 4622
4342 1576
4683 5
4683 857
2391 267
1205 3285
1205 1232
1205 4220
1205 3593
3285 2212
3499 1321
3499 735
199 1176
199 4894
199 580
1176 3844
3265 4403
3265 1546
3265 1500
4403 37
1596 2753
1596 3659
2753 1813
2753 2714
752 2125
752 3698
1704 4719
1704 144
1704 902
1704 4236
4719 1503
4719 4112
1123 1733
1123 945
1123 1782
1123 255
1733 282
3251 3752
3251 350
3752 605
3752 2070
878 4357
878 1656
878 4566
878 217
4357 4739
4357 608
4357 4447
899 4361
3244 4133
3244 2737
3588 1864
3588 4838
459 2301
459 4879
2301 2467
2301 282
2113 3685
2113 380
2113 3245
3685 4756
3685 1270
789 2904
789 803
4584 1369
433 4345
433 3311
433 1728
433 3042
4345 4191
4047 4424
4047 1129
4047 4253
4047 4885
4424 1065
4424 3818
1546 2605
513 3370
513 698
513 1429
3370 985
3370 3236
2050 2126
2050 4489
2050 2806
2050 8
2126 1312
2664 2936
2664 3264
2664 313
2664 21
2936 2300
2936 1499
2936 4877
3994 3517
3994 4469
3994 1104
454 4018
454 644
454 1998
2639 170
2639 2483
870 2548
870 2864
870 1156
870 4895
2461 3596
2461 2834
2461 61
3596 727
3596 3490
3596 2610
2406 3129
2406 630
2406 1173
3129 1952
3129 3556
3954 4191
3954 2948
348 3670
2760 4519
2760 1022
2760 4321
4519 874
4519 344
4519 1615
2104 4957
2104 3971
2104 4487
1973 3781
1973 3453
1973 2759
687 2722
396 1332
396 1067
1332 629
3389 4855
3389 4206
3010 2873
3010 2843
218 3586
218 2044
218 4302
218 3372
3586 4088
3586 4770
3586 1620
4358 4579
4358 875
4358 3152
4579 415
4579 722
4579 1132
469 3712
469 66
727 3951
727 8
727 2751
3951 4405
3951 3143
3951 3867
2010 255
1820 1996
1820 202
1820 695
1996 1865
1996 275
104 3249
104 1417
104 4210
3735 3210
3735 1216
3735 351
3573 4100
3573 712
3891 4040
3891 2390
4040 551
4040 3194
4040 3763
3636 4972
3636 3150
4972 3274
4497 1730
4497 597
3093 3478
3093 3304
3093 931
3478 1360
3478 419
3478 1893
1939 760
1939 1919
1939 3741
4405 4592
3220 3572
3220 2623
3220 0
3220 2269
3572 1946
3774 4459
3774 3005
3774 1191
4459 2844
4459 612
170 2820
170 2372
3150 1741
3150 3455
3150 1552
1990 2959
1990 3293
1990 2497
1990 2542
2959 582
2959 3172
2959 1953
1637 4212
1637 1451
1776 3335
1776 4991
1776 698
3335 1824
3335 3410
1907 4467
4467 1742
4467 1787
4467 3300
1432 4117
4968 385
4968 3530
4968 3704
1462 3183
1462 678
1462 4529
1462 3899
3183 818
3183 4373
3183 3203
224 1156
224 4236
1885 4739
1885 4257
2477 3160
2477 3247
2477 1641
2477 980
3160 3605
3160 3616
714 2549
714 3835
2549 142
2549 921
695 1318
695 4132
1318 2617
1318 4404
1318 632
3605 3561
3605 4312
1325 3441
1325 3056
2325 3850
2325 1739
2740 2721
2740 4880
1895 2761
2705 4414
2705 3445
2705 3114
2705 2953
4414 1849
4414 128
4414 2237
2102 4750
2102 3852
4750 1848
4750 2260
2003 3928
2003 354
2003 1023
3928 470
3928 2852
2249 4298
2249 2404
2249 1690
4298 1375
2068 3881
2068 4343
2068 4372
1024 1029
1024 3866
1024 3090
1024 2109
1029 371
1029 2372
2791 1022
2791 1656
1221 2043
1221 432
1221 136
1221 346
2043 3886
2043 4366
581 3676
581 2831
581 3782
581 3507
3676 3663
2875 3347
2875 4526
753 4604
753 3751
753 2277
753 2662
4604 1413
4604 627
1843 4901
1843 4218
4901 1103
4901 630
1102 1153
1102 4460
1102 663
1153 140
1153 1692
3957 1948
2831 3825
2831 2690
3825 1081
2441 4664
2441 3152
2441 3766
3005 760
316 1929
316 4839
4441 4856
385 3916
385 2979
551 703
551 2780
551 1032
703 4413
703 2061
703 1740
674 1908
674 4306
674 3652
3717 4865
3717 3892
4865 4654
4865 234
2509 3764
2509 3303
3764 2702
3764 4289
3764 4042
4261 2540
4261 3806
4261 2567
791 3727
1356 4387
1356 4943
1356 4243
4387 4805
4326 3628
4326 3254
1965 4652
1965 1617
1965 3342
1965 4659
4652 4311
4652 4032
4652 2683
1038 2335
1038 2880
1038 3306
2335 4423
2511 4439
2511 4768
2511 1254
2511 1778
4439 1023
4439 841
2136 3064
2136 2330
2136 1248
1955 3405
1955 3339
1955 1664
1955 2428
3405 3547
3405 3112
3445 691
3445 2904
3743 2532
3743 1936
3743 284
493 4268
493 2857
4212 567
4212 2538
943 2766
943 3926
2766 2666
2766 3571
4770 4675
3351 4837
3351 2049
3351 585
4837 4334
4837 2012
4837 3149
660 3884
660 1538
660 2520
3884 4732
3884 4804
407 3357
407 1215
407 3180
407 4463
3357 524
373 1679
373 3025
211 2692
211 1345
211 1809
211 1360
2692 3608
2692 1759
2453 1128
2453 4941
2453 1917
107 3640
107 831
107 2141
3640 3575
3640 1984
1011 2702
1011 1935
1011 4830
701 4216
701 3490
4087 4657
4087 1211
4657 4662
4657 4329
2470 4705
2470 263
4705 4544
1592 2937
1592 1052
2463 2587
2463 1994
2463 341
2463 2381
2587 3356
526 3419
526 2662
526 4418
3419 1217
4469 2023
4469 2731
2589 2500
2589 4305
678 4534
4544 4641
4544 1019
4641 1137
4641 465
1994 3368
1994 3205
1994 1567
3368 2054
3368 4951
685 4503
685 3040
685 4761
685 350
4503 1887
4503 819
2209 4222
2209 2208
2209 865
1183 2127
1183 720
1183 1784
817 4266
817 644
817 923
817 4811
4266 3840
1940 2572
1940 2676
1940 1386
1940 4815
2572 468
2572 2564
1572 2440
1572 1930
1572 3849
2440 252
3987 4638
3987 4043
138 3053
138 4023
138 887
138 2943
3053 2224
3053 4769
3647 4204
4204 2849
4204 1912
657 2508
657 3551
657 766
657 2565
2508 298
325 2134
325 4140
2134 1248
2134 357
2134 1215
2425 4808
2626 3123
2626 2709
2626 238
3123 1643
3123 3456
3672 3815
3672 4175
3672 4564
3672 2945
3815 3441
2123 61
4113 4948
4113 4890
4948 4536
4948 1391
3110 3765
3110 2939
3110 2398
3765 1750
3765 468
3765 4009
4712 4881
4712 2527
4712 3217
1848 1361
1848 552
2948 823
2542 1060
4838 2783
4838 1066
98 382
98 4392
98 3967
382 1217
382 118
3061 2148
3061 3854
395 2331
395 3266
500 472
500 2240
500 2921
3050 733
3050 886
2263 543
2263 2239
4696 1977
3249 3317
3249 972
162 1897
162 3439
2927 3404
2768 3487
2768 508
2768 1493
3487 476
3487 4364
3487 3913
1923 3757
3757 2809
3757 3194
3104 4313
3104 1008
3104 2892
3104 905
4313 1824
4313 848
4313 608
851 1991
851 939
851 1298
1991 1869
1991 357
1991 863
1420 3718
1420 4288
1420 3365
3718 231
3718 356
3718 1836
108 2999
108 567
2999 2950
2999 4452
1510 2312
1510 4246
2312 4858
2312 2857
1030 125
1030 3125
1391 4830
1391 1280
4830 567
4830 1392
990 3712
990 4797
990 515
2851 2983
1109 4574
1109 3554
1109 3633
4574 4917
4574 3732
683 4896
683 1679
683 2722
4896 435
4896 4010
4896 1576
819 3528
819 1345
3528 4651
3528 4108
2737 3015
2737 584
2737 2939
3015 2931
1553 3248
1553 3074
1553 381
3248 4032
3248 2269
2148 3169
2148 2532
2148 751
3169 4733
1213 3633
1213 3725
1213 4044
1213 1065
3633 636
3633 2896
3138 1966
2702 4277
2702 2796
861 3799
861 3936
861 1421
3799 1487
3799 1070
3041 4679
4679 4709
4679 2535
1264 3886
1264 2190
1264 356
3886 1272
2334 1575
2334 4321
273 3523
273 307
1466 3197
1466 3170
1466 200
3197 4873
3197 3781
4007 580
4007 4245
4007 1746
2424 4782
2424 0
4782 1161
4782 3414
4782 167
4199 1687
3692 3484
1598 2957
1598 3574
2957 1020
2957 2107
2957 4400
125 3997
125 1200
125 1929
1929 3581
1097 1312
1097 2396
1097 4674
3338 4146
3338 3195
3338 2583
4146 2214
4146 3929
2938 2331
2938 614
2938 68
1665 1638
1665 3179
1665 4272
1513 2379
1513 2650
1513 2558
2379 1792
2379 2858
992 1534
992 2484
1715 2400
1715 3841
2400 4262
2400 1910
736 836
736 1982
736 4591
736 232
737 610
3286 3392
3286 127
3286 260
3392 913
2658 4576
2658 4839
4111 4433
4111 111
4111 2161
2295 4394
2295 1416
4649 136
4649 3229
473 2215
473 3188
473 4831
473 2672
2215 221
2215 542
2215 1501
717 3068
3068 2803
1178 4177
1178 4400
1178 4209
4177 932
4177 1322
4177 3394
1387 2840
1387 3272
1387 4508
2840 3421
2188 4688
2188 539
998 3055
998 2744
998 2717
998 1946
3055 854
3055 1711
1019 2354
1019 2513
1019 93
1407 4297
1407 4643
4055 816
4055 1112
1273 4726
1273 266
1273 2636
2800 3308
2800 997
2800 238
3308 806
3308 3656
3308 4714
2203 4125
2203 3342
2203 3482
2203 2116
4125 2682
4125 1010
2795 4330
2795 775
2795 965
2795 1423
4330 324
4330 1836
4330 1488
3916 3444
3916 3143
3189 4534
3189 18
4534 4202
4534 2450
4324 4494
4324 2617
4324 1162
4324 4547
4494 3116
4494 4138
2230 2594
2230 4292
2112 4160
2112 2493
2112 1075
4160 4580
4160 1652
1191 4420
1191 2269
4420 3490
4420 1700
4292 6
4292 44
2889 3204
2889 1521
2889 2395
3204 906
420 1908
420 3263
420 1399
1908 2812
1908 434
1604 2986
1604 550
1604 996
1604 4098
2986 260
2986 4653
2986 1173
1997 4492
1997 2282
1997 2026
4492 2129
221 2289
221 276
221 1361
532 3162
3162 1730
3162 2015
3162 4286
3322 4257
3322 1609
3322 4205
4257 1245
4257 1793
57 263
57 24
57 1696
57 1989
263 1230
1556 4605
1556 2616
4605 1809
1798 2353
1798 3680
1798 4960
2353 1388
2353 1340
781 4253
781 3657
781 2904
302 4721
2529 1110
2529 2610
1697 4771
1697 1464
4801 3430
4801 2048
4801 4162
808 4474
808 1311
808 2686
808 653
4474 3354
2153 4543
2153 586
4823 4963
4823 1374
4823 3446
4963 2838
4963 4190
2776 3393
2776 194
2776 3795
3393 4321
3393 1413
29 4708
29 2164
29 4521
29 902
4708 4559
4708 3526
4708 1712
4766 2220
4766 820
4766 2842
3444 295
3444 2706
3444 457
4678 1076
2633 67
2633 3118
54 1552
54 3003
54 748
54 2635
1552 3923
127 150
1008 1199
1008 3398
1002 1366
1002 1143
1002 4746
1366 2666
1366 1837
2723 798
161 734
161 1788
161 2763
734 159
575 2571
1049 2923
1049 920
2923 415
2911 4114
2911 3226
2911 4513
2911 1416
4114 1676
1961 1522
1961 2404
411 1783
507 4628
507 409
261 3046
2365 2479
1093 2657
1093 3651
1093 2807
654 4412
654 646
654 1358
2570 3347
1590 1573
1590 2638
3935 4458
3935 1828
2096 2798
2096 1289
2096 1330
2096 3194
2798 4295
2798 996
1110 1725
1110 4606
2324 4091
2324 3274
4091 3917
4091 880
4091 1607
2517 3258
2517 1893
2517 4020
3258 410
3293 3029
3293 350
1695 2037
1695 300
1695 556
2140 4594
2140 3901
2140 128
3604 4289
3604 3834
1636 3155
1636 2636
1636 1015
1636 1194
3155 3552
2551 4858
2690 3198
2690 828
6 4233
2619 2949
2619 1493
2619 4458
2949 2652
2949 2676
1854 3923
1854 3065
896 586
896 1656
4690 1010
111 4325
111 549
4325 171
4325 2843
4325 3658
3270 3666
3270 4124
760 303
760 850
3300 4504
3300 4470
2268 644
2268 2381
2141 3658
2141 4443
2141 4887
3658 1522
1392 3714
1392 2183
1232 3214
1232 4322
1803 3668
4029 2674
4029 720
4029 1529
3474 3195
3474 1764
3474 1321
3077 226
2803 431
2803 3632
2021 4468
2021 3379
2021 709
2020 2004
2020 2097
2594 2077
2594 625
3358 4736
3358 2599
3358 155
4736 369
4736 447
1215 4663
1215 4117
616 4842
616 3198
616 546
4842 2648
2950 4305
2234 4164
2234 4061
2234 3745
4164 1058
4164 1846
868 4491
868 4965
868 4061
868 370
4491 1570
4491 3179
850 3178
850 4847
3178 887
3178 1580
3178 2491
4271 4720
184 1801
184 991
184 3529
1801 198
8 2893
1852 4535
1852 3170
1852 2124
4436 4606
4436 2457
4436 217
4436 3371
4606 4285
2533 4709
2533 3075
2533 1060
2533 3287
4709 432
4709 3231
614 1254
614 1783
1358 3826
1358 3688
763 3601
763 548
763 1488
763 3242
3601 97
3601 1992
3682 71
2073 3787
2073 3180
2159 2989
2989 845
2989 1771
3274 4413
1379 4573
1379 187
1379 1872
4573 3750
4573 2377
4573 4067
172 4758
172 2676
1475 4890
1475 4894
1475 4730
207 4016
207 1578
4016 1289
1417 2559
945 1671
945 3275
945 4417
1671 3413
905 3868
905 560
905 1193
3868 1657
3868 1228
3868 682
3725 2330
3725 643
3668 2671
3668 1989
3430 41
2311 1140
2311 653
1641 103
3112 76
3112 4638
3132 2826
632 1468
632 4404
632 3058
1468 182
1468 2854
1043 3398
290 3081
290 1708
290 738
3535 3703
3535 4587
3535 4692
1910 3552
1910 3247
1910 2127
3552 721
3552 1670
3788 417
3788 4997
3788 4404
303 3385
303 2292
303 1297
1280 2087
751 3530
751 3071
3530 2059
2812 3320
2418 375
2418 762
991 109
991 2810
991 1187
3094 2204
3094 351
3094 3298
3195 1917
506 4222
506 2592
506 4069
4222 3512
4222 4986
4824 621
4824 3371
4824 2016
1100 2714
1100 2172
1100 2663
2714 4482
2714 295
4145 4971
4145 2703
4145 4044
4971 1525
4971 1172
4971 530
4539 1239
2828 4517
2828 185
2828 319
4517 2107
4517 4953
4517 1683
2157 2605
2963 3678
2963 30
2963 895
3678 2169
2200 2778
2200 45
2200 3047
2200 427
2778 4375
2778 634
2778 2389
4175 2662
4175 877
4175 119
543 1226
543 1871
1702 2454
1702 761
2454 2051
2454 4688
2276 3252
2276 1259
3252 2242
3252 2874
2543 4106
2543 3166
2954 3126
2954 3201
3126 155
3126 3174
3126 1350
2661 2942
2661 212
2661 3826
2942 4374
2942 4551
2942 4775
3871 3434
3871 3407
3871 3128
390 1906
390 2415
1906 3704
1906 2462
1906 1756
1185 1398
1185 12
1185 4487
1398 3927
1398 635
23 4508
23 1467
23 2155
4508 3920
249 2616
249 4535
249 628
3628 1674
3056 3823
3056 3440
3823 1456
3823 3242
2236 820
3250 40
3250 3384
2974 4487
2761 497
2761 3072
2761 3229
150 4505
150 3037
2782 4993
2782 4446
2782 3079
2782 2231
4993 3395
2860 3087
2860 2926
2860 3767
2860 4892
3087 1503
3087 1166
3087 4142
2288 3187
2288 4038
2288 607
2288 4297
3187 815
3187 200
3187 629
1312 810
357 1916
357 4645
1916 2443
1916 2058
1916 3199
2475 4173
2475 766
2475 2120
2475 4012
4173 496
4173 3376
4173 838
2030 2667
2667 3527
2667 3115
2667 432
1613 2561
1613 163
1613 3732
2561 4847
2561 10
2561 117
2500 1454
2500 667
3434 146
3434 1491
3342 2820
3342 4752
1920 4546
1920 4625
2402 1664
2402 2233
554 3651
554 1495
554 1418
666 3173
666 4121
666 979
50 3766
50 212
3766 4049
3766 942
612 1840
612 2270
612 41
1840 792
2623 2602
2623 1211
3042 93
3042 1678
2482 2805
2482 356
2482 602
2805 4234
2805 219
1947 857
1947 3864
399 3124
449 3608
449 4982
449 3383
3040 4635
3040 2371
3040 1629
4635 2437
4635 1108
4635 3045
508 4727
508 3
508 119
3380 246
2460 1962
2460 3103
2724 4397
2724 136
4397 1491
4397 4280
1893 3024
113 4685
113 518
4685 3146
4685 1350
1259 1529
1259 4416
1259 2637
1529 202
2961 3278
2961 853
2961 1622
2961 4280
3278 4465
3278 3182
515 911
515 3097
911 1266
911 2644
555 1326
555 3926
2575 3115
2575 2222
2575 3750
3115 2780
2468 2978
2468 3817
335 2363
335 1465
2363 4123
2363 629
2363 2280
4991 3203
4991 3610
4991 4447
2736 2756
2736 3506
2756 3079
1681 3476
1681 1497
2387 2576
2387 2228
2387 1952
2576 2598
2576 3534
2576 2012
2638 4856
4856 2109
4856 2534
219 4359
219 3152
4359 3781
4359 1566
1954 4796
1954 2940
2573 2754
2355 1017
2355 2884
754 4099
754 2224
754 3166
4099 4106
1646 2867
1646 1212
1646 1731
2867 816
3182 3591
3182 1290
3591 3798
3591 3521
3591 3984
3035 1789
1525 4349
2825 2703
2825 2578
2825 2198
2666 4965
2656 4341
2656 487
2656 3423
4341 1324
4341 698
1161 3705
3354 3447
3354 1759
3354 4201
1132 4511
1132 91
1132 1691
4511 1345
415 2839
415 3362
582 4843
582 3254
582 5
1348 1963
1348 4311
1963 2450
1963 1448
1963 3638
535 169
535 4870
535 4083
1837 2777
1837 2169
2777 2493
4905 2056
4905 4775
248 3885
248 2051
248 4600
248 3849
3885 1435
3039 672
4543 4625
492 2844
492 1069
492 4018
2844 4540
3631 3275
3631 1347
1591 3967
1591 1181
4731 2186
4731 1496
4731 3441
1515 2984
866 820
756 3401
756 3973
2487 3577
2535 2190
2535 846
2423 3750
2423 1081
2495 4181
2495 3938
2495 93
4181 2031
2583 1166
2583 2940
3798 2700
3798 1772
1865 3706
1865 3858
2608 4778
2608 739
2608 331
855 3136
2826 3669
2826 169
3669 158
2873 4513
2873 4306
4513 4184
4513 1385
2357 1807
1652 266
1652 2448
2644 180
2644 3571
2856 820
2856 3067
2856 3199
4228 3914
4228 1244
478 4778
478 1969
4778 4866
4778 496
1136 4819
1136 4485
1136 4692
1136 1771
4819 2012
1851 4162
1851 4682
1851 4645
4162 3217
208 530
208 2612
208 3297
530 1676
2651 3394
2651 3984
1567 3219
1567 2629
1567 2398
3219 3749
3219 1782
1216 3346
1216 4262
3346 3777
3346 3291
2600 4303
2600 3879
4303 540
4303 157
3307 4722
3307 2711
4722 1721
4722 907
4722 4107
1079 1415
1079 873
1079 887
1415 204
3081 4012
3081 2095
231 2758
231 2294
2758 2829
2758 1977
2758 1950
3198 4127
1708 4540
1708 4051
3218 457
1992 4663
1992 1527
1992 2557
4663 4462
4663 4987
4435 4728
4435 213
4435 4855
4435 920
4728 3099
2893 3642
3071 3515
3071 3722
3515 2433
1482 2479
773 3767
773 559
773 4665
773 1921
3767 2806
3767 4984
1335 3845
1335 4201
1335 1355
3845 313
3845 1048
3845 512
673 2577
1711 1758
1711 2859
1711 424
1758 1350
1758 2036
1758 419
601 4556
601 4026
4556 153
4556 3664
4855 1966
2858 4079
3514 3568
3514 2139
3514 4105
3568 3736
2243 1871
2243 387
2253 4419
2253 3557
2253 86
4419 2231
4419 1422
4242 1606
4242 1192
429 2427
429 2202
429 4796
3074 2857
2674 4853
2674 1712
1478 4069
1478 2429
1478 180
4069 3914
4069 1288
1076 3373
1076 4676
3373 1454
1969 4634
4562 3316
4148 288
3740 4880
3740 2648
3740 715
4880 744
4880 2752
4249 4422
2886 4020
2886 1066
2886 118
2208 4115
2208 1833
2147 3642
2147 3652
2147 1096
3642 4743
3813 1705
3813 3899
2251 4243
2251 2491
2251 765
2251 81
4243 650
4564 3615
319 838
838 310
838 354
852 1111
1111 1394
1111 3974
205 3439
205 2624
487 4644
487 4472
4644 2960
4644 2643
4644 1521
2429 3853
2429 4270
2429 246
3853 4003
898 3130
3130 1887
3130 3168
3130 2859
2480 2836
2480 597
2480 4332
1580 2637
1580 1249
2637 298
30 482
728 3835
728 370
3835 548
3569 3044
3569 567
3569 3787
435 4215
435 3205
1263 4908
1263 1336
715 1904
3846 1557
1615 2167
4747 4132
4747 907
4540 1143
4540 893
825 2502
825 1096
2502 3702
2502 3043
58 3527
58 265
2027 1787
2027 2915
2077 3818
2077 351
1427 3538
1427 369
1427 32
1427 1266
3538 1231
3538 3245
3538 1103
699 4987
699 1362
699 3860
4987 894
355 965
355 1169
321 4132
321 1492
106 253
106 1670
106 924
106 1766
253 2348
253 3428
253 920
3971 461
1135 2681
1135 3917
1135 3024
2681 1560
2681 2293
3323 4377
3323 4916
3323 1937
4377 4558
4377 1243
4805 625
2554 1061
2018 4815
2018 4984
2018 2842
4815 2643
3319 409
3319 3171
620 676
620 4184
1385 4036
1385 985
1385 2014
4036 2241
4036 1780
4036 2698
252 4327
252 4174
194 827
644 1726
1726 4710
1726 4216
1726 1223
3003 3034
3003 350
3003 4255
3034 3805
2694 369
2694 2896
2694 331
2926 3230
2926 425
2926 4660
3230 4594
3230 1783
2497 3608
854 1634
854 2178
1289 1384
1289 827
573 1101
573 154
573 3321
1101 1606
1101 3267
1101 548
3254 32
4651 4206
4651 4982
4457 4761
4457 300
4761 4960
4761 3172
875 1762
875 3463
1322 3088
1322 1788
1322 457
3088 96
949 1128
949 450
4964 1603
4009 4265
1108 1188
1108 2992
1108 1627
1188 2047
1188 2183
1188 4378
307 3627
307 845
307 1564
3627 2945
3627 783
3205 2983
2960 2095
2960 731
3703 4509
3703 18
4509 1982
533 1069
393 2726
2493 1742
2493 310
2114 4733
2114 3927
2114 4961
24 3082
3082 2078
3082 2975
1634 2333
1634 4476
1634 2198
3852 4673
3852 2309
4673 921
3435 2164
3435 463
3435 25
1223 3675
1223 798
3675 1492
3675 932
2117 2129
2117 2991
4756 4116
4756 3829
4176 501
4176 2229
1731 2204
1731 2298
2204 434
2204 1435
873 3697
3702 3841
3702 2023
3702 1610
3841 3956
2410 4392
2410 1918
2410 2816
4392 845
2624 4665
2624 1275
2624 1463
4665 1937
652 341
652 4643
652 1867
1128 4470
190 2796
190 2813
190 1378
2796 403
2109 1075
1601 1867
1867 4852
1867 3527
70 4741
70 2169
4741 2298
4741 2908
4741 3226
2970 4974
2970 3013
2970 2052
4974 4088
4974 4619
416 2031
416 4156
416 1616
416 1035
2031 4710
2031 2187
1363 4165
1363 3426
1629 3113
3113 16
3113 801
1452 3810
1452 1046
1452 2166
2058 3359
2058 887
2058 2194
3359 1930
3359 4430
3359 963
417 431
417 863
3154 4265
3154 4039
4265 188
4265 4960
3210 4740
3210 230
2727 346
2727 1413
2727 4630
4752 3785
4752 1418
2827 2513
2827 2072
2827 164
4906 4967
4906 4478
4906 4135
4906 4207
4967 1054
4967 3906
4967 3362
331 2531
4623 4417
4623 1324
3914 2160
829 3834
829 2978
848 4660
848 3561
1730 3027
1730 2809
4361 4216
4361 2202
324 4287
324 832
1750 1918
1750 3855
1750 2354
4043 266
894 3410
894 4546
3147 3708
3147 4023
3147 1137
3147 3745
3708 1487
2650 4156
2650 2653
2650 4965
4156 1542
1311 4399
1311 611
4399 2972
4399 450
4399 2532
85 204
85 1526
85 3738
85 2004
204 3547
1953 4703
1953 3566
4703 4411
4703 4911
4703 64
4166 671
4166 442
354 196
2229 1849
2448 3496
3496 1603
3496 3214
4887 3855
3196 849
4997 2711
4997 1394
3919 2342
3185 4220
3185 3687
3185 596
4220 1575
4220 1260
2097 3388
3388 3921
3388 352
1226 4245
1226 815
448 3818
448 1781
448 738
448 2042
3818 4270
904 1805
904 3128
3850 3966
3850 3044
3966 4714
1980 3404
1980 2908
1980 2026
3632 1792
3177 3643
3643 2464
3643 1631
1249 4375
1249 3508
4375 1255
4375 4446
1660 4452
1660 2217
1660 822
4238 1330
4238 4468
4019 472
4949 1666
1453 4470
1453 4531
1453 3655
4470 4339
1380 1326
3476 4758
3476 3773
4758 2274
4758 2839
3630 2709
3630 4351
2171 3840
2171 1323
665 1564
1564 3691
1564 679
472 1818
586 2874
140 4422
4422 3304
2237 4066
2237 1735
2231 4483
2231 2198
845 4248
2703 212
105 3879
105 312
105 1988
1559 4081
4081 4931
4081 3362
4081 1362
75 2045
2045 4541
2045 1278
1020 4648
1020 3049
496 392
115 4109
115 570
1487 3517
919 1163
919 3344
1163 4400
1163 621
3781 540
735 4207
735 4616
735 4667
4207 1389
4207 2277
1386 2290
1386 2352
2290 1384
2290 1027
4287 3171
4287 1
28 1779
28 546
1779 3463
1096 4631
1096 2241
4631 164
4631 3519
733 792
1313 2598
1313 3701
2627 4525
2627 1582
4525 2874
4525 1399
3422 4669
3422 814
4669 4133
4669 4195
4669 2931
3581 931
3581 4816
604 3867
604 3913
604 3304
3867 2036
4202 3048
4202 545
4202 2421
1010 3136
3482 1214
3482 2652
3917 2346
3665 3820
3665 2054
4315 4433
4315 2340
4315 2205
4433 1435
4433 546
188 461
188 4645
1423 3103
1423 1855
1059 1061
2829 3064
4136 772
4136 3136
409 1741
1741 1388
1741 3512
1705 3997
1705 2274
4639 1793
4639 3467
2478 4206
2478 26
4206 1831
3616 271
3616 153
1657 2333
1657 299
591 1737
591 2852
312 1051
312 366
312 3156
91 3122
91 1789
1866 2297
1866 3491
3343 2513
2648 3626
2648 2715
3626 4889
3626 3795
3626 2272
238 3164
238 4372
3164 917
3164 3166
3164 1143
1244 4671
1244 2291
4671 3956
4671 4675
4277 3025
466 414
1288 2300
1288 39
1288 2695
2300 2130
2300 128
1737 4910
4893 1367
4893 3442
1081 3203
203 3423
203 1327
203 1451
3833 4210
3833 2964
3833 2346
3833 769
3613 2156
3613 4526
1058 3099
1058 2252
4418 4471
4418 1489
4471 2224
4471 1502
4471 327
2238 2629
2238 4505
2629 2267
4026 662
1467 1438
1467 3146
39 4427
39 975
39 2557
2217 3385
2217 2691
3385 3264
3385 3508
4214 4245
4214 750
4214 2415
4245 3937
2712 3156
2712 3857
2712 3125
3156 1061
4612 1200
4612 2682
3869 4282
3869 2818
3869 392
222 1813
2799 4256
4256 2042
4256 389
4256 1362
4962 2640
1766 3924
853 3245
853 4853
853 2377
1825 3691
1825 2280
1930 3785
4889 2306
4889 2599
4343 2320
4343 12
4343 3657
4526 4595
4526 759
4595 548
4595 2118
503 1661
503 4458
503 858
1661 3560
1661 1548
4501 1845
4501 1041
4501 3615
3794 4144
3794 3425
3794 43
4144 2748
863 2567
748 296
823 2990
823 3199
823 909
2990 1236
2764 4383
2764 1169
2764 1664
4383 4098
3777 3782
295 3726
295 4135
3726 2412
3726 2239
1403 2241
1403 3455
1403 4042
3024 3807
3807 3090
304 3593
304 3237
1384 3645
1384 1164
798 1458
1458 3468
2743 4779
2743 2763
3557 3590
3557 4153
3557 4849
1503 4883
3025 4913
3025 2721
1534 915
1534 650
739 2471
739 1498
739 4505
2471 4133
2471 600
1103 1855
1103 3712
722 3805
3013 1987
3013 3615
1836 3940
1836 3716
3940 731
3397 2494
585 1062
585 4881
1062 288
475 2352
475 3201
1674 4463
4458 84
1393 2205
1393 1805
1048 3264
1048 89
1048 485
1016 4410
1016 3761
942 2452
942 2983
38 1810
38 3180
38 3471
38 4969
1810 3049
1810 1739
1810 2163
3560 31
3560 1522
1383 2490
1383 2904
2490 16
2490 3124
3590 317
4533 4105
4533 2428
3364 967
3364 2186
871 3727
871 4580
3727 505
596 3554
596 1077
3554 1719
1545 344
1545 1999
1545 2588
1935 4378
4327 2565
4327 2578
2836 2992
2836 564
1788 2892
3721 4811
3721 3120
1234 1397
1234 1212
4025 921
4025 4945
4025 3593
2202 3992
3598 3936
3598 1421
3598 3820
3598 3705
3936 282
317 1369
317 2663
317 1211
1369 3456
1369 1548
1952 3221
1952 4670
3221 3387
3978 3058
3978 3236
1606 4654
1606 3407
2156 4894
2156 4951
4894 2166
1645 1650
3180 4180
1086 2610
1086 2222
2219 1912
2219 3070
341 816
1032 1302
1032 1621
1302 3817
1302 3574
1302 801
2640 3406
3125 2558
4262 4196
2532 2457
4253 4108
4065 4254
2036 4653
4653 4464
176 1707
176 486
1707 3416
1707 4521
1707 4654
1367 2752
1367 4863
259 827
1631 4332
1631 4448
1631 650
4332 1691
4332 2023
1781 4895
1781 4276
1781 4430
4895 3316
895 4472
4472 1260
4472 1690
4879 4911
2331 3820
296 3683
3683 185
3683 4658
1075 4312
4312 2446
4411 4213
4411 1725
4411 1643
384 2878
384 447
384 292
2878 912
2878 4427
14 1538
14 2671
2479 3899
2479 4917
3899 849
2433 369
2433 2258
2433 4818
41 1654
1654 1966
1654 4990
2564 3002
2564 4443
3002 4480
3002 2227
4223 4620
185 3882
2341 3697
2341 2037
3289 4751
3289 4112
3289 2767
3289 2865
4751 1330
4751 3571
4751 4981
2173 18
2173 617
1242 2160
1242 3520
1242 1476
2160 2857
3269 570
3269 3344
709 3058
709 2673
3058 2964
4289 3142
4289 4180
679 2506
679 4233
2506 1724
2506 1459
212 2772
589 1982
4329 2084
230 2617
230 3045
230 121
2617 146
318 4297
1283 3255
1283 570
783 527
3967 1217
3967 3217
1389 3339
1389 3179
4011 4931
4011 347
4931 4908
4931 2166
294 4280
294 1595
4280 1551
3166 3507
3507 1948
1378 2087
1378 4127
2087 3047
2087 923
2242 1595
2242 2052
2242 1772
1767 2023
3566 1497
3736 3395
1655 4572
1655 4209
1655 1227
4572 4555
4572 1054
1150 4817
1150 4110
1150 3090
4817 2274
4817 4051
4817 4239
2706 4363
3311 2538
3311 2763
4554 471
4554 1817
4554 1658
1255 924
4064 4527
4064 3858
4064 4664
4064 4246
4527 2754
4527 3934
4527 2294
68 4402
68 310
4402 2085
4402 4755
2565 3143
2412 4376
1397 4638
1397 2902
1397 94
1238 3921
1238 4899
458 3017
458 1157
458 4724
3017 3075
2711 300
3921 2226
3921 3231
939 2499
2499 4140
2540 3240
2540 3060
2042 3324
3324 2983
3324 2597
3324 2772
4108 2320
874 3520
3520 1833
3520 32
1345 4049
2135 3032
2135 497
2135 4804
2135 4372
3032 158
3032 1375
465 4548
465 566
465 997
4548 3379
1186 2991
1186 2976
1 4858
3306 4821
2597 3226
3595 3646
3595 4642
2144 4628
2144 2699
2144 3241
4628 358
4628 2588
2205 2451
1861 3406
1861 4049
1861 2347
3406 835
3406 3697
94 298
94 119
298 556
2190 4826
865 1937
1046 1438
1438 1424
1438 2218
4746 4165
3148 424
3148 525
2186 3046
1326 139
1326 3277
4858 1732
1492 1666
1492 4775
802 1897
802 4597
1897 293
1897 1266
2226 4568
4568 2074
4568 3116
4568 4616
3374 643
4109 76
4109 1787
4109 90
1827 2267
1827 2218
4452 438
4452 967
1999 2843
1999 4981
2843 2125
2562 3656
2562 2139
2562 3506
2562 810
3656 4875
3656 1175
2405 4881
2405 2296
2405 1459
1857 66
81 2227
2227 4835
2227 196
3 2653
3645 2810
2652 2865
2652 2239
2865 2358
2865 2945
425 4260
425 1471
4260 280
2462 3070
2462 4147
2462 961
3070 849
2289 4611
2289 3882
2289 1330
3263 2139
1712 4483
4483 4799
1687 976
482 1632
4941 547
3680 3619
3680 2395
2380 4870
484 877
484 3670
877 4485
877 1230
4625 1511
4625 2744
3651 1875
3416 1331
3416 4138
1557 2939
4255 3901
142 1871
1017 3240
3240 1899
202 1984
202 4592
187 1140
187 3128
187 2116
1231 2976
1166 4190
1166 1465
527 2515
4027 691
4027 1125
1941 4797
1941 2452
4541 16
4541 4953
1182 3491
1182 4853
1182 4910
1182 4283
2340 552
2340 3168
2340 4902
226 3181
155 1659
1659 3934
1659 4362
1001 3349
1001 2896
1001 4926
3349 1872
4755 4297
4755 4764
2964 4917
2964 3618
4664 3657
1214 913
1214 266
1214 441
3790 1782
3790 2358
3790 3732
31 3772
31 378
4642 3398
4642 522
4485 1230
4485 4288
3880 1003
3880 3146
3880 134
672 2534
1703 1499
3174 3555
4675 758
4675 3744
1859 165
45 2272
45 634
45 2187
831 3316
831 1807
718 2913
718 1012
646 2748
3361 3158
71 1804
4961 4529
4961 246
470 2342
470 2882
2342 1005
2342 195
4306 1927
1617 818
1617 2084
1535 3075
1535 1457
1418 4822
1418 4909
4822 4616
4822 4529
476 2944
2051 1917
732 4913
4913 2457
4913 1571
4362 4711
4362 4322
4711 1421
2130 4398
2130 2443
445 3168
445 4799
3468 4835
3468 2503
3468 483
4835 2879
4835 1995
3913 419
765 1240
4447 521
2047 2770
2047 1678
2770 2118
2770 1746
3404 1194
1638 2354
1638 2222
1638 563
980 4902
980 4903
2602 109
3517 281
3517 4648
2968 3938
2968 2531
2968 2908
2968 7
3938 4169
3938 1447
2775 3652
2775 810
2775 4592
3652 2713
3527 1104
1501 2979
1501 2292
972 89
972 923
1845 4866
761 2172
1023 4831
1732 2252
1732 3733
3924 2862
818 587
2467 1003
2467 1729
3738 3577
4285 3621
3872 4155
3872 1463
4155 2172
4155 3407
1530 1651
1530 387
1530 1632
4654 1347
4286 3844
4286 336
414 2560
414 3027
617 3302
617 2308
3302 251
3302 2869
3302 3830
4643 2510
4547 3782
4547 579
4465 885
712 2612
712 1239
4648 392
794 2859
794 3999
2859 1035
3961 2765
3961 201
3961 1198
2568 4816
2568 3705
2568 758
4816 4839
4816 483
19 4404
19 4044
19 3551
3033 4619
3033 3001
3033 4106
3033 1336
1898 4219
1898 2861
3425 4674
200 4088
2494 4140
2992 3504
2992 607
3224 3326
3224 3484
3224 1763
3224 2842
3326 3532
634 1240
634 3506
1240 3509
3855 3001
3291 1228
3291 442
235 1496
235 380
235 327
1496 4205
1496 4951
234 3556
234 663
234 3495
3556 2920
3484 293
1012 2699
1012 1042
1012 3729
2699 1199
2672 3128
4305 1429
1364 864
1364 1582
2676 1444
2834 3066
2834 1633
4877 495
4670 4866
4670 2180
4866 3844
2612 3932
434 3578
434 3186
3578 538
906 4479
1070 1744
901 3571
901 1184
1184 1777
1184 442
1184 1576
1777 2001
1321 772
4919 3646
4780 2863
4780 1763
4780 4655
1696 2716
1696 3701
1696 403
2716 4191
2074 380
1818 3574
1818 2451
2298 2849
4734 2978
4734 146
4734 2915
1361 2191
985 1227
1985 3509
1985 4960
327 4020
2967 2972
2967 1821
2967 4954
2972 2177
1824 1551
44 2046
4738 3778
4738 267
4738 76
4412 1632
1690 1949
1949 3365
4430 1828
4430 4376
1317 3153
1317 2277
1317 958
358 682
358 2119
682 630
366 4587
347 1560
347 4667
2272 3932
4417 2430
4417 3801
514 3312
2371 225
1199 3796
3796 2832
3796 897
4083 2813
1962 2222
1962 588
1962 662
3442 3561
3442 2577
3561 1057
488 1692
488 857
488 1998
488 4396
1692 4983
363 3906
157 2169
157 1370
157 4067
1471 4000
1471 16
1471 2122
4000 3453
610 4530
4530 3773
4530 1616
490 572
4410 2807
3619 3986
3619 4003
3986 4622
1835 4014
572 4139
572 2869
2657 2975
2975 2793
996 2920
996 4808
2920 1717
2920 3384
1396 1451
1396 628
635 2084
635 1627
635 1444
560 4126
560 4910
4126 4084
4147 4106
4147 562
3084 4475
3664 4555
3664 636
4585 4184
547 3181
4917 4985
4985 580
3350 2700
893 993
893 378
993 4142
993 1571
3691 3926
2386 1948
2386 1950
4740 4863
4373 4423
4373 3618
4373 163
4423 2504
483 3065
12 720
720 468
280 0
3142 121
3142 2046
3304 4939
1988 4983
1988 1721
4983 1360
662 1327
4153 419
562 3378
562 4006
3378 1022
3378 1042
1251 1899
1251 636
1113 4953
1113 1499
4953 3236
471 3659
284 1678
284 3635
284 118
1678 4561
4127 93
961 2333
961 1905
2120 2488
2120 4951
3490 920
2713 4850
2061 67
2061 1891
4233 1015
4233 2788
3826 25
3826 336
3875 3408
3875 4195
750 3892
2813 463
97 463
463 3984
731 2861
731 2233
2037 4650
2037 4140
4650 564
4721 3403
4721 2861
1871 4254
1454 1586
2466 4195
2466 987
4195 537
3975 10
3975 4363
1047 3830
1047 1582
3830 4794
2896 3212
310 1175
3276 931
3276 1187
2348 2944
2944 725
2921 4892
1551 3266
1551 1456
1201 3245
1201 1290
4676 2765
4283 421
4283 1890
4839 1459
3593 3748
1828 3521
1260 3114
1260 2864
2054 3097
2054 4084
3097 2191
2128 4658
2503 3402
2503 3297
3402 4804
3402 4538
2917 4124
2917 925
4124 4720
1976 3840
1976 1491
1976 3461
3387 2931
671 3463
671 4138
3421 2434
421 2044
421 1869
421 1950
2044 997
2044 2078
1444 4278
1444 3429
281 1065
2863 1162
2863 4121
4878 3606
4878 1175
3401 2653
4088 3320
1498 1921
4506 4479
3279 3383
3279 545
4656 2452
4714 1676
1936 2321
1936 3231
1521 3143
1521 2282
1003 2364
4476 2057
213 4490
213 46
4591 3906
2472 4154
2472 559
2450 4006
3733 4745
4117 621
1248 816
171 2266
171 3854
171 3272
1607 1063
1275 4776
1275 4594
1275 4545
4776 4956
4776 1938
4776 3973
810 3356
3356 352
912 4804
912 540
912 4231
2868 4988
2868 744
2868 4224
4988 2313
201 3190
2118 2029
2118 1370
2330 1447
1780 3076
282 427
4909 1807
4909 4957
1381 2352
1381 1619
2306 4110
3974 447
4478 167
1778 2421
2421 579
2294 976
1042 4335
1042 518
969 4039
969 968
1137 3171
1137 403
2381 2002
4594 3453
2361 979
1000 3860
1000 1270
1000 2167
2107 4444
3575 4169
2354 4611
2673 4903
2902 3173
2902 4634
2902 3447
1789 522
3408 1821
3408 2029
1560 3849
1560 1817
86 1208
86 3667
1208 4168
556 4688
930 2396
930 1194
2396 442
4276 2309
521 605
521 3181
521 975
605 3186
605 2434
1538 2430
1862 3298
1862 3188
1862 2816
3298 4597
2184 4504
3170 26
1337 3529
1337 3567
4100 1346
4100 4939
22 3655
22 540
1918 777
4038 2832
4038 4659
2488 2534
2488 4743
2534 62
3231 1764
153 4444
2695 1331
480 2070
480 3551
2258 1718
4191 4775
1239 2752
1164 2119
1164 438
2685 3567
251 3413
3413 2220
4726 2558
1457 46
3120 2550
2178 2744
2178 2874
3504 2559
3504 1740
3504 3722
2592 4460
2592 1938
2592 1324
4821 2164
2004 1872
2004 2707
538 4843
538 3158
909 2078
909 1125
37 2910
37 1650
37 726
2910 2504
2910 1610
2910 4141
3577 3505
346 2870
505 4797
505 450
4209 4443
4209 1675
2048 4302
4844 4182
4844 1719
864 4455
4455 3964
4455 4902
4907 4322
4907 2270
4907 2864
4032 2818
597 1071
2783 3698
2783 2746
2783 3158
3698 1243
4182 3748
846 3362
846 3858
1942 2428
1942 120
1942 84
2428 2861
2105 2280
2105 1881
2105 1683
4779 4396
3045 3719
3045 0
3925 1375
225 1112
103 2062
103 642
915 3741
915 2220
3741 167
121 627
121 2270
4112 3621
4112 431
721 4378
4101 139
4101 1622
2201 4771
811 1447
811 1600
811 4482
1447 2296
2513 3099
4479 1160
524 1744
1805 3969
1805 2297
1542 1728
1542 3429
1192 3761
2228 3984
2228 1489
275 828
4587 313
3267 3667
2053 4119
2721 2297
2721 4368
3426 4688
3426 1849
3999 954
4808 4986
4986 1912
293 4852
293 3814
4364 621
1666 3785
276 2095
276 1526
2296 371
3943 4862
3943 4282
3943 1509
4862 979
4862 2882
1573 3190
1573 3048
3190 3814
1069 2682
2550 4282
2550 1063
4282 4733
308 2663
308 3448
2663 4655
1422 4462
3969 4217
3969 61
3969 3073
4213 2987
4213 1341
1875 4020
3857 4169
3857 3562
2994 1537
371 1126
2484 4655
4278 924
4278 232
3959 2313
3959 4226
2515 2870
1603 1723
4727 3334
4727 3806
1928 3429
1928 3638
1928 2802
1928 584
3429 2809
67 3047
210 4248
210 3341
210 2810
4248 902
2446 246
2446 4637
1359 2605
4105 3383
4105 4226
3829 553
2691 1327
3175 2547
3175 1243
2913 3287
925 1340
925 381
381 1526
975 2375
497 1621
759 3423
759 4444
69 4086
3866 3724
3866 4208
116 353
3810 3272
3810 1298
2282 3973
2282 2765
3704 4990
3704 3149
3173 431
3173 4693
186 3214
186 2076
186 4237
1946 4637
4637 2588
4637 2748
803 841
803 1021
803 2854
3118 1950
4217 3303
4217 4849
4846 968
4846 4368
4982 1616
375 4658
375 908
667 403
3076 4246
3076 4464
3076 4218
4246 3719
1061 3146
2155 2609
2155 4666
2609 549
2609 4811
2609 2547
4219 1890
4219 1931
21 4481
1651 1464
1651 1052
2191 2395
3379 165
542 3066
542 1511
4288 353
1989 4006
4006 4107
550 2347
550 2788
3473 3953
3473 611
3562 1374
3562 1585
3724 2240
3724 4633
4545 608
2870 1463
2870 1853
4916 2558
4916 4110
2722 4659
2297 3814
4142 2599
4142 2052
4969 2891
3199 1090
828 2085
4796 1112
4167 1057
4167 1526
1622 2662
4198 3266
4634 299
3964 4079
2352 1509
3339 90
3339 1272
1582 2842
501 907
501 3618
886 4137
886 2979
4137 2559
1853 777
2291 4309
2291 306
4309 2212
4309 769
4309 3659
2891 1502
2891 4115
4239 3732
25 3673
25 1717
3673 3745
3673 1537
389 40
2987 3103
2987 566
3858 1499
3534 4600
3067 4462
3067 1763
322 1817
4561 579
1350 4363
1045 4600
1045 4231
4600 1627
801 3096
3096 1400
2849 611
2849 4349
2320 559
897 4218
897 2746
1067 1169
2731 306
2731 1782
4559 1913
4559 2557
1511 4926
4263 4294
4263 4237
4263 1740
1762 4003
4168 3457
2767 1052
2767 1977
4216 2161
4521 4633
4335 4086
4335 2729
772 902
4944 2793
4944 1066
4622 2399
1227 2049
3860 2881
1984 1977
1984 3663
3247 4945
2715 4323
96 4165
2881 4368
2881 1759
4368 4180
2945 1729
2726 3440
2726 3610
3440 4794
3635 2057
4908 1948
146 4682
4682 447
1442 880
1442 4061
4464 2389
1627 2947
2947 3237
3410 968
1849 1571
139 1212
1054 4444
4205 232
579 4042
2404 675
4516 3787
1324 822
4376 4566
4237 2399
1831 3521
522 4481
3158 3795
1465 2745
46 491
46 3784
491 1610
491 2557
3729 1187
1600 4079
2447 362
2447 1459
4084 3241
1721 1077
641 1683
1683 3782
2520 4939
2520 3073
1463 3778
10 1584
1584 4051
4892 3906
1742 3621
2092 2390
2092 4701
2092 1126
976 4515
3049 3371
4943 1211
3403 738
3403 3383
1021 2745
1090 1804
3670 1891
2491 3508
3384 642
3303 3784
3303 2884
3784 4236
1424 59
1424 1198
1125 2233
2233 1744
4323 3226
4323 3271
564 1804
564 3414
2820 1998
2559 4295
3229 1912
379 3744
3043 4812
3043 1272
1172 2717
1172 3722
2717 1744
1027 4771
1027 4190
1027 1340
2882 2389
255 495
4701 2438
2347 2116
2347 3436
59 3212
59 1400
738 2591
1063 4850
2901 607
2759 240
3927 4760
495 3456
2772 3418
4086 3503
2438 4899
4104 4945
3103 2788
4875 1931
3423 168
257 2818
4044 1675
3044 1284
3241 4294
4294 4627
4062 4448
4062 3334
4062 1817
3574 1905
1675 1643
2139 3503
3114 353
587 4468
587 4956
2979 725
553 2504
553 352
1881 4224
1881 1609
4224 1394
4224 4730
3047 271
1500 602
1500 1620
4139 3663
1927 3467
165 1198
1198 457
4116 196
1759 4667
1341 2599
1341 2183
4453 3892
2002 1902
3332 3503
1489 539
2183 725
51 1548
2577 954
4978 4272
90 2751
1370 4764
1370 675
2124 3334
2057 4745
880 4732
880 2163
3667 1495
4334 4769
4334 120
3347 1448
3316 3503
3201 987
1290 7
4787 2745
725 178
4667 1298
7 4883
7 3621
3341 4627
3341 2313
4720 3297
4566 4349
4850 3037
2292 4061
2292 1784
3446 958
4630 1537
1739 2852
3116 1005
1719 2862
1586 1476
3773 525
3312 4956
1236 1497
3297 2293
119 4295
3882 1571
2001 3004
3004 3223
3004 2252
26 4121
35 1756
1756 2793
1723 3371
1323 1327
1323 1476
1323 1995
3073 4826
1797 3744
1797 2293
1797 4764
4174 602
2560 3973
4067 4504
4831 2510
2313 4592
1746 1566
232 1060
1060 639
1456 4515
1456 4138
924 653
3687 1015
3687 4666
1129 1616
1679 4724
4826 627
441 675
441 1298
2510 3495
2818 4730
963 3390
271 3037
241 4462
1771 4366
2270 2076
2751 4745
2751 1537
2308 1015
2070 726
378 4115
378 4771
4115 3331
336 3716
3817 4926
3817 4218
2879 1804
1495 1585
602 1633
1729 3785
822 2099
4812 3271
2062 4768
2062 625
769 168
1784 4760
1784 1995
4760 588
4760 1566
1429 3805
1610 2808
4768 4154
438 3037
1718 4215
217 2943
2538 1005
908 2358
1548 1455
588 42
2683 3436
726 639
5 3505
5 3722
3505 1717
1921 3495
1057 3801
639 1493
4098 1846
42 4468
4231 1846
1833 1104
3532 4863
1476 3029
468 885
885 4724
849 3506
1902 4666
3926 2267
1399 3761
1362 2167
1619 1620
2094 2252
3461 2443
1293 2076
134 62
1448 3638
3395 2443
2808 3663
2163 539
