3000 6000
1367 2675
1367 1551
1367 1745
1367 2344
2675 2943
2675 1949
2675 669
836 2281
836 419
836 967
836 2225
2281 2316
2281 2472
2281 1663
1053 1280
1053 196
1053 2035
1053 2724
1280 229
1280 1737
1280 447
466 1114
466 2238
466 2763
466 1211
1114 2462
1114 658
1114 1273
2307 2446
2307 1153
2307 2882
2307 517
2446 1178
2446 2274
2446 231
213 1660
213 2133
213 2230
213 2769
1660 1358
1660 1674
1660 2883
168 1171
168 862
168 2417
168 2095
1171 2505
1171 1404
1171 1566
686 949
686 1265
686 77
686 2943
949 2605
949 278
949 263
1657 1915
1657 1750
1657 1273
1657 97
1915 1408
1915 460
1915 748
2439 2896
2439 2390
2439 881
2439 599
2896 128
2896 2180
2896 1462
2608 2772
2608 1530
2608 1536
2608 2159
2772 71
2772 130
2772 2747
1303 2939
1303 1465
1303 1381
1303 2884
2939 994
2939 796
2939 2316
961 1684
961 773
961 2564
961 927
1684 494
1684 2041
1684 1125
1877 2127
1877 2443
1877 2971
1877 1964
2127 1063
2127 582
2127 2538
2548 2646
2548 37
2548 501
2548 1248
2646 616
2646 423
2646 587
2259 2973
2259 1773
2259 2414
2259 2785
2973 2606
2973 799
2973 1436
290 1263
290 1385
290 1907
290 2747
1263 305
1263 2284
1263 879
2094 2889
2094 2757
2094 2040
2094 1143
2889 1271
2889 91
2889 531
349 1584
349 2913
349 2219
349 2494
1584 817
1584 678
1584 2042
10 1278
10 2535
10 934
10 2115
1278 2379
1278 2071
1278 402
16 383
16 2716
16 2423
16 33
383 2342
383 1823
383 1487
1 717
1 1094
1 908
1 1429
717 1039
717 1781
717 35
1691 2028
1691 284
1691 233
1691 2662
2028 120
2028 2363
2028 0
1413 2158
1413 317
1413 2343
1413 2138
2158 277
2158 2819
2158 1995
396 2366
396 499
396 2371
396 1862
2366 597
2366 1799
2366 2859
1329 2852
1329 1242
1329 2150
1329 2928
2852 1348
2852 1846
2852 1757
669 1395
669 1500
669 2586
1395 1803
1395 2986
1395 1309
2086 2251
2086 2126
2086 1947
2086 556
2251 2989
2251 1475
2251 496
1183 2821
1183 2228
1183 1840
1183 1190
2821 530
2821 1404
2821 183
20 1469
20 2933
20 320
20 79
1469 2843
1469 2337
1469 304
110 1185
110 2722
110 2247
110 788
1185 1172
1185 1459
1185 242
201 2891
201 664
201 1034
201 2318
2891 2873
2891 314
2891 1134
682 2330
682 2134
682 2184
682 140
2330 563
2330 2759
2330 1387
2503 2550
2503 1733
2503 674
2503 1522
2550 1019
2550 1837
2550 2472
1316 1629
1316 2047
1316 189
1316 1679
1629 2727
1629 2836
1629 1073
925 1791
925 1523
925 2789
925 2968
1791 2826
1791 1033
1791 768
833 1088
833 1191
833 2102
833 1708
1088 1965
1088 2209
1088 1302
476 2297
476 1603
476 1978
476 1951
2297 2750
2297 1830
2297 2540
1779 2731
1779 1699
1779 622
1779 992
2731 151
2731 333
2731 2252
233 2956
233 474
233 600
2956 2273
2956 1453
2956 511
2943 1662
2943 2691
82 2291
82 2322
82 2924
82 174
2291 448
2291 2576
2291 571
2125 2827
2125 2597
2125 1756
2125 2885
2827 2413
2827 1158
2827 449
1983 2790
1983 228
1983 955
1983 1876
2790 2233
2790 235
2790 1099
270 2341
270 2193
270 2407
270 679
2341 68
2341 2846
2341 1510
1203 2832
1203 2998
1203 978
1203 251
2832 2478
2832 371
2832 2477
2535 404
2535 2870
2535 2642
450 1790
450 2997
450 2737
450 924
1790 784
1790 1580
1790 480
504 2512
504 1556
504 499
504 410
2512 1592
2512 935
2512 894
1170 1266
1170 880
1170 2694
1170 1993
1266 312
1266 2126
1266 1876
198 2619
198 1933
198 2336
198 2198
2619 2793
2619 1041
2619 243
320 889
320 421
320 2298
889 663
889 1721
889 2701
194 2666
194 2931
194 2630
194 875
2666 2826
2666 2936
2666 723
414 843
414 762
414 946
414 2752
843 1360
843 2212
843 1070
883 1538
883 965
883 368
883 2073
1538 243
1538 921
1538 2448
1323 1825
1323 891
1323 2980
1323 1979
1825 930
1825 468
1825 2829
1049 2516
1049 2526
1049 2588
1049 1523
2516 1716
2516 520
2516 1557
772 2901
772 2228
772 134
772 2103
2901 1233
2901 1982
2901 1126
910 2455
910 2475
910 1207
910 295
2455 333
2455 2053
2455 1815
135 2499
135 2325
135 29
135 981
2499 1418
2499 297
2499 2927
52 215
52 407
52 1497
52 933
215 459
215 1754
215 916
1508 1582
1508 2720
1508 2913
1508 1451
1582 557
1582 751
1582 1267
1168 1953
1168 317
1168 1524
1168 2156
1953 2979
1953 2893
1953 180
1039 2982
1039 1764
1039 1732
2982 1760
2982 2369
2982 2138
105 2976
105 2823
105 1110
105 375
2976 83
2976 174
2976 247
1156 2249
1156 1589
1156 2192
1156 727
2249 1562
2249 958
2249 145
2305 2454
2305 1597
2305 819
2305 69
2454 2448
2454 2070
2454 1998
457 1635
457 2728
457 897
457 1866
1635 1071
1635 845
1635 613
1176 2287
1176 1475
1176 962
1176 1274
2287 2601
2287 219
2287 2614
150 1593
150 1705
150 2123
150 638
1593 2058
1593 820
1593 21
561 1450
561 1650
561 1571
561 2569
1450 497
1450 1056
1450 36
897 2024
897 1020
897 309
2024 1682
2024 677
2024 2611
154 295
154 1822
154 2940
154 572
295 1654
295 1400
1651 2954
1651 1027
1651 503
1651 172
2954 855
2954 2987
2954 989
375 2483
375 24
375 1908
2483 1410
2483 2077
2483 2874
934 1268
934 940
934 1189
2502 2762
2502 2212
2502 2177
2502 469
2762 621
2762 1962
2762 2368
597 569
597 1696
597 332
2474 2691
2474 2096
2474 2384
2474 108
2691 1990
2691 2690
589 995
589 2863
589 2222
589 2952
995 1506
995 1250
995 364
1570 2994
1570 1030
1570 2304
1570 539
2994 85
2994 164
2994 1227
1226 2520
1226 2626
1226 1916
1226 1776
2520 732
2520 2238
2520 2431
141 350
141 1806
141 112
141 2189
350 2288
350 92
350 487
2717 2959
2717 1990
2717 2154
2717 2910
2959 870
2959 149
2959 1092
498 2039
498 987
498 1985
498 2857
2039 2917
2039 2246
2039 1223
1388 1588
1388 1711
1388 1846
1388 2844
1588 196
1588 935
1588 471
413 2898
413 2867
413 1463
413 842
2898 2708
2898 1422
2898 2018
618 1988
618 2948
618 1417
618 545
1988 2101
1988 2649
1988 2969
2395 2805
2395 1285
2395 2221
2395 565
2805 901
2805 160
2805 399
1113 2098
1113 1471
1113 2001
1113 1264
2098 1917
2098 1406
2098 2313
1664 2734
1664 359
1664 2322
1664 1662
2734 1327
2734 2350
2734 593
1172 2143
1172 1689
1172 439
1798 2668
1798 1991
1798 2690
1798 1717
2668 379
2668 1552
2668 1451
1867 2118
1867 305
1867 2733
1867 2008
2118 2176
2118 2147
2118 2748
420 2469
420 831
420 347
420 1975
2469 1389
2469 2672
2469 2725
431 2979
431 1284
431 2826
431 1829
2979 2808
2979 1541
1124 2661
1124 64
1124 1560
1124 2740
2661 2485
2661 2352
2661 2536
646 1498
646 2775
646 738
646 1695
1498 2029
1498 242
1498 811
2080 2337
2080 931
2080 1313
2080 351
2337 335
2337 393
583 1845
583 794
583 2807
583 121
1845 1109
1845 2536
1845 81
277 1826
277 1195
277 2373
1826 2814
1826 1827
1826 729
143 1765
143 1946
143 1198
143 2712
1765 956
1765 1327
1765 1065
1250 2321
1250 2360
1250 7
2321 880
2321 1440
2321 324
118 1079
118 313
118 552
118 2493
1079 427
1079 840
1079 2950
784 1609
784 1614
784 1555
1609 898
1609 2046
1609 2303
1814 1979
1814 1437
1814 2568
1814 2068
1979 1518
1979 2802
919 1001
919 2698
919 39
919 856
1001 39
1001 1017
1001 1717
540 1506
540 2099
540 1182
540 866
1506 1908
1506 2383
241 2648
241 1379
241 358
241 1679
2648 1417
2648 983
2648 1473
1315 1596
1315 1975
1315 454
1315 483
1596 2926
1596 1894
1596 2530
1828 1859
1828 1603
1828 2081
1828 40
1859 1282
1859 222
1859 938
1708 2237
1708 2146
1708 1052
2237 2651
2237 777
2237 879
817 2299
817 2525
817 397
2299 849
2299 2256
2299 1038
1350 2991
1350 679
1350 1995
1350 280
2991 579
2991 1429
2991 869
77 855
77 2607
77 2155
855 600
855 2692
724 1474
724 2653
724 538
724 780
1474 1869
1474 812
1474 1776
2058 2488
2058 2020
2058 328
2488 2612
2488 2958
2488 625
1037 2748
1037 1314
1037 1175
1037 2765
2748 552
2748 741
2132 2569
2132 507
2132 2935
2132 2465
2569 1308
2569 1513
2084 2452
2084 2918
2084 2278
2084 2860
2452 2429
2452 1716
2452 332
482 1956
482 1885
482 917
482 2922
1956 1800
1956 2654
1956 2215
945 2792
945 553
945 1307
945 1319
2792 421
2792 1976
2792 1430
1551 2487
1551 1368
1551 2221
2487 2811
2487 2070
2487 1553
2757 2638
2757 720
2757 373
452 1271
452 899
452 2244
452 1813
1271 616
1271 2881
1739 2875
1739 2332
1739 644
1739 89
2875 1072
2875 1968
2875 988
8 111
8 156
8 1935
8 643
111 930
111 1685
111 859
1361 1514
1361 1942
1361 2965
1361 546
1514 1722
1514 554
1514 276
2497 2587
2497 94
2497 541
2497 2184
2587 1338
2587 1525
2587 366
620 2143
620 5
620 2601
620 541
2143 1878
2143 2103
1933 1714
1933 1917
1933 316
1196 1468
1196 570
1196 2730
1196 80
1468 1849
1468 1192
1468 941
2157 2402
2157 27
2157 854
2157 694
2402 2228
2402 389
2402 2043
1872 2953
1872 2026
1872 260
1872 2380
2953 2445
2953 341
2953 2179
1778 1892
1778 2830
1778 2895
1778 1279
1892 2638
1892 2102
1892 753
1857 2643
1857 1019
1857 180
1857 1561
2643 2382
2643 445
2643 462
63 1167
63 548
63 104
63 954
1167 872
1167 2294
1167 962
27 551
27 1394
27 983
576 2410
576 1182
576 2492
576 386
2410 2137
2410 1383
2410 2980
790 2506
790 494
790 1971
790 563
2506 993
2506 832
2506 2139
422 1306
422 1920
422 2523
422 2206
1306 2176
1306 488
1306 1264
1374 1631
1374 1998
1374 2012
1374 2116
1631 759
1631 2006
1631 1815
1579 1653
1579 2117
1579 2485
1579 2609
1653 793
1653 373
1653 518
1711 332
1711 21
1711 2547
165 2714
165 1644
165 2228
165 2741
2714 2589
2714 1931
2714 178
1702 1816
1702 1234
1702 2447
1702 2925
1816 721
1816 905
1816 2213
158 968
158 1612
158 1561
158 1771
968 800
968 2367
968 2670
71 2929
71 2586
71 1904
2929 2597
2929 1406
2929 1646
777 931
777 2113
777 2773
931 464
931 2182
456 1542
456 809
456 2800
456 97
1542 155
1542 1528
1542 747
1159 2850
1159 1652
1159 706
1159 48
2850 1994
2850 1160
2850 1387
2680 2900
2680 1123
2680 1729
2680 2676
2900 1184
2900 23
2900 312
1942 2711
1942 594
1942 775
2711 76
2711 534
2711 220
2695 2942
2695 506
2695 2507
2695 923
2942 580
2942 1952
2942 1119
1955 2128
1955 1616
1955 2802
1955 1197
2128 260
2128 104
2128 2863
1051 1891
1051 208
1051 1502
1051 1866
1891 1880
1891 2722
1891 2175
186 981
186 1581
186 1063
186 1284
981 1601
981 155
2854 2984
2854 1659
2854 2129
2854 1920
2984 1328
2984 214
2984 2771
2229 2453
2229 791
2229 2534
2229 2082
2453 284
2453 1626
2453 656
713 1256
713 1376
713 1178
713 1704
1256 2621
1256 819
1256 2515
19 175
19 1710
19 1135
19 2861
175 2667
175 671
175 1614
1846 1889
1846 1488
1889 664
1889 1723
1889 2422
800 267
800 2052
800 1627
564 1780
564 536
564 1640
564 2798
1780 867
1780 2835
1780 1482
343 2871
343 2224
343 827
343 107
2871 2534
2871 1305
2871 126
2482 2918
2482 196
2482 714
2482 116
2918 1890
2918 2206
704 1667
704 344
704 2405
704 1134
1667 666
1667 2167
1667 2456
114 565
114 744
114 1194
114 2622
565 2025
565 645
614 2593
614 2864
614 1719
614 2306
2593 2592
2593 339
2593 2841
740 2916
740 550
740 1747
740 2107
2916 131
2916 1011
2916 2866
1557 1897
1557 1177
1557 543
1897 2599
1897 593
1897 1029
1763 2460
1763 2106
1763 282
1763 1402
2460 2511
2460 2572
2460 2759
2797 2921
2797 252
2797 1458
2797 649
2921 1843
2921 1279
2921 2211
623 773
623 619
623 1415
623 1612
773 1762
773 896
1117 2311
1117 1375
1117 1564
1117 2275
2311 337
2311 11
2311 640
1410 2985
1410 2628
1410 1611
2985 2234
2985 2279
2985 254
939 1207
939 2300
939 191
939 428
1207 90
1207 443
736 2886
736 2126
736 1381
736 388
2886 983
2886 683
2886 247
599 1153
599 1709
599 2195
1153 1688
1153 2755
1027 2224
1027 2331
1027 2761
2224 505
2224 557
2004 2160
2004 1252
2004 2965
2004 2300
2160 1045
2160 1747
2160 276
974 2187
974 824
974 2393
974 2470
2187 1901
2187 2602
2187 1746
757 2361
757 1487
757 1598
757 1304
2361 2233
2361 2869
2361 2277
421 613
421 804
613 2433
613 1398
95 1618
95 681
95 1337
95 1547
1618 569
1618 857
1618 2373
637 959
637 798
637 2594
637 1922
959 1317
959 674
959 1458
500 2558
500 1795
500 1422
500 1644
2558 2232
2558 2082
2558 285
683 1519
683 2692
683 1685
1519 619
1519 2906
1519 1295
1882 2906
1882 366
1882 2779
1882 1681
2906 1029
2906 2159
997 1509
997 590
997 1255
997 400
1509 612
1509 440
1509 892
1045 2858
1045 1984
1045 153
515 2329
515 915
515 563
515 1968
2329 2811
2329 2113
2329 1968
1420 2060
1420 2467
1420 610
1420 2738
2060 1092
2060 999
2060 663
543 2255
543 2537
543 1401
2255 965
2255 2692
2255 1939
410 2505
410 794
410 2969
2505 1457
2505 2408
346 2507
346 2647
346 122
346 2763
2507 2288
2507 2403
2165 2603
2165 650
2165 55
2165 2473
2603 1706
2603 612
2603 2575
1308 2788
1308 56
1308 792
2788 1127
2788 992
2788 823
846 2655
846 1750
846 1005
846 169
2655 726
2655 56
2655 1749
681 775
681 2632
681 1797
76 2599
76 2256
76 2459
2599 1424
2599 2239
1648 2427
1648 1078
1648 1347
1648 2432
2427 2324
2427 254
2427 2425
553 1991
553 227
553 2744
758 2026
758 2709
758 2151
758 1362
2026 840
2026 1705
1703 2067
1703 708
1703 2678
1703 1713
2067 443
2067 2318
2067 2936
966 1590
966 2436
966 2362
966 2809
1590 571
1590 839
1590 1372
33 1802
33 776
33 2401
1802 2513
1802 1692
1802 2064
903 2935
903 1650
903 1847
903 508
2935 1575
2935 2653
293 296
293 1043
293 395
293 2649
296 6
296 2970
296 665
752 2057
752 2444
752 281
752 230
2057 2857
2057 1461
2057 547
389 2161
389 1614
389 630
2161 655
2161 829
2161 46
875 2261
875 1257
875 2843
2261 304
2261 2769
2261 1938
619 2258
619 771
1294 2647
1294 1184
1294 2009
1294 742
2647 975
2647 749
536 2833
536 908
536 734
2833 1086
2833 2577
2833 942
140 2119
140 2320
140 131
2119 2462
2119 1013
2119 1690
2134 1151
2134 1777
2134 1927
2989 2838
2989 976
2989 1307
544 2459
544 1352
544 2857
544 1161
2459 1640
2459 2107
1696 2543
1696 1661
1696 1448
2543 273
2543 2141
2543 749
331 425
331 654
331 1364
331 2658
425 582
425 737
425 1934
1083 1675
1083 2855
1083 1604
1083 362
1675 1219
1675 1918
1675 2019
765 1144
765 263
765 2298
765 1550
1144 2262
1144 275
1144 512
858 2773
858 2693
858 1328
858 2882
2773 1251
2773 2290
162 552
162 1513
162 2257
162 480
552 61
837 1580
837 1865
837 286
837 2491
1580 661
1580 184
1804 2508
1804 1005
1804 358
1804 1753
2508 2421
2508 2551
2508 786
955 1585
955 115
955 2221
1585 969
1585 2594
1585 126
325 445
325 1849
325 2312
325 1710
445 1720
445 720
2527 2631
2527 1799
2527 2677
2527 605
2631 477
2631 228
2631 912
1109 971
1109 322
1109 109
1960 2913
1960 1310
1960 506
1960 84
2913 297
404 297
404 1841
404 584
1344 2238
1344 2922
1344 1141
1344 1712
2238 185
2000 2765
2000 259
2000 1255
2000 285
2765 898
2765 1004
416 2493
416 204
416 524
416 279
2493 65
2493 1854
779 2778
779 2374
779 2746
779 356
2778 69
2778 1200
2778 2448
2101 2049
2101 1967
2101 496
1750 2380
1750 1472
702 1062
702 1830
702 514
702 1216
1062 73
1062 1986
1062 1785
839 1871
839 1799
839 1106
1871 2436
1871 631
1871 1965
267 811
267 2534
267 14
811 2124
811 2873
607 1007
607 1446
607 1786
607 830
1007 1820
1007 2109
1007 2269
283 1777
283 591
283 2328
283 1497
1777 2318
1777 1906
600 1455
600 2416
1658 2542
1658 788
1658 1140
1658 1659
2542 1043
2542 2188
2542 532
908 1115
908 73
1115 2742
1115 2870
1115 29
1439 1865
1439 844
1439 2919
1439 1309
1865 2874
1865 1715
2099 2225
2099 2407
2099 1457
2225 166
2225 1087
2845 2880
2845 1762
2845 1611
2845 1304
2880 977
2880 1003
2880 1936
2293 2740
2293 2470
2293 2231
2293 1919
2740 220
2740 1249
1075 2588
1075 1766
1075 1186
1075 86
2588 246
2588 2730
1105 2972
1105 720
1105 2463
1105 2244
2972 689
2972 2981
2972 1346
611 1879
611 2213
611 2526
611 18
1879 344
1879 1331
1879 2256
2728 2540
2728 336
2728 1158
405 764
405 2720
405 2206
405 1178
764 2367
764 542
764 387
1990 35
1990 2636
146 508
146 1225
146 1237
146 2178
508 314
508 2399
1199 1491
1199 2328
1199 258
1199 1903
1491 2581
1491 2203
1491 99
1005 2188
1005 337
68 1513
68 459
68 2093
1513 2272
864 1076
864 1257
864 1476
864 2682
1076 1531
1076 2736
1076 107
2858 2922
2858 2045
2858 2220
1258 2388
1258 1461
1258 719
1258 1794
2388 595
2388 1354
2388 1339
906 2369
906 1396
906 1959
906 2348
2369 200
2369 1881
767 1602
767 2721
767 625
767 479
1602 2156
1602 2525
1602 2213
274 491
274 2864
274 360
274 2822
491 661
491 2183
491 2331
2873 2975
2873 1572
64 1743
64 7
64 81
1743 2090
1743 688
1743 1775
1594 2173
1594 1480
1594 2785
1594 831
2173 628
2173 2779
2173 195
1705 2726
1705 1121
284 1713
284 2062
1682 1898
1682 944
1682 1936
602 678
602 2115
602 1270
602 1290
678 1084
678 957
1575 1107
1575 1270
1575 1937
2513 2406
2513 254
2513 916
2526 2766
2526 2201
2766 2428
2766 2995
2766 628
708 1810
708 1010
708 1507
1810 2682
1810 1265
1810 1873
735 1416
735 2531
735 954
735 2001
1416 2162
1416 2353
1416 928
1192 2045
1192 2317
1192 275
2045 2017
2045 1775
1840 1977
1840 2055
1840 2881
1977 592
1977 1495
1977 2529
2433 991
2433 1325
2433 739
1735 1736
1735 2677
1735 2809
1735 560
1736 2354
1736 884
1736 2657
2408 2466
2408 535
2408 1830
2466 2706
2466 1555
2466 492
679 2033
679 886
685 2949
685 101
685 1627
685 1869
2949 106
2949 2236
2949 1238
455 786
455 2178
455 103
455 2829
786 1331
786 1852
726 1638
726 2104
726 774
1991 1503
1991 861
1475 2392
1475 1980
2392 1674
2392 1481
2392 326
810 958
810 1523
810 1018
810 517
958 1342
958 1281
558 1615
558 882
558 2120
558 1366
1615 2699
1615 1637
1615 2051
1071 50
1071 2783
1071 1030
1911 2742
1911 1452
1911 1764
1911 2375
2742 2853
2742 1522
1561 2073
1561 2737
2073 205
2073 478
211 549
211 2903
211 1206
211 980
549 1228
549 1373
549 66
1768 1895
1768 281
1768 1809
1768 2868
1895 598
1895 1528
1895 838
1762 1430
1762 1253
1149 1564
1149 714
1149 369
1149 1242
1564 1525
1564 1339
2038 2478
2038 310
2038 2015
2038 411
2478 1567
2478 556
1206 1796
1206 1121
1206 840
1796 2523
1796 2467
1796 2519
48 2105
48 475
48 41
2105 1111
2105 1006
2105 1627
2013 2877
2013 2606
2013 1333
2013 1510
2877 1031
2877 2138
2877 1744
317 1907
317 478
1907 1478
1907 505
1812 2580
1812 2531
1812 2180
1812 2046
2580 2964
2580 831
2580 2096
780 2649
780 2223
780 1390
2649 1712
305 2018
305 2544
117 2750
117 1529
117 1543
117 625
2750 2012
2750 178
229 53
229 1719
229 2744
615 1835
615 2576
615 236
615 1948
1835 1539
1835 2539
1835 2671
218 335
218 1496
218 1878
218 1958
335 1999
335 2236
2673 2987
2673 1782
2673 1966
2673 550
2987 2104
2987 2525
1573 2034
1573 2745
1573 2226
1573 1452
2034 2787
2034 1276
2034 464
1101 2693
1101 521
1101 2796
1101 2063
2693 1565
2693 911
136 1930
136 1537
136 370
136 2809
1930 1319
1930 2180
1930 417
2083 2559
2083 2819
2083 121
2083 1240
2559 2087
2559 282
2559 1460
366 1560
366 1654
1253 2650
1253 2009
1253 2604
2650 787
2650 1499
2650 731
609 1299
609 1275
609 2465
609 534
1299 1632
1299 222
1299 2199
2424 2999
2424 1961
2424 926
2424 848
2999 1212
2999 1436
2999 1148
127 391
127 950
127 3
127 1363
391 29
391 1314
391 1785
586 1716
586 1715
586 1511
586 2957
1716 1236
514 697
514 648
514 1815
697 485
697 392
697 1693
993 2245
993 1896
993 1723
874 2983
874 1276
874 2046
874 2139
2983 334
2983 160
2983 1017
705 1647
705 364
705 22
705 2969
1647 1599
1647 24
1647 1320
2090 2930
2090 1789
2090 2825
2930 2781
2930 2601
2930 2779
481 1807
481 173
481 2357
481 1886
1807 2041
1807 2517
1807 2842
721 1198
721 224
721 1767
759 1349
759 1283
759 1393
1349 1313
1349 895
1349 557
1242 2185
1242 418
2185 434
2185 2925
2185 501
1673 2545
1673 193
1673 1945
1673 675
2545 2196
2545 1471
2545 2663
2769 2777
2769 78
2777 523
2777 442
2777 250
1712 2232
1712 1719
1385 2486
1385 1925
1385 894
1061 2445
1061 1644
1061 994
1061 1783
2445 2277
2445 2698
1412 1621
1412 1668
1412 53
1412 1554
1621 2415
1621 2847
1621 2242
528 1964
528 2611
528 448
528 2235
1964 658
1964 727
1556 1438
1556 1613
1556 1094
1578 2696
1578 1740
1578 980
1578 2888
2696 1384
2696 1999
2696 1637
546 573
546 1204
546 2538
573 1787
573 1851
573 1342
1048 2707
1048 2837
1048 1151
1048 2036
2707 746
2707 1074
2707 2149
2486 271
2486 2565
2486 1090
733 2389
733 907
733 1563
733 23
2389 2818
2389 601
2389 2937
1251 1265
1251 43
1251 1330
1265 2449
1529 475
1529 2430
1529 1360
332 2072
2072 1145
2072 1805
2072 661
550 1074
550 2642
1074 1487
1074 471
2933 53
2933 1002
2933 1516
923 1132
923 885
923 1493
1132 1302
1132 1121
1132 2456
286 1852
286 2892
286 2061
1852 397
1852 1078
93 1026
93 1490
93 1504
93 21
1026 1858
1026 2944
1026 1909
266 2012
266 281
266 2500
266 785
2012 531
1670 2429
1670 1194
1670 542
1670 2931
2429 2382
2429 2585
72 1249
72 807
72 1146
72 1434
1249 2331
1249 2385
1401 2566
1401 2289
1401 872
2566 1547
2566 807
2566 2357
723 1346
723 2967
723 650
1346 119
1346 44
1531 1599
1531 2614
1531 559
1599 2839
1599 1847
2213 1795
1465 2436
1465 1464
1465 892
1435 1442
1435 2420
1435 1494
1435 1511
1442 1020
1442 1701
1442 566
1974 2457
1974 535
1974 169
1974 263
2457 1699
2457 2078
2457 1110
1043 2698
1043 760
2443 2271
2443 328
2443 2181
1023 1598
1023 45
1023 438
1023 2085
1598 930
1598 1832
1787 1096
1787 2370
1787 2347
173 2015
173 2894
173 522
841 2075
841 1254
841 138
841 2998
2075 918
2075 2272
2075 1714
1905 2314
1905 123
1905 964
1905 1624
2314 2990
2314 2270
2314 1821
65 2712
65 2114
65 2677
2611 2613
2611 1655
591 1634
591 1243
591 42
14 1209
14 2737
14 2030
1209 1031
1209 1137
1209 1012
2223 2944
2223 453
2223 2264
2944 2467
2944 1643
580 1676
580 1126
580 3
15 785
15 2247
15 2829
15 928
785 2897
785 2866
802 1296
802 1466
802 1761
802 1150
1296 922
1296 2776
1296 2214
1030 1160
1030 1946
1160 90
1160 378
2215 2945
2215 2428
2215 1008
2945 1090
2945 2109
2945 1749
1592 2553
1592 2385
1592 2754
2553 1515
2553 2245
2553 1322
901 137
901 1947
901 1516
2147 2724
2147 2621
2147 2166
2724 1834
2724 345
2626 2755
2626 1671
2626 210
84 631
84 890
84 1921
631 788
631 1399
2208 2848
2208 2226
2208 507
2208 2677
2848 381
2848 604
2848 1064
417 2104
417 2687
417 370
2104 2393
1612 2907
1612 2676
2907 260
2907 58
2907 1902
1431 1521
1431 2447
1431 2403
1431 1428
1521 1255
1521 1782
1521 1340
1676 1952
1676 2279
1676 1920
1952 2917
1952 2830
326 732
326 9
326 2009
732 1902
732 2010
406 1520
406 363
406 2353
406 468
1520 1324
1520 2016
1520 2282
1077 1449
1077 1187
1077 890
1077 2978
1449 647
1449 795
1449 1319
1295 1382
1295 969
1295 169
1382 2168
1382 749
1382 2685
380 2209
380 2054
380 1453
380 1150
2209 2294
2209 1630
291 1668
291 555
291 80
291 1817
1668 2549
1668 935
2678 2782
2678 2036
2678 2081
2782 2037
2782 2620
2782 1528
2787 530
2787 1054
2787 2300
895 2804
895 1247
895 1174
2804 1851
2804 1902
2804 1600
1512 2136
1512 1366
1512 1353
1512 798
2136 2464
2136 2754
2136 161
814 1298
814 1387
814 2271
814 2220
1298 2334
1298 1273
1298 2965
462 2317
462 439
462 2282
2317 523
2317 298
1236 2951
1236 1022
1236 2601
2951 1163
2951 2879
2951 2008
1583 2798
1583 1021
1583 1213
1583 1562
2798 1941
2798 2820
67 1764
67 2816
67 1677
67 1414
1764 216
1276 2909
1276 301
268 821
268 189
268 1200
268 2808
821 2320
821 2988
821 2779
684 1576
684 2978
684 1369
684 818
1576 1453
1576 2267
1576 1659
1208 1574
1208 1335
1208 1006
1208 2005
1574 900
1574 604
1574 1320
1069 2031
1069 465
1069 1059
1069 2575
2031 1220
2031 2263
2031 2684
1471 1819
1471 1883
1819 358
1819 2256
1819 2721
1706 2068
1706 2230
1706 1501
2068 2278
2068 776
688 698
688 1535
688 2947
698 192
698 982
698 449
1732 2752
1732 2616
1732 1633
2752 1745
2752 1728
369 915
369 2581
369 524
915 2969
915 34
2975 424
2975 2056
2975 2578
190 643
190 1214
190 314
190 2404
643 1058
643 2799
2367 880
2367 1441
2420 1056
2420 588
2420 1677
604 2371
604 330
2371 2849
2371 2494
298 1046
298 495
298 2794
1046 2425
1046 1360
1046 2419
170 1516
170 554
170 1485
170 2312
1516 446
2485 891
2485 2974
1381 2967
1381 2040
2967 1890
2967 418
360 2413
360 1118
360 99
2413 1504
2413 176
870 2718
870 2799
870 2829
750 1021
750 436
750 943
750 1406
1021 2355
1021 2308
1108 2583
1108 2140
1108 1801
1108 2874
2583 242
2583 2915
2583 662
333 1947
333 626
2586 1200
2586 2240
1107 2704
1107 1334
1107 2791
2704 1073
2704 577
2704 1839
342 2479
342 220
342 1467
342 568
2479 1302
2479 2163
2479 2869
2411 2775
2411 2816
2411 1827
2411 2462
2775 2496
2775 2928
2295 2561
2295 351
2295 1398
2295 2600
2561 566
2561 1262
2561 2490
1565 2607
1565 1330
1565 384
2607 1486
2607 638
359 699
359 494
359 2818
2698 412
976 2116
976 60
976 2489
2116 1222
2116 1734
1084 1417
1084 119
1084 376
1072 1655
1072 527
1072 1995
1655 542
1655 581
999 2396
999 1080
999 2618
2396 1663
2396 804
2396 2179
1227 2570
1227 2384
1227 381
2570 771
2570 497
2570 1396
209 232
209 2362
209 2007
209 2515
232 1808
232 2412
232 1717
252 655
252 353
252 2005
1003 1427
1003 656
1003 554
1427 813
1427 1239
1427 2418
1013 1850
1013 2537
1013 1224
1850 2590
1850 2618
1850 2184
1093 1322
1093 2732
1093 913
1093 2573
1322 2166
1322 2434
885 2245
885 2069
885 2294
969 1212
969 2091
1212 567
1212 2001
1025 2290
1025 834
1025 673
1025 1118
2290 2351
2290 1078
364 1502
364 2374
1502 1686
1502 745
467 587
467 973
467 502
467 432
587 1015
587 2434
677 2280
677 667
677 2960
2280 2204
2280 489
2280 235
762 737
762 575
762 2501
1291 1352
1291 1920
1291 2451
1291 2615
1352 844
1352 176
219 2047
219 2449
219 691
2047 953
2047 862
2055 2703
2055 1058
2055 1874
1694 1958
1694 2639
1694 101
1694 1803
1958 2628
1958 1415
1119 2141
1119 1640
1119 2589
2141 568
2141 719
120 1128
120 302
120 1035
1128 1554
1128 1257
1128 2088
132 1901
132 316
132 507
132 1661
1901 2876
1901 520
2917 2062
2917 2654
1636 1967
1636 2010
1636 2791
1636 1292
1967 231
1967 2121
569 1459
569 1376
1459 338
1459 57
1031 2600
1031 523
1321 1680
1321 655
1321 2133
1321 439
1680 2528
1680 5
1680 640
2708 2252
2708 2834
2708 2624
2444 2645
2444 1425
2444 909
2645 206
2645 1136
2645 642
700 1906
700 699
700 2492
700 2202
1906 1853
1906 1532
182 537
182 1783
182 1548
182 830
537 2565
537 1894
537 2097
2328 1662
2328 1833
744 2637
744 1034
744 1390
2637 265
2637 87
2637 2700
2197 2397
2197 893
2197 1837
2197 1456
2397 2048
2397 1377
2397 1383
358 2946
849 964
849 645
849 1461
1843 2571
1843 2168
1843 796
2571 2253
2571 2595
2571 2616
2613 2902
2613 1202
2613 2319
2902 2957
2902 187
2902 2656
1341 1354
1341 49
1341 2665
1341 217
1354 1700
1354 1060
271 1340
271 2715
271 352
1340 2456
1340 2087
1104 2811
1104 1795
1104 741
1104 2271
2811 1640
1272 2669
1272 1874
1272 40
1272 1918
2669 1662
2669 1454
2669 1036
2755 2632
2755 1730
526 1518
526 2152
526 2015
526 1052
1518 629
1518 2095
318 2937
318 2243
318 2171
318 2927
2937 671
2937 2186
471 1861
471 1284
1861 463
1861 2995
1861 1357
2074 2817
2074 1289
2074 2374
2074 1811
2817 1738
2817 2701
2817 660
1406 2859
2859 2349
2859 1356
1262 1275
1262 2059
1262 2041
1275 2319
1275 1496
1841 2360
1841 1724
1841 1320
2360 1809
2360 632
206 1883
206 490
206 2063
73 2431
73 2681
2431 2978
2431 23
1785 2210
1785 2573
2210 829
2210 62
2210 200
1225 1672
1225 2851
1225 1792
1307 727
1307 1929
407 2437
407 2866
407 853
1103 2174
1103 2148
1103 2390
1103 1939
2174 2071
2174 1277
2174 1397
1523 1954
39 2023
39 2598
2023 2923
2023 2556
2023 2332
1197 2181
1197 2359
1197 742
2181 388
2181 1727
511 1507
511 1738
511 1563
1507 2840
1507 781
806 2895
806 1085
806 670
806 249
2895 444
2895 2435
412 2546
412 368
412 2053
2546 2974
2546 795
2546 850
2188 2175
2188 1332
916 2154
916 628
2154 1057
2154 1370
2040 1838
2040 1769
392 2438
392 1949
392 1722
2438 1946
2438 58
2438 1896
1601 2947
1601 2697
1601 395
2947 330
2947 899
900 1650
900 649
900 1137
503 2641
503 2262
503 386
2641 31
2641 28
2641 2415
172 653
172 1524
172 1928
653 2472
653 617
653 2386
2581 112
2581 2920
1087 2841
1087 2568
1087 2362
2841 1801
2841 122
2142 2962
2142 2365
2142 2614
2142 2760
2962 1440
2962 960
2962 1129
458 1989
458 1211
458 1569
458 2368
1989 1999
1989 2376
1989 2702
1215 2589
1215 376
1215 2146
1215 951
2589 2670
2692 453
2096 2799
2096 2144
2461 2774
2461 2365
2461 2172
2461 1766
2774 2556
2774 1775
2774 1700
432 1024
432 2635
432 2826
1024 2201
1024 1456
1024 205
214 1746
214 2082
214 2865
1746 922
1746 257
1970 2473
1970 1500
1970 1663
1970 1597
2473 1297
2473 2961
2384 2194
2384 1973
2436 2025
659 1500
659 2846
659 1488
659 1443
1500 2981
197 357
197 1873
197 1417
197 1818
357 2705
357 967
357 2552
381 789
381 1252
951 2905
951 1948
951 920
2905 1011
2905 1548
2905 1959
280 1534
280 1999
280 2218
1534 1725
1534 1214
1534 1851
2020 2656
2020 354
2020 2602
2838 533
2838 2003
2838 2938
2467 585
1745 1981
1745 1834
1981 441
1981 1540
1981 1992
560 2977
560 1767
560 234
2977 1875
2977 398
2977 2915
439 36
1963 2266
1963 235
1963 1504
1963 1179
2266 2684
2266 2272
2266 2835
281 632
1040 1971
1040 2990
1040 2729
1040 1282
1971 868
1971 1813
433 1922
433 1454
433 1695
433 2610
1922 1932
1922 1639
2025 2383
2025 1617
2168 1510
2168 2358
805 2198
805 322
805 2140
805 1864
2198 2760
2198 2273
770 2863
770 1359
770 2988
770 1699
2863 734
2 2245
2 1364
2 2200
2 820
1400 2016
1400 1760
1400 1059
2016 2041
2016 104
2658 2938
2658 438
2658 826
2938 449
2938 648
1650 2770
12 1966
12 2630
12 1797
12 792
1966 2993
1966 977
2971 2716
2971 1148
2971 434
626 1112
626 1783
626 2887
1112 311
1112 253
1112 1921
187 236
187 748
187 2111
236 2814
236 1430
257 2865
257 2988
257 1216
2865 2377
2865 1730
1888 2124
1888 2359
1888 393
1888 151
2124 1741
2124 1011
634 2315
634 2795
634 769
634 1059
2315 1082
2315 665
2315 2878
2063 2441
2063 1188
2441 377
2441 1809
2441 1756
258 625
258 1484
258 2960
1975 2635
1975 953
2635 2310
2635 905
436 692
436 1934
436 2885
692 210
692 2022
692 2541
531 2893
531 662
2893 1014
2893 1418
896 1886
896 184
896 982
1886 1862
1886 1430
922 2030
922 1343
2030 2036
2030 1954
690 1090
690 2713
690 1464
690 712
1090 918
2706 2974
2706 1245
2706 2630
285 1686
285 1884
1686 2129
1686 1257
1371 2338
1371 1973
1371 2718
1371 2998
2338 2803
2338 635
2338 1733
1302 574
131 2521
131 2547
2521 2447
2521 237
2521 1552
477 2600
477 1568
477 881
1751 2079
1751 226
1751 2252
1751 1624
2079 1221
2079 2097
2079 815
492 2780
492 2870
492 1270
2780 437
2780 1121
2780 1286
2049 1788
2049 1944
2049 193
1517 1646
1517 1894
1517 1883
1517 913
1646 871
1646 2810
2598 2117
2598 1479
2598 2380
147 996
147 670
147 145
147 1604
996 904
996 725
996 1628
2638 2347
2638 878
367 641
367 1758
367 1467
367 2878
641 2095
641 86
641 2585
1641 2890
1641 167
1641 85
1641 2882
2890 2195
2890 1052
2890 1539
2590 1357
2590 2510
2590 401
2978 2996
2176 1605
2176 1010
156 2931
156 2961
156 2640
947 2327
947 703
947 2351
947 1446
2327 2372
2327 2313
2327 2152
196 793
2922 1175
2682 1458
2682 2211
1020 2620
1020 2796
171 2958
171 2910
171 212
171 577
2958 2701
2958 2869
2019 2480
2019 100
2019 1862
2480 1936
2480 474
2480 676
1731 2052
1731 1441
1731 2671
1731 2254
2052 1014
2052 7
964 1193
964 782
1193 521
1193 824
1193 1924
42 1753
42 1065
42 2163
1753 924
1753 2385
661 2286
345 2897
345 1425
345 1058
2897 2378
2897 2825
547 1761
547 783
547 803
1761 2753
1761 1173
454 1540
454 932
454 1118
1540 119
1540 2275
548 2564
548 2257
548 2426
691 1351
691 403
691 203
1351 1978
1351 2089
1351 756
348 1634
348 2763
348 2664
348 541
1634 2002
1634 2751
2721 606
2721 191
1758 2490
1758 926
1758 1060
2490 247
2490 279
1490 1995
1490 139
1490 2069
437 1856
437 2163
437 1784
1856 244
1856 519
1856 1481
1913 2355
1913 2824
1913 2183
1913 1690
2355 2735
2355 1925
2855 1399
2855 1885
2855 2998
1809 2656
1233 1690
1233 109
1233 938
1690 926
79 1571
79 479
79 1738
363 965
363 1898
363 1036
965 2820
1567 1073
1567 1409
1567 1904
2300 330
244 1726
244 2126
244 98
1399 1950
1399 2557
520 1098
520 2066
510 1174
510 2207
510 516
510 461
1174 1065
1174 2381
1493 2963
1493 522
1493 633
2963 2993
2963 1526
2963 1228
1152 1720
1152 2006
1152 1464
1152 2793
1720 180
1720 716
853 1917
853 1822
853 18
1917 1336
126 977
126 81
977 2399
289 486
289 199
289 1324
289 2547
486 142
486 1741
486 650
1946 2733
538 1267
538 352
538 2908
1267 1378
1267 1697
373 728
373 927
728 2562
728 2029
728 892
1713 1866
1713 658
1866 1532
1693 2528
1693 1283
1693 2381
2528 1558
2528 207
656 1433
656 952
1433 640
1433 627
1433 2928
571 1238
571 1912
1238 2407
1238 1638
647 161
647 807
647 2749
94 255
94 755
94 850
1154 2803
1154 2747
1154 2323
1154 447
2803 319
2803 539
782 2201
782 188
782 96
555 2703
555 356
555 2386
469 2924
469 338
469 1533
2924 1927
2924 1848
1317 2966
1317 2515
1317 2468
582 1620
582 2575
1620 2166
1620 2722
1620 2617
2140 1775
2140 2370
2846 1839
2846 1770
624 1553
624 979
624 1707
624 2660
1553 577
1553 592
2365 1224
2365 1838
519 1234
519 2719
519 1625
1234 1476
1234 1687
1597 1483
1597 395
876 2815
876 2667
876 2625
876 2602
2815 2830
2815 300
2815 1916
1050 2604
1050 2244
1050 1721
1050 1239
2604 1219
2604 1678
1829 2310
1829 983
1829 2372
2310 861
2310 2304
1379 2313
1379 1545
1379 1776
2313 2572
1000 1586
1000 2837
1000 2368
1000 2412
1586 1204
1586 1254
1586 954
2320 2263
2320 1616
115 2421
115 2122
115 1931
2421 2737
2421 2709
2273 2839
2273 719
1525 2144
1525 1752
2144 1605
2144 240
2247 2828
2247 225
2828 936
2828 2169
2828 453
2818 771
2818 1055
1092 243
1092 562
2087 26
2087 1908
1638 2808
1638 2683
2808 2879
480 649
480 237
649 441
251 566
251 1649
251 1734
566 427
56 223
56 2032
533 1707
533 795
533 2713
216 2554
216 937
216 2612
2554 461
2554 1532
2554 301
435 1216
435 75
435 2541
435 933
1216 2594
278 1994
278 1932
278 447
1994 1279
1994 2221
956 1830
956 2912
956 638
308 2017
308 17
308 2864
308 778
2017 2515
2017 501
2200 2862
2200 2640
2200 1855
2862 2081
2862 2182
2862 1281
745 2162
745 269
745 2417
2162 1136
2162 612
347 2234
347 2135
347 2899
2234 778
2234 2471
1537 340
1537 2992
1537 2819
1150 1678
1150 259
1678 1481
1678 221
595 1241
595 1608
595 1803
1241 1674
1241 739
1241 1411
1423 1993
1423 2150
1423 1102
1423 2795
1993 60
1993 1139
221 967
221 490
221 1962
967 1162
2382 108
2382 371
1725 2363
1725 1240
1725 809
2363 24
2363 1998
1795 2253
699 1986
699 827
1986 483
1986 311
494 124
2582 2957
2582 2883
2582 2107
2582 1486
2957 710
1100 2042
1100 339
1100 2344
1100 696
2042 2768
2042 121
2377 2794
2377 1393
2377 1571
319 1794
319 986
319 1318
1794 1123
1794 2375
891 299
891 848
2318 108
2152 98
2152 1806
720 2997
275 1466
275 502
493 2659
493 1914
493 2335
493 567
2659 60
2659 797
2659 1792
1106 2914
1106 2468
1106 2302
2914 1200
2914 2262
2914 1724
47 1940
47 1269
47 2254
47 36
1940 304
1940 2370
1940 1230
877 1957
877 1923
877 1123
877 911
1957 2271
1957 662
1957 1063
950 472
950 1147
950 695
45 1011
45 2745
45 812
2331 2812
529 818
529 2823
529 1070
529 530
818 2186
818 205
787 2358
787 2035
787 1607
644 1950
644 868
644 913
1950 563
1950 2106
1178 1605
1231 1899
1231 2468
1231 1972
1231 1443
1899 1862
1899 2624
1899 761
2244 2241
463 2966
463 1868
463 384
1446 1543
1446 245
663 860
663 1313
860 1028
860 1870
860 2386
2279 341
2279 2621
771 1929
1080 863
1080 1692
1080 438
689 1729
689 671
689 1219
1729 428
1729 886
2288 1808
2288 1085
167 2538
167 1817
167 1122
2538 225
1057 1961
1057 1623
1057 247
426 1824
426 2289
426 444
426 693
1824 2496
1824 1419
1824 792
441 776
441 4
776 2911
1287 1943
1287 1397
1287 288
1287 1492
1943 334
1943 948
1943 2170
1137 2820
1137 2912
2820 1055
845 710
845 1687
845 151
577 1111
559 1533
559 1004
559 287
1533 30
1533 26
2656 2764
2496 909
2496 31
1022 2715
1022 485
1022 250
852 1359
852 2904
852 2699
852 2934
1359 1460
1359 1547
545 2465
545 385
545 835
2465 2409
1626 97
1626 2950
1626 2122
75 2334
75 1328
75 789
2334 2264
2334 796
1637 2267
1637 1978
2267 1181
2267 1935
2747 847
312 937
312 2236
695 1201
695 1654
695 2887
1201 2856
1201 161
1201 1883
238 2968
238 479
238 1035
238 1247
2968 164
2968 2872
139 567
139 2894
139 2514
567 2227
2616 2860
2616 249
2860 1558
2860 1044
2843 2137
2843 1067
104 1155
1155 2262
1155 351
1155 25
1126 2345
1126 1606
1145 1389
1145 398
1145 1695
151 309
309 975
309 1921
753 2771
753 2861
753 1358
2771 2868
2771 371
2867 1362
2867 1704
2867 1973
2621 711
137 1728
137 709
137 434
372 1870
372 394
372 882
372 2283
1870 2884
1870 1012
2204 2923
2204 1903
2204 4
2923 2785
2923 929
2216 2966
2216 622
2216 1869
2216 1589
2966 808
51 1292
51 2202
51 2498
51 521
1292 2348
1292 585
1004 822
1004 429
856 1097
856 603
856 2610
1097 2791
1097 797
1097 1338
2282 255
2282 1034
294 2379
294 2265
294 353
294 125
2379 1362
2379 703
1142 1403
1142 861
1142 1146
1142 1205
1403 1654
1403 1847
1403 2562
461 368
461 1135
2462 376
123 1311
123 1218
123 668
1311 2269
1311 1301
1311 972
60 179
1029 2791
1029 2109
2201 1189
2336 2177
2336 2217
2336 1973
2050 2932
2050 2567
2050 1511
2050 1368
2932 1887
2932 2022
2932 1839
1788 2654
1788 601
1788 743
2048 2159
2048 1186
2048 2732
66 122
66 2089
66 1369
122 957
2931 2011
31 871
31 944
161 1909
368 116
499 1173
499 1724
1173 327
1173 6
253 2738
253 1549
253 1237
2738 596
2738 766
1328 2705
2418 2919
2418 1378
2418 2705
2919 1214
2919 2112
2464 26
2464 1873
2464 365
370 1305
370 1486
1305 2856
1305 1914
1875 2758
1875 2428
1875 83
2758 1786
2758 854
2758 1969
2557 2665
2557 1652
2557 442
2665 1595
2665 884
1903 2332
1903 2309
2823 2940
2823 379
2940 1081
2940 204
941 1397
941 2544
941 2662
1397 1015
1569 2617
1569 202
1569 2767
2617 1477
2617 826
2470 2955
2470 781
2955 362
2955 2100
2955 894
1848 1860
1848 378
1848 2340
1860 1353
1860 103
1860 1820
815 2205
815 639
815 2549
2205 164
2205 535
2205 1568
1547 2612
1890 2278
1890 1831
397 1293
397 2326
1293 2596
1293 2529
1293 1987
593 1122
593 70
1122 1759
1122 248
344 1683
344 334
633 1642
633 2432
633 261
1642 204
1642 851
1642 382
1530 1752
1530 1041
1530 578
1752 1591
1752 1918
1375 2283
1375 1608
1375 902
2283 509
2283 2861
1376 2254
1376 575
2254 57
746 1535
746 1441
746 1229
112 1047
112 1398
1047 2824
1047 1131
1047 1687
738 1127
738 35
738 1407
1151 1139
1151 2857
292 725
292 1982
292 1549
292 596
725 1982
725 1616
2146 361
2146 2153
671 1740
1740 2194
1740 337
1482 1527
1482 2960
1482 2033
1527 1944
1527 991
1527 639
1766 2387
1766 2840
2387 2133
2387 1495
2387 1817
1063 2276
1908 1485
521 2172
2172 1060
2172 2011
2522 2801
2522 1545
2522 1487
2522 516
2801 596
2801 1467
2801 1600
1722 2892
1722 1718
2892 2690
2892 447
534 1086
534 2326
1086 2292
1086 1337
1163 1918
1163 2333
1163 734
2551 2786
2551 2894
2551 13
2786 2702
2786 632
2786 1188
2018 1320
2018 222
240 341
240 2541
240 803
341 2685
2358 1392
2358 314
2628 2242
2628 1821
1617 2404
1617 1205
1617 1980
2404 2220
2404 2576
245 1336
245 1932
245 1033
1336 1164
1336 1969
866 2076
866 1562
866 2430
2076 2741
2076 7
2076 224
2343 1232
2343 2110
2343 1566
390 1332
390 2383
390 2022
390 2531
1332 1184
1332 793
1924 1945
1924 1526
1924 630
1945 188
1945 276
831 107
2178 2323
2178 2831
203 2285
203 195
203 2552
2285 756
2285 1652
2285 944
904 1912
904 2149
904 497
1441 102
909 1625
909 2555
1625 2600
1625 4
443 2376
443 2887
299 1028
299 527
299 2449
83 2500
83 2423
1663 1793
38 2440
38 2250
38 1756
38 712
2440 754
2440 2316
2440 2685
1978 2532
2849 848
2849 311
2849 224
2102 2292
2102 2489
57 2690
57 159
301 415
301 2323
415 1559
415 1161
415 1665
265 1476
265 568
265 2193
166 715
166 497
166 239
715 2663
715 1478
715 1066
379 32
379 2509
799 1851
799 90
799 1501
106 442
106 676
106 2189
442 2292
1102 1384
1102 1445
1102 1610
1384 2555
1384 936
44 1864
44 1559
44 2250
1864 1501
1864 1951
578 816
578 21
578 2437
816 1419
816 1219
816 1914
2207 1838
2207 30
2207 2481
2383 1566
2997 1619
2997 2831
2964 288
2964 754
2964 1387
632 2214
2108 2509
2108 2091
2108 1245
2108 1362
2509 1844
2509 185
2148 1009
2148 1714
2148 459
9 1089
9 1166
9 411
911 2129
911 101
2129 1473
148 2123
148 1499
148 2324
148 2579
2123 1365
2123 2253
1017 1184
1017 1880
1165 2595
1165 1261
1165 2092
1165 1701
2595 756
2595 226
2316 2400
2400 473
2400 2309
2400 2735
260 2908
1645 2529
1645 2239
1645 2426
1645 994
2529 1269
1314 878
1314 2053
809 1070
809 862
1904 948
1904 610
255 108
255 2186
867 2518
867 2970
867 2203
2518 2556
2518 629
2518 1186
1486 1140
2250 912
2250 2723
2435 2785
2435 188
2435 1944
2010 970
2010 1282
361 2394
361 928
361 1554
2394 0
2394 2065
2394 1393
2425 2995
2425 1089
2995 259
1348 2533
1348 1671
1348 2093
336 986
336 1148
336 2239
986 2240
986 1042
1269 2308
1269 1881
1760 1260
1760 1836
98 1019
98 220
1019 2006
783 1366
783 2472
783 522
1366 980
2489 2822
2489 2430
2822 2391
2822 1068
2175 11
2175 2623
693 2217
693 1589
693 1338
2217 356
2217 1633
2352 2573
2352 322
2352 2623
2573 2391
971 1056
971 2412
971 179
1056 1968
1944 2184
85 825
85 943
223 424
223 2653
223 1327
424 2726
424 590
1894 2723
1931 2591
1931 1342
2354 1161
2354 2636
2354 1755
1078 2687
1455 1368
1455 310
1455 2735
2699 1428
2699 2776
513 1288
513 2481
513 2156
513 840
1288 1194
1288 356
1288 1147
2912 1191
2912 2549
1140 2193
1140 22
2193 952
2606 1099
2606 1600
1499 1769
1499 428
256 722
256 18
256 2703
256 1408
722 749
722 2277
722 41
664 2531
664 1797
138 666
138 129
138 651
666 2996
666 50
1386 2688
1386 1133
1386 2066
1386 2511
2688 2727
2688 1800
2688 657
2974 2115
1844 2816
1844 384
1844 1451
129 2713
129 2422
129 2277
2713 394
1715 1619
1715 2481
2556 979
687 2799
687 474
687 1396
687 2741
2032 2700
2032 321
2032 87
2700 1116
2700 1757
1453 1515
1457 2398
1457 2349
5 2008
5 581
912 2114
912 734
2114 144
2114 501
2719 585
2719 673
2719 37
570 1098
570 2495
570 730
1098 2177
1098 838
330 1665
2534 696
1445 2761
1445 59
1445 929
2761 2345
2761 2722
2227 1965
2227 1224
2227 1926
261 2764
261 2062
261 1421
2764 2657
2764 272
1632 1774
1632 1938
1632 1577
1688 1985
1688 2027
1688 927
1985 2756
1985 1245
1934 2584
1934 2248
164 1792
2378 1928
2378 411
2378 774
487 2657
487 2532
487 1345
2657 2235
616 473
616 920
627 1550
627 2813
627 1190
1550 2167
1550 655
403 1452
403 264
403 2022
1452 2560
1353 2636
1353 176
230 2405
230 149
230 1052
2405 2456
2405 2842
1808 575
1808 1996
1327 1464
1699 2596
2035 714
2035 2720
2816 55
1415 938
1415 2814
1568 2248
1568 96
2248 1421
2248 2749
1577 1606
1577 430
1577 393
1606 2746
1606 1228
937 1270
937 2231
1874 1929
1874 40
756 1177
2654 2552
2795 2236
2795 2471
1458 1494
1494 1014
1494 716
249 1010
249 2872
250 1286
250 1370
1286 1683
1286 1345
1339 2170
1339 1148
2170 525
2170 888
1495 2276
1495 1470
2276 1210
2276 1380
509 1405
509 2426
509 857
1405 2730
1405 2839
1405 1698
69 729
69 2350
729 1510
729 1624
2540 1769
2540 2164
29 427
2089 1524
2089 512
446 2517
446 1496
446 973
2517 1572
2517 2710
789 2633
789 37
2633 2679
2633 827
2633 1914
2278 1169
1190 2011
1190 2770
2011 1187
430 710
430 572
430 1394
2167 409
2167 1484
272 1479
272 2807
272 300
1479 982
1479 470
1068 1539
1068 2274
1068 1742
1539 2222
1123 1310
1522 2246
1522 2342
2246 803
2246 1333
984 2689
984 438
984 1111
984 2062
2689 2674
2689 2071
2689 13
242 1110
130 2783
130 530
130 1347
2783 1129
2783 306
159 1836
159 1161
159 1759
1836 237
1836 539
2107 2879
2879 133
388 1489
388 2579
1489 1432
1489 1191
1489 2240
2339 2709
2339 948
2339 2037
2339 1365
2709 2733
1139 2946
1139 755
2946 812
2946 822
128 2754
128 472
128 603
2754 2416
273 638
273 2809
273 1356
1089 1426
1089 2385
1998 676
1880 316
1880 1290
527 2447
527 1821
737 1652
737 2851
1838 2544
2544 1800
2494 1656
2494 1932
763 2928
763 2346
763 1916
763 517
80 1876
80 1335
1876 144
622 1134
622 2585
1976 54
1976 706
1976 1038
1095 2591
1095 234
1095 43
1095 1404
2591 887
2591 153
581 2965
581 962
596 1603
1014 2196
2002 2741
2002 842
2002 2524
2537 1549
2537 2651
778 2422
778 1554
1982 2240
2349 2133
2349 239
2390 2632
2390 142
2302 2837
2302 2614
2302 847
2837 893
585 1833
1833 710
1833 1987
1549 2842
1772 2674
1772 2642
1772 1318
1772 942
2674 179
2674 1166
2342 1961
2342 2179
1484 1774
1484 2934
1774 1333
1774 1370
2993 2243
2993 747
1414 2192
1414 672
1414 489
2192 1260
2192 1546
1589 822
775 2651
775 914
2651 973
264 929
264 307
264 2130
1666 2776
1666 2191
1666 2744
1666 1217
2776 2952
2324 1264
2324 306
2323 2760
288 1737
288 2736
243 2458
1409 1515
1409 1033
1409 1619
1515 1623
1006 2033
1006 212
2033 980
844 46
844 1941
2007 2720
2007 409
2007 2199
2726 1429
2726 2406
1571 848
334 716
2426 2139
1370 1813
1813 1587
488 2115
488 2164
488 1188
88 1873
88 337
88 99
88 2451
1454 972
1454 1504
385 2003
385 1391
385 2286
2003 1820
2003 988
448 2796
448 1246
2796 2155
825 890
825 742
825 49
890 102
1980 635
1980 808
300 1724
300 1180
822 1545
948 1411
204 2374
1630 2847
1630 608
1630 2333
2847 2065
2847 1028
1073 2242
2864 2812
2242 2106
2071 703
1355 2078
1355 768
1355 89
1355 0
2078 1419
2078 1701
1330 2885
1330 489
2885 2350
340 2312
340 327
340 1639
1608 963
1608 2992
612 1992
1992 2492
1992 2182
323 2564
323 1285
323 1961
323 1759
2564 1545
2894 134
1194 153
460 898
460 183
460 451
898 2401
1028 2051
2904 2565
2904 2615
2904 2260
1099 2620
1099 2572
374 1018
374 2346
374 1885
374 2401
1018 1120
1018 774
652 1929
652 1896
652 873
652 2652
2054 1789
2054 2095
2054 1268
872 2960
872 2263
1408 1677
1408 1240
972 2191
972 1949
1927 1179
1927 823
472 2596
472 2806
2596 70
982 2498
184 1771
184 451
1478 1211
1478 2834
1818 1884
1818 579
1818 747
1884 865
1884 1337
2009 1947
797 2627
797 2784
1737 6
1737 1984
1614 254
2232 2950
2232 1987
2950 2729
973 160
1232 1755
1232 1130
1232 2322
1755 2749
1755 1962
1685 1038
1685 1681
2861 1747
18 1747
2679 1204
2679 181
2679 630
970 180
970 2150
970 828
1347 1368
1347 2357
1204 2800
231 408
231 2448
1177 2021
1177 54
2021 1607
2021 35
2021 2199
1935 873
1935 1440
262 2652
262 74
262 315
262 81
2652 857
2652 2567
1799 835
554 608
355 2270
355 1158
355 478
355 1611
2270 2756
2270 400
781 2130
781 192
754 2618
754 1380
2856 2145
2856 648
2391 2533
2391 2268
2533 177
2533 1134
1436 2406
1436 2567
1273 453
1282 212
1497 2113
1497 1058
2113 847
96 2419
96 2736
2419 1669
2419 2492
1082 1411
1082 675
1082 62
1136 464
1136 1786
1463 2202
1463 365
1463 670
2202 694
1041 2477
1041 1377
2477 2986
2477 1402
1392 1939
1392 1858
1392 2500
1939 1959
1558 1674
1558 3
49 192
49 834
192 2627
674 1552
674 1721
1552 2051
1085 590
1085 1246
225 2988
225 2353
2269 902
2269 1180
628 427
880 1781
1560 675
1560 1274
926 1938
905 1748
905 125
1477 812
1477 1613
1477 2044
409 654
409 881
2567 1591
2319 1326
2319 2103
1898 2903
1898 1717
2903 2745
2903 2592
1855 2014
1855 2434
1855 91
2014 217
2014 1832
2014 239
1965 1925
660 2634
660 1180
660 2346
2634 794
2634 2368
2634 2934
803 2463
1881 2941
1881 2212
2941 1055
2941 832
2941 2344
440 1187
440 794
440 990
1187 2853
2730 423
2733 743
2749 1921
975 502
975 2381
2800 474
2800 2190
887 1700
887 1581
887 2530
1283 2629
1283 1169
2663 86
2663 1726
907 1213
907 2257
907 2687
1044 2117
1044 1304
1044 2120
2117 1714
1419 1707
1707 352
0 2952
1015 1972
1015 1633
2220 1535
1480 2471
1480 1261
1480 2909
525 865
525 177
525 189
865 1954
865 1460
1239 1587
1239 1422
1587 28
1587 157
1700 2364
1358 1858
1358 1472
1858 946
2286 1669
2286 1235
2139 1505
188 1926
459 2640
2640 2834
788 606
1289 2375
1289 1671
1289 2362
2375 884
1130 1259
1130 1770
1130 470
1259 850
1259 1470
1259 2684
339 730
339 1559
730 801
730 321
408 1175
408 1213
408 1217
1827 2289
1827 2751
30 989
30 1546
989 465
989 1628
505 1562
505 985
819 46
819 2610
766 338
766 2878
766 1310
1111 1709
2910 2844
2910 1246
2532 1182
2532 1853
1120 1195
1120 59
1120 1032
1195 59
1195 1313
401 1837
401 246
401 1784
1837 654
451 675
451 1016
2667 2813
2667 1473
133 1252
133 43
133 2743
1252 1744
930 2807
2156 199
1781 2514
1781 473
2514 1055
2514 1607
584 1689
584 886
584 1146
1689 1437
1689 2348
1143 1221
1143 953
1143 642
1221 2335
1221 1926
2565 1656
2716 1532
2716 322
28 2763
28 2686
394 1182
394 1595
672 1318
672 402
672 2835
1318 2768
419 635
419 279
419 1887
635 2298
1511 1910
1162 2092
1162 869
1162 2547
2092 2834
2092 1591
1331 801
1331 1572
61 183
61 862
61 2275
2326 2471
2326 246
351 2584
2824 1141
2824 832
1683 1536
1683 2056
953 1910
1822 1461
1822 1230
2111 2836
2111 2926
2111 2190
2836 2572
2836 676
1202 1237
1202 605
1202 54
208 608
208 37
208 1008
608 2701
1728 1181
1728 1611
1094 2744
1094 556
524 863
524 2609
338 2449
2768 142
2768 1016
149 2676
149 2153
557 1687
1428 2735
1428 2189
768 418
768 100
899 1536
899 2718
1536 1091
2451 174
2451 801
1800 987
2163 2495
2495 719
2495 2813
429 1730
429 1447
429 2718
1730 1776
160 2794
854 1261
854 562
1261 574
823 2510
823 1748
2510 523
2510 1345
1492 1639
1492 551
1492 2577
1639 2059
871 1012
871 1254
1012 828
2632 2622
475 1356
475 2284
1709 2406
1709 2899
944 2296
2296 992
2296 1941
2296 1954
1070 2866
957 718
957 2725
791 1243
791 402
791 1741
1243 1681
1243 1324
2230 124
2230 741
2029 246
2029 592
178 1334
178 990
1334 2308
1334 2630
2212 2070
1333 2705
2523 2810
2523 1164
495 2770
495 2662
495 1032
2770 313
978 2715
978 2926
978 1260
2715 2463
217 1679
217 1066
1679 1863
979 863
979 59
1656 1541
1656 2292
328 1698
328 1067
1698 1312
1698 516
667 879
667 1421
667 1604
879 78
2346 1277
1786 1624
827 2372
1169 1125
1169 1383
2214 2409
2214 960
1692 2876
1692 1926
1404 1972
1972 315
1284 668
601 468
601 940
2986 2112
2986 1133
716 3
2131 2504
2131 1806
2131 1198
2131 2710
2504 2476
2504 920
2504 1301
316 2802
2802 382
936 222
936 1697
2265 1222
2265 1444
2265 1343
2736 1211
2703 760
1938 465
2085 2536
2085 2304
2085 1665
2536 2555
680 2043
680 1300
680 621
680 2868
2043 2888
2043 1157
2681 74
2681 2155
2681 2070
1671 1868
50 1175
50 2739
657 1501
657 2961
657 2751
1343 2046
1343 859
189 873
1681 2911
434 1789
377 2920
377 1133
377 185
2920 748
2920 2578
1820 1438
2252 1373
2428 181
579 813
579 857
813 706
813 1444
1260 1649
17 1581
17 718
17 572
1744 2882
1744 2685
2219 2739
2219 2458
2219 2164
731 742
731 606
731 2579
1526 1297
1526 2980
2676 648
918 1541
918 1277
1125 1697
1125 2442
2348 1847
1391 2222
1391 2990
1391 2697
1817 1748
755 1300
755 707
1300 2138
1300 1748
1849 62
1849 227
1411 712
2206 2555
1466 1129
1466 1984
1472 2597
1472 1462
2597 820
863 199
2417 2423
2417 1727
2423 484
101 2618
34 153
34 2697
34 2644
1213 58
2909 2325
2909 1610
1310 2399
1789 179
6 539
1319 1369
155 2524
155 2061
630 2660
2660 25
2660 1595
868 2233
868 58
2233 621
2407 1773
1290 2340
1290 1426
2340 2109
2340 2672
1726 1959
1726 329
2137 113
2137 1034
41 2577
41 2840
2577 2301
2753 2888
2753 2578
2753 902
210 2732
210 2511
1710 2839
1710 1563
119 828
2794 32
2576 2585
97 1878
1244 2190
1244 329
1244 1910
1244 2263
2190 1524
962 946
606 2122
2552 1548
78 1936
78 747
828 1228
107 400
946 1033
1360 1067
1878 395
2884 1738
2884 861
2549 943
398 1669
398 2574
1669 2874
485 2364
485 1548
2732 2484
1189 2373
1189 1937
2036 2844
2844 496
1245 468
1369 1543
2524 2694
2524 1801
193 610
193 1002
2870 13
1032 2370
1032 2568
1893 2539
1893 13
1893 2629
1893 1928
2539 1900
2539 2432
465 2186
1485 2710
1485 2623
376 2306
2306 1205
2306 353
807 1962
2926 282
1131 2150
1131 2899
1131 1757
24 70
70 2869
2562 1398
2562 2450
1661 2051
1661 940
1885 696
1644 987
2325 113
2325 92
1447 1248
1447 86
1447 1281
2322 668
522 928
163 2620
163 751
163 1704
163 228
1264 1116
507 2694
2694 2683
102 1733
102 2272
1733 1503
575 517
914 2100
914 760
914 2066
2100 1919
2100 820
2203 2268
2203 2664
1909 2948
1909 2500
2948 1135
2948 2481
1181 2992
1181 1009
2992 2579
598 2414
598 169
598 1448
2414 362
2414 1229
145 2476
145 2615
2476 1372
2476 942
100 1054
100 701
1054 1613
1054 712
1984 2745
1158 2312
1390 1096
1390 796
1042 2609
1042 2642
1042 2819
2609 902
2177 2264
1783 2501
703 1811
588 1757
588 1546
588 594
1925 2793
1038 2911
2911 1230
199 645
2191 2842
2191 2612
2781 2403
2781 2097
2781 1754
2422 263
2813 990
2662 829
670 1247
1432 489
1432 834
1432 1770
2345 237
2345 1364
592 2110
464 2145
1544 2925
1544 826
1544 518
1544 998
2925 1235
362 1008
2253 2840
1863 287
1863 933
1863 2044
1440 1448
1448 2149
365 2064
365 287
893 1622
893 1997
1222 202
1222 2872
259 992
2335 2211
2335 924
2211 2164
662 1834
1834 2401
181 2308
181 2151
727 1622
1622 2881
1622 393
1248 1285
1248 1186
832 2812
53 2027
2027 32
2027 2970
2629 1285
2629 1365
1064 1805
1064 1677
1064 473
1805 2687
1805 830
2468 2767
1572 2393
2393 1555
2697 2814
617 1919
617 2625
617 1127
1919 2301
315 1496
315 226
987 2627
2627 303
224 2069
2069 1164
751 1218
751 202
1218 1633
1218 2356
1665 269
1853 2437
1853 195
1503 1803
1503 2097
1223 1438
1223 769
1223 1505
1438 850
2110 1342
2110 1697
2183 423
2183 769
2980 888
183 2231
938 2970
694 1016
694 1281
1016 1312
1127 2644
2498 1277
2498 932
888 2831
888 1797
2831 1718
2751 1036
639 991
639 2727
2332 2260
882 1157
882 2625
1157 134
1157 1854
22 878
22 917
878 1363
32 321
1166 2915
1166 2806
2915 741
798 40
798 629
603 2605
603 1784
2359 89
2359 645
2727 276
205 1467
2088 2301
2088 1451
2088 718
2301 2082
2268 838
2268 963
1793 103
1793 1831
1793 287
1364 2416
1255 2432
1424 2853
1424 1806
1424 2622
2853 496
1220 1868
1220 378
1220 2015
2756 2887
2756 200
1402 1096
1402 851
25 1065
25 2061
2525 804
2584 1987
2584 1357
2437 1628
2639 2683
2639 1141
2639 2364
1389 2868
1389 1742
696 1488
2409 55
2409 490
1543 2501
91 1081
91 371
1081 1483
1081 1462
490 2258
2398 1383
2398 1378
2398 142
1627 793
113 869
113 824
227 2759
227 2145
470 1483
470 1091
1483 829
1563 2112
2333 1723
2333 1324
327 1312
327 46
1312 2501
1603 1135
2386 2530
2530 144
1133 2235
302 2784
302 718
302 2303
1616 1210
2166 2789
313 2592
313 2194
2592 2241
1951 2615
1951 2093
2059 739
2059 706
1916 2664
212 1770
428 2605
2605 2309
1649 1831
1649 851
502 842
1429 2996
2996 2743
2149 2120
654 2044
2044 2743
2350 2560
1734 2081
1734 2005
202 185
479 1325
1325 2135
1325 2686
2231 808
2746 774
2746 1749
801 303
11 4
11 1643
1146 1274
134 2171
2171 532
2171 125
884 228
321 1528
847 1672
1235 1443
1235 1066
1443 1704
761 1619
761 985
761 1393
551 2463
551 124
2226 354
2226 2623
2511 2258
423 2053
1949 2121
2121 1002
2121 1096
1268 1896
1268 306
26 2260
707 2008
707 1613
707 1067
74 2739
74 1923
2739 2789
640 1854
1476 2199
2575 1118
1481 1301
2091 985
2091 2450
650 1365
2670 665
2670 1900
2625 2353
2644 541
2644 2767
1546 886
748 411
90 1811
1811 1138
2899 1623
352 651
144 399
2961 311
2309 542
1541 929
2759 651
1357 2624
2624 2006
116 2179
116 824
1923 1335
1923 2274
2257 87
2594 1279
174 1591
1721 1444
1505 1782
1505 2061
1782 2672
2112 2888
2760 387
2876 2264
2876 484
1801 963
2702 195
2702 1224
92 924
92 1377
1604 1326
399 2458
399 2298
386 917
386 1784
1210 282
1210 2351
2239 1473
2351 2664
873 2541
124 1754
1559 1771
2793 478
55 1948
2135 621
2135 1460
234 1823
234 1941
935 2684
1996 2373
1996 1373
1996 1566
1437 1948
1437 1701
1581 518
826 1378
1842 2275
1842 1217
1842 402
1842 2574
2077 1301
2077 2289
2077 1773
1605 2218
739 1418
506 1116
506 1723
1116 1718
1607 2344
1672 43
1672 2120
940 1138
1138 881
1138 2442
921 1230
921 2430
921 1326
605 2381
605 2056
2806 943
2806 590
382 917
382 1179
1009 207
1009 1456
1773 2056
2415 673
2415 1444
1377 1421
89 1462
1741 2519
2519 1373
2519 177
2789 1900
2222 483
103 1727
1832 1742
1832 2883
1129 2568
665 913
1010 1823
1823 449
2458 2416
484 998
484 988
998 1600
998 1229
2357 36
2372 2412
2235 2767
2881 157
927 1338
297 2151
1198 1759
2294 2671
62 1363
1363 324
1422 1769
1060 2037
2037 594
2990 2784
2195 636
2195 2258
1623 2403
769 152
1535 2303
932 1643
932 329
1643 2065
2636 2622
329 2196
2196 1191
808 2243
2784 990
418 960
354 610
354 2563
743 920
743 1297
2835 1754
191 2169
191 2064
1659 2610
2241 2729
2241 594
2934 1742
152 2872
152 834
152 1394
2672 636
23 207
651 2450
2560 1147
2560 2574
2743 1372
1008 709
1912 378
1912 1091
760 1407
2304 2725
1110 1309
1309 1394
2936 2981
2936 1937
2475 952
2475 2182
2475 1470
2274 2825
1059 387
568 239
310 636
310 512
869 1337
2830 1869
226 2908
353 2927
2927 1247
1179 2491
2218 711
2218 303
2878 2484
2723 2810
2723 642
1854 2825
1326 54
2712 125
2712 444
532 235
532 387
2484 1887
2484 1792
176 1426
1426 1240
1425 1335
1425 1868
1214 795
279 2066
2653 2001
535 2130
444 2729
2284 2153
2284 516
1304 1928
109 248
109 1555
248 2376
248 709
2243 991
838 1002
207 1610
1610 2194
1727 574
2683 1997
894 2578
2807 1434
574 87
1902 562
1147 859
400 2093
1749 2364
2347 851
2347 307
2376 384
2851 988
2851 2574
2952 2671
1771 835
1839 714
269 963
269 556
2812 1456
304 518
157 835
157 1188
2189 1091
952 1356
642 1372
572 1628
2725 2103
1380 2442
1380 2064
1418 1719
1036 2169
1470 303
2434 933
629 1205
2380 1141
1297 2122
483 1254
1595 1718
709 985
2106 121
1767 324
1767 2356
2883 1815
1274 2442
842 1217
960 1407
2399 1756
1407 2602
658 307
200 1969
1164 1695
994 668
1237 942
1900 2491
562 1345
2145 2356
2153 1434
1997 2686
1997 701
2686 1910
306 1180
1831 701
2159 2130
892 1937
2169 2908
673 1066
1887 2563
1396 792
711 324
711 2981
2180 636
2303 1488
701 2155
2810 2260
2151 2563
1434 2450
2563 177
804 954
830 2356
2491 99
1035 2065
1035 307
1821 1246
1229 2710
512 859
1969 2005
