1000 6908
0 655
0 293
0 245
0 244
0 317
0 114
0 91
0 582
0 144
0 74
0 543
0 616
0 710
0 169
0 836
0 650
1 618
1 467
1 764
1 722
1 870
1 634
1 955
1 346
1 76
1 815
1 751
1 581
1 355
1 803
1 54
1 839
1 670
1 33
1 472
1 858
1 549
1 401
1 552
2 95
2 63
2 709
2 133
2 267
2 149
2 504
2 801
2 361
2 624
3 751
3 63
3 733
3 123
3 42
3 674
3 947
3 48
3 676
3 520
3 81
3 139
3 486
3 448
3 828
3 622
3 758
4 677
4 406
4 119
4 613
4 352
4 138
4 960
4 494
4 31
4 129
4 215
4 708
4 261
4 686
4 174
5 340
5 833
5 543
5 887
5 157
5 166
5 596
5 194
5 480
5 669
5 627
5 290
5 764
5 307
5 277
6 266
6 637
6 364
6 373
6 580
6 216
6 650
6 808
6 891
6 394
6 835
6 797
6 435
6 146
6 840
6 297
6 947
7 146
7 177
7 315
7 749
7 833
7 988
7 996
7 144
7 814
7 125
7 79
8 967
8 255
8 808
8 467
8 944
8 765
8 542
8 741
8 807
8 993
8 420
8 452
8 987
8 293
8 945
8 599
8 119
9 988
9 265
9 946
9 782
9 934
9 690
9 439
9 379
10 777
10 733
10 972
10 797
10 112
10 306
10 126
10 198
10 511
11 405
11 116
11 213
11 823
11 374
11 301
11 676
11 721
11 784
11 616
12 981
12 428
12 814
12 17
12 217
12 37
12 565
12 710
12 650
12 558
13 933
13 573
13 683
13 488
13 104
13 700
13 751
13 243
13 132
13 95
13 836
13 213
14 851
14 523
14 34
14 226
14 592
14 662
14 763
14 100
14 683
14 722
14 427
14 288
14 500
14 999
14 142
15 810
15 877
15 583
15 949
15 62
15 310
15 188
15 105
15 929
15 53
15 190
15 999
15 393
15 514
15 114
15 394
16 605
16 992
16 938
16 334
16 991
16 949
16 61
16 482
16 776
16 680
16 101
16 754
17 814
17 334
17 75
17 388
17 762
17 677
17 856
17 941
17 808
17 183
17 533
17 678
17 79
17 849
17 736
18 382
18 684
18 568
18 891
18 942
18 886
18 387
18 254
18 349
18 832
18 423
18 371
18 173
18 36
19 985
19 566
19 821
19 753
19 224
19 880
19 585
19 560
19 204
19 313
19 952
19 587
19 802
19 24
20 714
20 293
20 484
20 866
20 413
20 494
20 480
20 184
20 404
20 978
20 541
20 210
20 464
20 623
20 570
20 294
20 676
20 253
20 618
21 707
21 329
21 350
21 257
21 688
21 366
21 910
21 121
22 237
22 811
22 270
22 264
22 191
22 652
22 511
22 551
22 313
22 69
22 58
22 638
22 251
22 383
23 716
23 609
23 525
23 390
23 646
23 75
23 860
23 237
23 824
23 54
23 898
23 882
23 142
23 652
24 512
24 385
24 187
24 869
24 420
24 595
24 681
24 947
24 193
24 424
24 206
25 199
25 138
25 30
25 602
25 493
25 594
25 298
25 843
25 642
25 465
25 90
25 104
26 564
26 189
26 257
26 421
26 983
26 690
26 603
26 553
26 226
26 944
26 217
27 76
27 664
27 54
27 144
27 73
27 267
27 77
27 584
27 403
27 812
27 160
27 478
27 613
27 919
27 590
27 710
27 128
27 162
27 811
28 297
28 112
28 600
28 850
28 879
28 460
28 372
28 838
28 61
28 235
28 189
28 279
28 293
29 567
29 457
29 869
29 444
29 497
29 458
29 489
29 880
29 669
29 707
29 966
30 91
30 429
30 999
30 49
30 489
30 661
30 853
30 815
30 123
30 749
30 934
30 331
30 525
30 890
30 62
30 497
30 419
30 232
31 356
31 308
31 817
31 967
31 147
31 675
31 662
31 591
31 653
31 476
31 609
31 227
31 900
31 614
31 983
31 587
31 107
31 946
31 192
32 237
32 714
32 881
32 459
32 163
32 647
32 113
32 605
33 167
33 422
33 92
33 88
33 762
33 194
33 523
33 253
33 467
33 547
33 390
33 227
34 269
34 381
34 91
34 384
34 416
34 851
34 667
34 252
34 44
34 324
34 412
34 888
34 786
34 778
34 327
34 918
35 111
35 204
35 570
35 411
35 401
35 768
35 138
35 917
35 470
35 107
36 561
36 656
36 249
36 187
36 835
36 160
36 720
36 116
36 205
36 917
36 78
36 399
36 361
36 492
37 277
37 436
37 843
37 185
37 551
37 513
37 554
37 52
37 386
37 646
37 984
37 301
37 542
37 61
37 612
37 225
38 920
38 454
38 591
38 558
38 986
38 284
38 966
38 391
38 361
38 450
38 216
38 416
38 626
39 790
39 658
39 142
39 774
39 291
39 831
39 274
39 434
40 194
40 875
40 122
40 935
40 357
40 116
40 713
40 501
40 266
40 120
41 359
41 487
41 370
41 710
41 689
42 169
42 241
42 320
42 998
42 224
42 477
42 549
42 749
42 965
42 223
42 208
42 677
42 481
42 346
42 483
42 781
42 627
42 335
42 863
42 238
42 289
43 766
43 434
43 239
43 253
43 841
43 175
43 573
43 489
43 71
43 446
43 159
43 121
43 654
44 434
44 557
44 560
44 761
44 850
44 325
44 990
44 779
44 977
44 495
44 67
44 183
44 745
44 217
44 749
44 83
45 206
45 462
45 179
45 728
45 694
45 880
45 488
45 64
46 827
46 538
46 183
46 665
46 164
46 220
46 682
46 401
46 970
46 537
46 326
46 508
46 370
47 392
47 348
47 627
47 961
47 982
47 848
47 408
47 722
47 293
47 381
47 587
48 140
48 370
48 366
48 314
48 236
48 995
48 500
48 221
48 757
48 218
48 819
48 181
48 649
49 342
49 501
49 948
49 373
49 241
49 869
49 927
49 987
49 345
49 892
49 761
49 176
50 813
50 362
50 989
50 125
50 245
50 341
50 886
50 880
50 251
50 307
50 758
50 87
50 651
50 380
50 765
50 257
50 473
51 649
51 818
51 389
51 180
51 901
51 759
51 303
51 685
51 884
51 224
51 907
51 911
51 776
51 699
51 106
51 293
51 601
52 257
52 688
52 494
52 363
52 608
52 495
52 537
52 683
52 923
52 418
52 754
52 136
52 877
52 68
53 524
53 696
53 567
53 823
53 741
53 222
53 565
53 794
53 964
53 182
53 393
53 733
53 884
54 831
54 947
54 897
54 625
54 113
54 325
54 360
54 799
54 297
54 900
54 614
55 566
55 881
55 372
55 361
55 914
55 428
55 399
55 628
55 358
55 635
55 712
55 253
55 933
56 277
56 309
56 508
56 483
56 378
56 622
56 689
56 165
56 538
56 117
56 703
56 89
56 573
56 645
57 554
57 379
57 662
57 727
57 972
57 364
57 619
57 114
57 525
57 638
57 818
57 650
58 591
58 846
58 625
58 718
58 969
58 464
58 797
58 256
58 466
58 513
58 268
58 690
58 283
58 194
59 890
59 421
59 202
59 457
59 703
59 704
59 712
59 850
60 570
60 210
60 836
60 868
60 436
60 74
60 995
60 148
60 704
61 444
61 703
61 115
61 831
61 911
61 768
61 960
61 868
61 193
61 680
61 545
62 635
62 875
62 457
62 683
62 722
62 364
62 480
62 377
62 123
62 538
62 669
62 232
62 228
62 171
62 835
63 399
63 499
63 433
63 331
63 939
63 265
63 728
63 914
63 275
63 127
64 500
64 581
64 200
64 748
64 162
64 838
64 978
65 850
65 605
65 682
65 471
65 648
65 476
65 350
65 592
65 363
65 349
65 99
65 949
65 898
66 106
66 387
66 754
66 683
66 251
66 137
66 761
66 587
66 454
66 253
66 433
66 988
66 107
66 959
67 646
67 401
67 275
67 921
67 153
67 863
67 647
67 173
67 576
67 665
67 140
67 522
67 226
67 451
67 840
67 938
67 207
67 512
68 569
68 406
68 323
68 311
68 814
68 102
68 965
68 72
68 164
68 487
68 504
69 140
69 177
69 871
69 333
69 592
69 805
69 905
69 675
69 428
70 270
70 389
70 354
70 279
70 847
70 686
70 735
70 634
70 828
70 797
71 377
71 407
71 200
71 349
71 275
71 480
71 579
71 562
71 374
71 860
71 100
71 883
71 304
71 82
71 921
71 897
71 956
71 559
71 72
71 577
71 159
71 145
72 699
72 334
72 96
72 117
72 726
72 510
72 742
72 623
72 842
72 82
73 972
73 332
73 917
73 189
73 176
73 775
74 620
74 102
74 512
74 160
74 348
74 434
74 389
74 944
74 607
74 701
74 432
74 229
74 397
75 283
75 818
75 384
75 853
75 437
75 159
75 244
75 224
75 76
75 399
75 928
75 868
75 77
75 260
76 394
76 840
76 121
76 495
76 476
76 386
76 426
76 115
76 286
76 871
76 249
76 991
76 107
76 817
76 970
76 972
76 509
77 650
77 644
77 439
77 820
77 384
77 663
78 903
78 663
78 830
78 79
78 781
78 218
78 602
78 926
78 963
78 459
78 972
78 717
78 127
78 256
78 253
78 715
78 907
79 209
79 615
79 476
79 433
79 745
79 896
79 230
80 921
80 607
80 121
80 422
80 476
80 329
80 508
80 345
80 372
80 224
80 999
80 660
81 640
81 880
81 326
81 367
81 547
81 216
81 90
81 99
81 639
81 984
81 146
81 231
81 338
82 652
82 122
82 295
82 422
82 399
83 980
83 929
83 625
83 914
83 244
83 97
83 166
83 566
83 568
83 351
83 680
84 945
84 838
84 585
84 942
84 479
84 275
84 206
84 416
84 470
84 528
84 538
84 85
85 806
85 324
85 669
85 369
85 827
85 398
85 108
85 829
85 696
85 497
85 465
85 904
86 555
86 109
86 925
86 340
86 587
86 570
86 878
86 540
86 859
87 510
87 422
87 971
87 165
87 235
87 393
87 895
87 234
87 933
87 952
87 665
87 947
87 148
87 260
87 90
87 820
88 158
88 462
88 600
88 679
88 383
88 209
88 849
88 674
88 567
88 865
88 260
88 880
88 664
89 265
89 815
89 189
89 471
89 598
89 626
89 357
89 410
89 436
89 240
89 813
89 597
89 123
89 793
89 457
89 335
89 267
90 321
90 973
90 664
90 527
90 570
90 246
90 400
90 922
90 260
90 189
90 985
90 816
91 194
91 694
91 427
91 695
91 758
91 836
91 973
91 337
91 403
91 952
91 798
91 954
92 364
92 822
92 739
92 375
92 584
92 740
92 205
92 368
92 559
92 842
92 883
92 911
92 659
92 571
92 744
92 391
93 589
93 973
93 935
93 672
93 255
93 777
93 309
93 405
93 198
93 320
93 532
93 105
93 662
93 936
93 990
93 289
94 326
94 674
94 681
94 270
94 240
94 284
94 151
94 755
94 227
94 194
94 807
94 303
94 116
94 433
94 313
95 530
95 163
95 546
95 590
95 782
95 612
95 726
95 411
95 203
95 313
95 583
96 807
96 272
96 257
96 656
96 576
96 672
96 509
96 424
96 528
96 988
96 820
96 453
97 98
97 900
97 737
97 132
97 577
97 656
97 824
97 596
97 302
97 958
97 972
97 646
97 133
98 218
98 806
98 282
98 868
98 615
98 225
98 232
98 370
99 510
99 368
99 354
99 678
99 950
99 488
99 761
99 359
99 382
99 838
99 228
99 944
99 700
99 914
99 244
99 640
100 590
100 140
100 547
100 707
100 701
100 497
100 852
100 940
100 737
100 599
101 587
101 931
101 765
101 660
101 272
101 494
101 346
101 891
101 869
101 839
102 311
102 315
102 386
102 119
102 772
102 451
102 755
102 434
102 597
102 433
103 705
103 592
103 412
103 356
103 439
103 296
103 169
103 964
103 911
103 743
103 248
103 682
103 720
103 761
104 712
104 753
104 751
104 380
104 247
104 954
104 830
104 219
104 985
104 601
104 511
104 133
104 441
105 974
105 369
105 263
105 498
105 418
105 153
105 531
105 129
105 233
105 912
105 977
105 572
105 720
105 976
105 874
105 815
106 767
106 296
106 758
106 820
106 878
106 834
106 670
106 958
106 731
107 833
107 847
107 530
107 710
107 948
107 962
107 629
107 165
107 422
107 488
108 565
108 782
108 124
108 275
108 760
108 270
108 131
108 737
108 786
108 849
108 991
108 400
108 641
109 546
109 996
109 289
109 426
109 849
109 616
109 306
109 973
109 997
109 248
110 751
110 189
110 710
110 538
110 706
110 756
110 829
111 309
111 278
111 903
111 631
111 989
111 426
111 845
111 578
111 897
111 638
111 726
111 181
111 565
112 882
112 650
112 804
112 245
112 600
112 921
112 500
112 738
112 481
112 293
112 742
112 315
112 894
112 442
112 419
112 572
112 971
112 662
113 329
113 773
113 375
113 911
113 806
113 612
113 820
113 589
113 928
113 325
113 663
113 342
113 843
113 662
113 213
113 243
113 456
113 839
114 881
114 231
114 753
114 296
114 328
114 925
114 575
114 204
114 421
114 302
114 259
115 237
115 822
115 793
115 254
115 299
115 372
115 171
115 810
115 496
115 680
115 592
115 214
115 901
115 637
115 260
115 206
115 240
115 640
116 403
116 302
116 934
116 351
116 608
116 625
116 242
116 254
116 996
116 391
116 648
116 679
116 690
116 632
117 350
117 174
117 275
117 697
117 266
117 182
117 650
117 141
117 829
117 541
117 887
118 345
118 312
118 638
118 935
118 400
118 570
118 503
118 184
118 569
118 801
118 734
118 797
118 847
119 835
119 820
119 976
119 677
119 842
119 759
120 454
120 768
120 387
120 560
120 502
120 582
120 336
120 674
120 821
120 196
120 953
120 266
120 248
120 772
121 774
121 400
121 589
121 713
121 500
121 204
121 405
121 582
121 224
121 588
121 432
121 973
121 558
121 480
121 746
121 292
121 846
121 948
121 703
122 498
122 636
122 997
122 160
122 979
122 204
122 704
122 476
122 814
122 541
122 136
122 364
122 520
122 760
123 564
123 485
123 955
123 408
123 308
123 939
123 512
123 980
123 868
123 718
124 500
124 596
124 160
124 729
124 999
124 942
124 238
124 896
124 277
124 696
124 150
124 474
124 221
125 613
125 858
125 266
125 632
125 430
125 328
125 564
125 452
125 360
125 559
125 549
125 594
125 458
126 549
126 207
126 318
126 626
126 960
126 350
126 878
126 585
126 194
126 289
126 774
126 156
126 919
126 727
127 731
127 670
127 955
127 160
127 256
127 524
127 531
128 514
128 297
128 701
128 185
128 792
128 518
128 711
128 783
128 298
129 196
129 475
129 994
129 632
129 468
129 919
129 526
129 457
129 845
129 132
130 570
130 987
130 545
130 633
130 870
130 286
130 476
130 167
130 901
130 977
130 249
130 796
130 905
131 586
131 939
131 985
131 252
131 842
131 868
131 670
131 756
131 707
131 705
131 589
131 733
132 248
132 506
132 929
132 826
132 598
132 969
132 188
132 886
132 354
132 401
132 231
132 433
132 815
132 359
132 933
132 721
132 698
133 493
133 424
133 830
133 175
133 792
133 703
133 733
133 471
133 724
133 502
134 164
134 579
134 786
134 656
134 349
134 999
134 705
134 498
134 343
134 940
134 801
134 397
134 917
134 325
135 910
135 417
135 762
135 577
135 252
135 368
135 949
135 694
135 395
136 629
136 392
136 171
136 807
136 193
136 524
136 293
136 256
136 775
136 219
136 365
136 216
137 835
137 530
137 342
137 921
137 283
137 433
137 624
137 918
137 573
137 420
137 796
137 639
138 654
138 773
138 941
138 997
138 509
138 700
138 801
138 816
138 162
138 353
138 901
138 934
138 690
138 985
138 779
139 677
139 684
139 589
139 813
139 267
139 296
139 308
139 253
139 703
140 279
140 626
140 452
140 594
140 535
140 341
140 383
140 197
140 901
140 715
140 369
140 683
140 271
140 710
140 408
140 921
141 657
141 279
141 668
141 897
141 733
141 315
141 403
142 824
142 788
142 469
142 834
142 291
142 910
142 464
142 599
142 667
142 657
142 539
142 714
142 159
142 561
142 908
142 528
142 704
142 687
142 870
143 917
143 414
143 480
143 965
143 796
143 751
143 694
143 391
143 723
143 474
143 969
144 532
144 871
144 959
144 766
144 795
144 757
145 357
145 819
145 985
145 981
145 149
145 430
145 701
145 679
145 831
145 774
145 499
145 968
145 235
145 748
145 236
146 247
146 222
146 480
146 722
146 641
146 646
146 406
146 818
146 529
146 816
146 226
146 263
146 840
146 420
146 373
146 727
146 639
146 548
146 239
146 982
146 969
147 276
147 869
147 896
147 893
147 877
147 480
147 373
147 966
147 656
147 726
147 641
148 594
148 976
148 642
148 787
148 254
148 265
148 758
148 948
148 412
148 855
148 267
148 865
149 612
149 201
149 642
149 742
149 405
149 300
149 565
149 914
149 805
150 785
150 702
150 187
150 715
150 804
150 183
150 724
150 905
150 425
151 580
151 945
151 551
151 887
151 691
151 471
151 441
152 862
152 398
152 975
152 502
152 792
152 549
152 597
152 609
152 405
152 873
153 163
153 935
153 901
153 606
153 217
153 272
153 951
153 479
153 797
154 500
154 896
154 458
154 271
154 436
154 651
154 784
154 789
154 367
155 658
155 795
155 568
155 634
155 173
155 741
155 852
155 916
155 370
155 693
155 887
155 735
155 449
155 405
155 417
156 188
156 561
156 369
156 226
156 528
156 857
156 958
156 477
156 775
156 663
156 396
156 416
156 252
157 510
157 448
157 575
157 929
157 162
157 626
157 922
157 732
157 959
157 886
157 191
157 836
157 278
157 542
157 957
157 577
157 952
158 512
158 321
158 934
158 684
158 879
158 258
158 941
158 798
158 385
158 664
158 836
158 884
158 816
158 718
158 598
158 992
158 967
159 433
159 277
159 164
159 578
159 993
159 874
159 696
159 900
159 373
160 727
160 662
160 805
160 369
160 397
160 638
161 497
161 691
161 319
161 911
161 636
161 328
161 784
161 230
162 784
162 388
162 294
162 706
162 948
162 494
162 290
162 560
162 278
162 371
162 530
162 685
162 779
163 223
163 784
163 397
163 729
163 488
163 164
163 767
163 898
163 242
163 204
163 451
164 634
164 289
164 938
164 369
164 526
164 175
164 509
164 437
164 581
164 381
164 613
165 985
165 737
165 816
165 368
165 890
165 799
166 760
166 468
166 292
166 912
166 700
166 617
166 638
166 671
167 756
167 239
167 808
167 590
167 408
167 844
167 336
167 245
167 566
167 366
167 337
167 395
168 518
168 745
168 309
168 671
168 867
168 675
168 320
169 683
169 885
169 652
169 790
169 941
169 205
169 856
169 516
169 966
169 347
169 668
170 241
170 468
170 250
170 351
170 717
170 302
170 527
171 567
171 917
171 531
171 327
171 580
171 560
171 885
171 194
171 673
171 722
171 572
172 318
172 737
172 571
172 394
172 466
172 304
172 615
172 686
172 570
172 926
172 229
172 928
172 301
172 909
173 373
173 258
173 935
173 624
173 897
173 386
173 683
173 296
173 285
173 227
173 441
173 294
173 776
173 246
174 394
174 427
174 912
174 697
174 436
174 749
174 761
174 403
174 817
175 673
175 364
175 398
175 657
175 857
175 407
175 381
175 834
175 715
175 219
176 742
176 620
176 499
176 726
176 339
176 966
176 554
176 921
176 749
176 420
176 243
176 981
176 380
176 828
176 462
177 491
177 392
177 232
177 591
177 319
177 609
177 487
177 432
177 306
177 587
177 990
177 502
177 923
177 479
177 702
177 186
177 620
178 657
178 707
178 638
178 789
178 890
178 433
178 291
178 245
178 960
178 694
178 851
178 952
178 744
178 877
178 904
178 831
179 287
179 984
179 493
179 558
179 756
179 810
179 661
179 893
179 601
179 249
179 335
179 208
179 199
180 394
180 426
180 252
180 181
180 873
180 606
180 523
180 477
180 238
180 685
181 382
181 824
181 752
181 639
181 527
181 457
181 318
181 231
181 929
181 884
181 823
181 253
181 485
181 668
181 859
182 556
182 817
182 666
182 315
182 216
182 487
182 453
182 571
183 545
183 480
183 674
183 235
183 476
183 535
183 203
183 843
183 289
183 305
183 433
183 759
183 724
183 727
184 602
184 403
184 836
184 790
184 908
184 627
185 815
185 371
185 643
185 252
185 668
185 235
185 989
185 615
185 272
185 824
185 838
185 642
185 600
186 713
186 905
186 760
186 807
186 554
186 922
187 661
187 222
187 507
187 576
187 295
187 458
187 320
187 907
188 234
188 519
188 371
188 869
188 876
188 356
188 322
188 915
188 868
189 469
189 997
189 362
189 285
189 998
189 813
189 355
189 777
189 728
189 977
189 783
190 747
190 562
190 659
190 581
190 510
190 481
190 268
190 564
190 204
190 949
190 508
191 615
191 479
191 400
191 878
191 464
191 662
191 947
191 867
191 704
191 554
191 373
191 225
191 329
191 216
191 259
191 653
192 969
192 364
192 725
192 340
192 977
192 836
192 851
192 497
192 406
192 419
192 912
192 256
192 429
192 581
192 620
193 365
193 423
193 396
193 462
193 821
193 560
193 529
193 467
193 458
193 576
194 553
194 556
194 449
194 201
194 358
194 961
194 816
194 604
194 400
194 340
194 767
194 539
194 626
194 821
194 688
194 881
195 763
195 935
195 589
195 406
195 353
195 619
195 901
195 903
195 432
196 285
196 956
196 338
196 211
196 771
196 590
196 413
196 446
196 741
196 447
197 244
197 271
197 545
197 542
197 392
197 839
197 667
197 283
197 698
197 601
197 879
197 798
197 400
197 338
197 751
197 460
197 815
197 538
198 741
198 329
198 373
198 601
198 259
198 940
198 261
198 975
198 600
198 472
198 437
198 850
198 617
198 491
199 417
199 469
199 818
199 391
199 529
199 932
199 874
199 931
199 348
199 263
199 995
199 907
199 929
200 687
200 752
200 619
200 658
201 528
201 295
201 402
201 689
201 886
202 393
202 304
202 422
202 513
202 799
202 748
202 979
202 814
202 224
202 343
203 605
203 536
203 438
203 959
203 487
203 935
203 447
203 405
203 275
203 538
203 702
204 781
204 580
204 486
204 738
204 516
204 613
204 578
204 230
204 655
204 531
204 246
204 626
204 921
204 750
204 587
204 436
204 375
205 922
205 850
205 512
205 347
205 757
205 801
205 360
205 591
205 537
205 565
205 935
205 323
205 791
206 262
206 982
206 680
206 280
206 363
206 520
206 279
206 359
206 755
206 859
206 999
206 316
206 393
206 634
206 952
206 928
207 397
207 820
207 660
207 331
207 460
207 496
207 234
207 279
207 229
207 669
207 313
207 312
208 600
208 819
208 556
208 463
208 870
208 296
208 578
208 621
208 250
208 705
208 548
208 720
208 489
208 515
208 713
209 506
209 812
209 929
209 831
209 875
209 805
209 860
209 692
209 526
209 303
209 911
209 661
210 825
210 583
210 544
210 229
210 422
210 642
210 611
210 925
210 726
210 468
210 716
210 409
210 674
211 770
211 771
211 526
211 484
211 279
211 674
211 264
211 460
211 872
211 859
211 967
211 900
211 739
212 872
212 501
212 346
212 706
212 220
212 290
212 957
212 611
212 805
212 744
212 489
212 933
213 687
213 721
213 880
213 632
213 658
213 991
213 333
213 736
213 397
213 246
213 971
214 870
214 858
214 341
214 906
214 401
214 632
214 455
214 832
214 749
214 337
214 581
214 390
214 509
215 646
215 387
215 914
215 699
215 698
215 555
215 826
215 255
215 818
215 976
215 876
215 531
215 807
216 396
216 807
216 665
216 271
216 883
216 248
216 985
216 769
216 470
216 307
216 991
216 793
216 637
216 950
216 238
217 798
217 379
217 686
217 982
217 400
217 787
217 646
218 451
218 749
218 614
218 806
218 873
218 400
219 759
219 622
219 731
219 246
219 753
219 525
219 769
219 280
219 789
219 700
220 282
220 676
220 662
220 996
220 909
220 587
220 979
220 700
220 851
220 546
220 460
220 543
220 436
220 786
221 859
221 715
221 826
221 623
221 895
221 631
221 253
221 940
222 835
222 555
222 561
222 665
222 358
222 974
223 646
223 485
223 759
223 956
223 830
223 225
223 380
223 539
223 813
224 429
224 962
224 978
224 742
224 955
224 642
224 425
224 608
224 496
224 641
224 889
224 857
224 772
224 348
224 329
224 666
225 544
225 928
225 979
225 939
225 689
225 670
226 422
226 829
226 655
226 662
226 795
226 980
226 561
226 731
226 414
227 836
227 500
227 742
227 270
227 350
227 316
227 266
227 294
227 471
227 581
227 329
227 526
228 231
228 610
228 373
228 571
228 343
228 969
228 606
228 274
228 527
228 285
228 926
228 588
228 910
228 614
229 878
229 618
229 773
229 491
229 831
229 243
229 957
229 355
229 660
229 299
230 635
230 245
230 862
230 568
230 850
230 248
230 643
230 529
230 793
230 575
231 235
231 475
231 497
231 544
231 486
231 652
231 518
231 488
231 860
231 851
231 546
231 318
232 684
232 856
232 875
232 378
232 445
232 986
232 358
232 523
233 587
233 603
233 934
233 995
233 652
233 516
233 612
233 557
233 878
233 834
233 449
233 385
233 463
234 840
234 885
234 816
234 784
234 294
234 683
234 433
234 470
234 892
234 984
234 312
234 322
234 370
234 681
235 892
235 640
235 655
235 373
235 779
235 439
235 482
235 248
235 453
235 631
235 612
235 424
236 525
236 314
236 840
236 818
236 723
236 531
237 325
237 330
237 259
237 242
237 900
237 338
237 516
237 451
237 623
237 381
237 523
237 816
237 990
237 407
237 661
238 490
238 632
238 965
238 363
238 691
238 575
238 763
238 526
238 409
239 822
239 897
239 638
239 819
239 332
239 297
239 392
239 629
239 383
239 256
239 840
239 915
239 498
239 781
240 262
240 400
240 785
240 856
240 345
240 662
240 935
240 802
240 678
240 628
241 424
241 962
241 919
241 302
241 524
241 852
242 825
242 915
242 952
242 978
242 927
242 479
242 635
242 609
242 565
242 343
242 761
242 680
242 652
242 395
242 586
243 746
243 359
243 764
243 256
243 769
243 668
243 782
243 573
243 255
243 365
243 616
243 731
243 282
243 780
243 859
243 673
243 369
243 363
244 506
244 674
244 354
244 323
244 395
244 428
244 612
244 823
244 394
244 919
244 646
244 721
245 885
245 756
245 567
245 543
245 789
245 931
245 613
245 518
245 996
245 864
245 576
245 314
245 479
245 943
245 712
245 452
246 742
246 948
246 803
246 624
246 783
246 434
246 575
246 984
246 409
246 749
246 444
247 476
247 568
247 309
247 727
247 400
247 440
247 618
247 272
247 956
247 971
247 919
247 745
248 795
248 999
248 355
248 764
248 816
248 997
248 870
248 291
248 569
248 585
248 649
249 583
249 330
249 737
249 530
249 580
249 410
249 731
249 738
249 336
249 448
249 685
249 483
250 368
250 455
250 698
250 897
250 612
250 610
250 822
250 301
250 826
250 995
251 977
251 641
251 467
251 964
251 265
251 388
251 536
251 539
252 365
252 978
252 880
252 606
252 703
252 471
252 910
252 369
252 587
252 436
252 347
253 855
253 920
253 868
253 948
253 858
253 867
253 342
253 493
253 667
253 328
253 309
253 968
254 374
254 620
254 778
254 599
254 613
254 480
254 446
254 891
254 661
254 738
254 905
254 786
255 457
255 951
255 533
255 947
255 562
255 788
255 778
255 530
255 783
255 918
256 857
256 957
256 773
256 718
256 579
256 828
256 516
256 683
256 677
256 734
256 761
256 300
256 394
257 338
257 330
257 579
257 996
257 465
257 446
257 428
257 407
257 995
257 773
258 904
258 635
258 592
258 777
259 548
259 381
259 964
259 737
259 799
259 586
259 390
259 672
259 979
260 987
260 453
260 882
260 676
260 517
260 516
260 361
260 960
260 914
260 767
261 843
261 312
261 490
261 830
261 541
261 763
261 628
261 588
261 310
261 335
262 548
262 310
262 848
262 624
262 299
262 498
262 644
262 504
262 956
262 983
262 411
263 348
263 633
263 264
263 285
263 738
264 863
264 954
264 426
264 703
264 892
264 826
264 615
264 751
264 428
264 784
264 324
264 628
264 387
264 917
264 530
265 491
265 566
265 957
265 643
265 687
265 756
265 266
265 416
265 330
265 385
266 829
266 962
266 847
266 960
266 283
266 653
266 857
266 555
267 464
267 452
267 404
267 642
267 965
267 822
267 888
267 660
267 725
267 590
268 350
268 486
268 832
268 505
268 296
268 317
268 971
268 426
268 472
268 548
268 915
268 842
268 764
268 697
269 658
269 850
269 575
269 391
269 664
269 765
270 889
270 975
270 631
270 422
270 403
270 834
270 564
270 545
270 347
271 510
271 580
271 909
271 970
271 959
271 438
271 507
271 392
271 341
271 722
272 911
272 340
272 821
272 546
272 383
272 768
272 784
272 519
272 657
272 659
272 445
273 730
273 735
273 639
273 547
273 971
273 484
273 819
273 998
273 577
273 669
273 925
274 759
274 649
274 305
274 569
274 572
274 396
274 492
274 399
274 468
274 928
274 491
274 876
275 775
275 644
275 851
275 613
275 296
275 477
275 838
275 726
276 448
276 774
276 742
276 542
276 971
276 953
276 491
276 411
276 512
276 474
276 758
276 681
276 488
276 770
276 739
277 892
277 859
277 825
277 980
277 630
277 298
277 712
278 486
278 541
278 789
278 435
278 334
278 376
278 668
278 717
278 523
278 713
278 296
279 357
279 808
279 417
279 624
279 304
279 323
279 362
279 925
279 740
280 378
280 554
280 307
280 692
280 991
280 904
280 437
281 901
281 290
281 389
281 522
281 321
281 550
281 780
281 775
281 709
281 960
281 776
281 577
281 826
282 335
282 358
282 936
282 742
282 915
282 922
282 560
283 668
283 819
283 947
283 964
283 553
283 545
283 667
283 710
284 642
284 777
284 572
284 910
284 724
284 672
284 348
284 655
284 285
284 841
285 418
285 488
285 513
285 444
285 866
285 421
285 743
285 359
285 519
286 574
286 920
286 477
286 535
286 647
286 644
286 816
287 795
287 871
287 595
287 935
287 489
287 880
287 687
287 300
287 919
287 583
287 870
287 802
287 875
288 934
288 385
288 696
289 530
289 822
289 618
289 965
289 720
289 654
289 839
289 904
289 603
289 659
290 430
290 767
290 460
290 719
290 738
290 810
290 475
290 635
290 742
290 981
290 833
291 400
291 899
291 928
291 639
291 981
291 521
291 686
291 554
291 947
291 372
292 727
292 451
292 378
292 342
292 920
292 387
292 307
292 886
292 865
293 923
293 567
293 438
293 396
293 847
293 616
294 587
294 938
294 901
294 477
294 526
294 613
294 675
294 801
294 663
294 534
295 672
295 758
295 781
295 633
295 724
295 609
295 506
295 431
295 770
295 659
295 707
295 419
295 577
295 438
295 378
295 660
296 950
296 527
296 851
296 912
296 574
296 677
296 403
296 717
296 489
296 464
296 834
296 611
296 494
296 799
297 939
297 858
297 802
297 393
297 684
297 499
298 801
298 439
298 803
298 455
298 512
298 920
298 896
298 329
298 585
298 500
298 732
299 810
299 498
299 754
299 918
299 453
299 648
299 679
299 562
299 641
299 922
299 596
300 707
300 663
300 567
300 889
300 425
300 388
300 341
300 514
300 535
300 861
300 413
300 748
300 563
301 494
301 364
301 960
301 980
301 330
301 828
302 800
302 319
302 854
302 536
302 875
302 832
302 430
302 662
303 473
303 624
303 927
303 516
303 721
303 871
303 671
303 506
303 537
304 519
304 615
304 344
304 874
304 505
304 638
304 608
305 710
305 886
305 757
305 532
305 923
305 453
305 533
305 900
306 623
306 907
306 620
306 703
306 340
306 480
306 346
306 388
306 436
306 816
306 974
306 738
306 440
306 443
306 838
306 581
306 511
306 575
307 636
307 794
307 542
307 759
307 547
307 316
307 952
307 520
307 811
307 513
307 819
308 627
308 599
308 966
308 385
308 598
308 523
308 792
309 501
309 869
309 679
309 668
309 789
309 349
309 583
309 548
309 336
309 776
310 325
310 467
310 921
310 330
310 864
310 394
310 552
310 977
310 834
310 621
310 571
310 893
311 608
311 896
311 754
311 356
311 542
311 810
311 437
312 528
312 920
312 951
312 414
312 640
312 409
312 981
313 466
313 338
313 324
313 549
313 393
313 699
313 991
313 961
313 753
313 568
313 631
313 768
314 947
314 590
314 834
314 843
314 758
314 574
314 494
314 951
314 912
314 658
315 402
315 707
315 826
315 391
315 928
315 381
315 727
315 784
316 546
316 581
316 604
316 903
316 487
316 478
316 716
316 591
316 554
316 529
316 949
316 665
317 893
317 635
317 914
317 743
317 474
317 789
317 493
317 508
318 647
318 358
318 858
318 511
318 777
318 396
318 975
318 653
318 826
318 495
318 816
318 613
319 829
319 846
319 821
319 529
319 334
319 614
319 624
320 727
320 843
320 537
320 772
320 654
320 580
320 544
320 898
320 817
320 526
320 786
321 362
321 755
321 458
321 467
321 424
321 761
322 954
322 471
322 555
322 717
322 986
322 571
322 418
322 509
322 557
322 750
323 883
323 583
323 647
323 849
323 716
323 847
323 959
324 725
324 747
324 384
324 863
324 792
324 680
324 614
324 411
325 863
325 711
325 631
325 432
325 772
325 879
325 690
325 850
325 407
325 337
326 377
326 876
326 799
326 770
327 946
327 638
327 717
327 826
327 852
327 754
328 987
328 860
328 409
328 505
328 779
328 539
328 745
329 981
329 837
329 761
329 603
329 557
330 406
330 882
330 766
330 454
330 368
330 418
330 431
330 401
330 842
330 953
330 983
331 933
331 545
331 487
331 682
332 672
332 566
332 593
332 809
332 576
332 488
332 739
332 749
332 822
332 374
332 586
332 438
332 798
332 759
332 935
333 705
333 809
333 681
333 870
333 685
333 822
333 692
333 606
333 675
333 645
333 553
334 730
334 903
334 381
334 939
334 485
334 946
334 754
335 365
335 832
335 704
335 524
335 785
335 816
335 909
335 789
335 953
336 495
336 489
336 648
336 424
336 402
336 375
337 687
337 533
337 405
337 980
337 423
337 504
337 904
337 468
337 975
337 538
337 719
338 465
338 649
338 447
338 495
338 426
338 541
338 437
338 551
339 449
339 926
339 495
339 375
339 740
339 748
339 444
340 474
340 558
340 975
340 867
340 961
340 682
340 468
340 569
341 673
341 604
341 616
341 797
341 860
341 342
341 592
341 742
341 369
342 964
342 938
342 355
342 932
342 570
342 655
342 721
342 489
342 862
342 886
342 871
342 644
343 846
343 690
343 420
343 876
343 442
343 727
343 677
343 852
343 820
344 497
344 995
344 738
344 733
344 347
344 350
344 459
344 502
344 533
345 806
345 657
345 925
345 876
345 757
345 712
345 826
346 409
346 469
346 378
346 570
346 588
346 959
346 372
346 955
346 601
346 669
346 492
347 618
347 356
347 889
347 351
347 985
347 709
347 399
347 645
347 875
347 405
347 864
348 718
348 936
348 968
348 942
348 746
348 379
348 473
348 818
348 758
349 573
349 887
349 896
349 369
350 893
350 857
350 523
350 467
350 929
350 434
350 978
350 527
350 985
350 725
350 736
350 531
350 818
350 840
350 648
350 608
351 896
351 999
351 888
351 758
351 782
351 463
351 515
351 552
351 885
351 592
352 797
352 627
352 875
352 835
352 503
352 800
352 867
353 919
353 812
353 618
353 768
353 545
353 475
353 644
353 474
353 616
353 813
353 572
353 612
354 754
354 892
354 402
354 414
354 661
354 701
354 735
354 989
354 520
354 877
354 762
354 745
355 906
355 782
355 521
355 869
355 687
355 952
356 879
356 665
356 590
356 852
356 534
356 790
356 637
356 915
357 920
357 933
357 859
357 918
357 494
357 362
358 648
358 499
358 744
358 873
358 528
358 463
358 468
358 412
358 807
358 591
359 491
359 926
359 469
359 572
359 997
359 839
359 434
359 808
359 882
360 987
360 508
360 908
360 372
360 563
360 687
361 664
361 860
361 816
361 457
361 713
361 748
361 857
361 940
361 399
362 773
362 363
362 739
362 871
362 803
362 756
362 370
362 525
362 425
362 958
362 555
363 876
363 919
363 889
363 835
363 679
363 700
363 938
363 389
363 658
363 911
363 979
364 809
364 824
364 476
364 605
364 545
364 789
364 826
364 456
364 816
364 852
365 942
365 864
365 796
365 537
365 519
365 961
365 927
365 552
365 983
365 867
365 691
366 907
366 845
366 549
366 874
366 879
366 694
366 779
366 836
366 937
366 851
367 834
367 979
367 690
367 694
367 426
367 904
367 449
367 493
367 486
368 458
368 589
368 715
368 955
368 686
368 657
368 985
368 422
368 900
368 559
368 375
369 959
369 670
369 560
369 979
369 419
369 380
369 888
370 778
370 942
370 848
370 927
370 788
370 976
370 504
370 924
370 724
370 872
370 803
371 897
371 950
371 451
371 522
372 969
372 729
372 786
372 597
372 796
372 634
372 455
372 843
373 394
373 865
373 454
373 706
373 439
373 887
373 565
373 640
373 380
374 526
374 616
374 716
374 555
374 722
374 925
374 843
374 437
374 822
375 430
375 419
375 402
375 588
375 478
375 830
375 582
375 918
375 561
375 922
375 624
375 602
376 970
376 909
376 995
376 442
376 985
376 870
376 958
376 419
377 992
377 485
377 788
377 791
377 397
377 673
377 966
377 949
377 998
378 383
378 731
378 733
378 791
378 720
378 851
378 406
378 915
378 864
378 431
378 741
379 714
379 908
379 663
379 716
379 694
379 703
379 854
379 865
379 855
380 473
380 653
380 959
380 828
380 404
380 939
380 402
381 490
381 963
381 597
381 724
381 701
381 908
381 469
382 785
382 767
382 513
382 594
382 644
382 689
383 420
383 402
383 877
383 863
383 551
383 652
383 637
383 703
384 804
384 790
384 897
384 385
384 826
384 562
384 870
384 408
384 466
384 949
385 545
385 810
385 731
385 506
385 936
386 477
386 663
386 797
386 819
386 748
387 824
387 832
387 539
387 581
387 435
387 584
387 954
388 426
388 444
388 772
388 541
388 761
388 443
388 905
388 992
388 523
388 526
388 494
388 638
388 658
388 797
389 754
389 974
389 773
389 615
389 431
389 779
389 730
389 701
389 993
390 659
390 502
390 969
390 757
390 897
390 845
391 397
391 522
391 503
391 708
391 885
391 687
392 580
392 738
392 907
392 750
392 856
392 643
392 960
392 934
392 498
392 751
392 778
392 761
393 614
393 567
393 892
393 537
393 473
393 783
394 962
394 624
394 568
394 536
394 522
394 794
394 464
394 619
394 523
394 599
395 546
395 676
395 891
395 715
395 893
395 982
395 901
395 603
395 500
395 760
396 607
396 759
396 731
396 514
396 502
396 996
396 670
396 524
397 462
397 411
397 758
397 712
397 577
397 713
397 816
397 831
397 672
398 459
398 916
398 557
398 780
398 669
398 452
398 993
398 903
398 446
398 832
398 902
398 674
399 465
399 951
399 894
399 496
399 766
399 889
399 516
399 955
399 483
399 486
399 543
400 975
400 439
400 935
400 638
400 836
400 488
400 678
400 991
400 433
400 926
400 722
401 887
401 840
401 695
401 720
401 775
401 512
401 562
401 799
402 866
402 921
402 775
402 882
402 521
402 440
403 886
403 468
403 802
403 633
403 414
403 823
403 629
403 777
404 538
404 700
404 735
404 594
404 529
404 437
404 458
405 744
405 591
405 452
405 581
405 984
405 412
405 633
405 917
406 752
406 657
406 445
406 586
406 660
407 703
407 426
407 408
407 765
407 994
407 565
407 814
407 959
407 541
407 648
407 447
408 683
408 812
408 946
408 621
408 421
408 445
408 528
408 516
408 768
408 857
408 613
409 437
409 469
409 613
409 436
409 948
409 651
409 786
409 921
410 806
410 782
410 736
410 427
410 821
410 924
410 841
410 585
411 728
411 765
411 517
411 670
411 800
411 596
411 477
411 479
411 784
412 994
412 625
412 509
412 878
412 944
413 778
413 994
413 605
413 660
413 751
413 957
413 803
413 976
413 611
413 857
413 435
414 451
414 564
414 595
414 594
414 427
414 770
414 857
414 477
414 467
414 506
414 656
415 803
415 725
415 552
415 501
415 653
415 509
415 789
416 995
416 573
416 562
416 755
416 614
416 848
417 662
417 429
417 425
417 970
417 994
417 919
417 710
417 868
417 697
418 445
418 628
418 778
418 951
418 596
418 754
418 790
418 869
418 429
418 861
418 658
418 547
419 671
419 458
419 757
419 716
419 554
419 495
420 829
420 441
420 806
420 566
420 912
420 690
420 702
421 536
421 959
421 847
421 931
421 807
421 585
421 938
422 683
422 694
422 845
422 937
422 985
422 517
423 952
423 769
423 789
423 462
423 638
423 490
423 607
423 715
423 998
423 622
423 519
423 762
423 759
423 901
423 733
423 771
423 624
423 782
424 727
424 633
424 582
424 766
424 499
424 815
424 464
424 829
425 720
425 724
425 777
425 623
425 958
425 723
425 682
425 810
425 638
426 561
426 703
426 650
426 662
426 707
426 460
426 977
426 608
426 859
426 969
426 532
426 924
427 929
427 920
427 742
427 468
427 489
427 917
427 620
427 551
427 531
427 614
428 532
428 723
428 775
428 515
428 736
428 637
428 756
428 993
429 905
429 982
429 522
429 984
429 901
429 749
430 750
430 532
430 939
430 565
430 981
430 896
430 531
430 613
430 668
430 826
430 583
431 829
431 950
431 489
431 741
431 626
431 976
432 955
432 752
432 579
432 743
432 511
432 939
432 520
433 657
433 606
433 717
433 510
433 711
433 506
433 843
433 613
433 698
433 679
433 636
433 589
434 782
434 590
434 513
434 454
434 957
434 636
435 633
435 888
435 948
436 816
436 900
436 786
436 516
436 583
436 918
436 517
436 920
436 962
436 651
436 715
436 439
436 547
437 513
437 693
437 512
437 844
437 464
437 708
437 757
437 972
437 439
438 746
438 646
438 686
438 976
438 479
438 942
438 525
438 681
438 483
438 535
438 616
439 927
439 980
439 564
439 856
439 861
439 579
439 671
439 987
439 566
439 542
439 884
439 951
439 656
440 907
440 622
440 732
440 741
440 595
441 926
441 511
441 932
441 776
441 892
441 907
442 886
442 919
442 629
442 595
442 639
442 833
442 979
443 608
443 834
443 959
443 919
443 986
443 903
444 916
444 968
444 938
444 946
444 486
444 515
444 513
444 870
444 583
444 487
444 866
444 927
444 527
445 673
445 717
445 489
445 924
445 556
445 508
445 866
445 653
446 778
446 664
446 823
447 927
447 862
447 970
447 453
447 907
447 611
447 824
447 865
447 765
447 684
448 715
448 845
448 635
448 565
448 461
448 457
448 644
448 851
448 776
448 864
448 483
448 473
448 814
448 674
449 814
449 728
449 698
449 907
449 859
449 753
450 710
450 851
450 771
450 914
450 579
450 940
450 629
451 899
451 856
451 877
451 678
451 589
451 879
452 962
452 984
452 851
452 492
452 706
452 923
452 690
452 483
453 926
453 471
453 957
453 826
453 902
453 903
454 483
454 959
454 576
454 790
454 527
455 572
455 748
455 802
455 638
455 528
455 814
455 907
455 683
455 489
455 649
455 505
456 644
456 812
456 735
456 653
456 650
456 886
456 993
456 726
457 570
457 704
457 888
457 562
457 859
457 636
457 508
457 853
457 842
458 985
458 854
458 595
458 965
458 962
459 701
459 809
459 510
459 850
459 818
459 668
460 940
460 462
460 769
460 773
460 825
460 967
461 478
461 977
461 992
462 653
462 759
462 911
462 897
462 721
462 667
462 901
462 589
463 836
463 668
463 898
463 632
463 493
463 905
463 657
463 748
463 731
463 634
463 755
464 781
464 793
464 552
464 711
464 950
465 708
465 887
465 655
465 728
465 729
466 699
466 537
466 664
466 577
466 721
466 974
466 763
467 822
467 571
467 924
467 781
467 667
467 997
467 832
468 655
468 700
468 598
468 667
468 476
468 963
469 810
469 684
469 633
469 967
469 886
469 708
469 585
469 946
470 907
470 768
470 530
470 696
470 543
470 616
470 513
470 671
470 710
470 946
470 684
471 639
471 696
471 572
471 854
471 510
472 893
472 711
472 757
472 587
472 740
472 987
472 773
472 682
472 496
473 843
473 933
473 686
473 760
473 696
473 739
473 953
473 705
473 867
473 909
474 923
474 831
474 840
474 649
475 815
475 596
475 634
475 769
475 780
475 702
475 694
475 719
476 980
476 901
476 663
476 587
476 647
476 805
477 513
477 645
477 662
478 986
478 761
478 821
479 563
479 495
479 532
479 989
479 531
479 684
479 674
479 838
479 984
479 653
479 871
479 833
480 924
480 617
480 957
480 580
480 910
480 747
480 955
480 693
480 899
480 850
481 487
481 990
481 631
481 921
481 981
481 814
481 831
481 963
481 510
481 494
481 513
482 578
482 495
482 821
482 879
482 785
482 885
482 763
482 665
483 967
483 982
483 586
483 806
483 674
483 667
483 758
483 623
483 658
483 810
484 490
484 511
484 981
484 621
485 512
485 873
485 626
485 673
485 684
485 814
486 867
486 760
486 689
486 552
486 502
486 959
486 658
486 513
486 572
486 864
487 587
487 516
487 933
487 695
487 880
487 734
487 720
487 664
487 848
487 507
487 869
488 580
488 516
488 563
488 865
488 540
489 656
489 601
489 607
489 934
489 576
489 749
489 514
490 922
490 934
490 726
490 753
490 796
491 924
491 950
491 725
491 865
491 971
491 791
491 566
491 494
491 533
491 514
492 544
492 532
492 517
492 759
492 800
492 859
492 626
492 701
493 909
493 529
493 893
493 717
493 573
493 821
493 987
494 973
494 933
494 829
494 927
494 621
494 497
494 770
494 634
495 973
495 578
495 521
495 514
495 548
495 616
495 595
495 859
495 742
495 967
495 786
495 905
496 537
496 609
496 925
496 954
496 834
496 598
496 860
496 608
497 978
497 636
497 802
497 684
497 601
498 615
498 724
498 991
498 631
498 633
498 540
498 618
498 798
498 928
498 736
499 730
499 877
499 927
499 508
499 958
499 811
500 735
500 703
500 810
500 629
500 560
500 780
500 503
500 540
501 730
501 705
501 794
502 828
502 932
503 785
503 631
503 713
503 764
503 589
503 519
503 707
503 665
503 775
504 927
504 639
504 549
504 825
504 953
504 542
504 931
504 791
505 803
505 825
505 711
505 710
505 878
505 569
505 582
506 867
506 804
506 690
506 808
506 590
506 589
506 714
506 913
506 520
506 547
506 999
507 857
507 627
507 899
507 849
507 863
507 851
507 547
507 896
508 761
508 556
508 888
508 688
508 753
508 773
508 941
508 746
508 951
508 527
508 608
508 719
508 645
509 527
509 731
509 990
509 642
509 616
510 513
510 936
511 551
511 539
511 791
511 568
511 676
511 822
511 873
511 827
511 595
511 598
512 767
512 520
512 653
512 986
512 543
512 952
512 634
512 815
513 563
513 693
513 820
513 985
513 989
513 650
513 559
513 598
513 752
514 785
514 623
514 758
514 877
514 910
515 700
515 683
515 722
515 732
516 859
516 700
516 801
516 887
517 521
517 698
517 968
517 810
518 999
518 534
518 885
518 620
518 998
518 652
518 758
518 639
518 752
518 612
519 825
519 613
519 618
519 995
519 701
519 859
519 916
519 786
519 615
519 855
520 570
520 833
520 576
520 521
520 700
521 877
521 653
521 673
521 921
521 587
521 965
522 619
522 647
522 956
522 980
522 719
523 957
523 562
523 556
523 724
523 692
524 529
524 990
524 754
524 790
524 878
524 718
524 541
524 611
525 959
525 827
525 981
525 897
525 674
525 805
525 859
525 554
526 589
526 631
526 552
526 859
526 944
526 606
526 747
527 548
527 810
527 823
527 879
528 954
529 634
529 840
529 953
529 982
529 696
529 627
529 723
530 950
530 543
530 554
531 991
531 767
531 618
531 851
532 847
532 555
533 950
533 853
533 640
533 947
533 834
533 800
533 919
533 716
533 574
533 639
534 551
534 998
534 565
534 854
534 555
535 828
535 801
535 556
535 833
535 994
535 993
536 777
536 564
536 745
536 833
536 749
536 722
537 760
537 753
537 791
538 846
538 925
538 624
538 574
538 609
539 572
539 997
539 763
539 724
539 715
539 785
540 660
540 777
540 846
540 872
540 581
540 812
540 612
540 734
540 938
540 807
540 756
540 662
541 812
541 600
541 811
541 997
541 687
541 895
541 820
541 758
541 896
541 817
541 815
542 659
542 949
543 831
543 724
543 650
543 683
544 715
544 899
544 972
544 977
544 908
545 755
545 957
545 973
545 776
545 862
545 656
545 720
545 864
546 598
546 558
546 596
546 624
546 958
546 972
546 861
546 798
547 723
547 865
547 979
547 864
547 896
547 613
547 710
547 663
548 731
548 815
548 705
548 603
548 951
548 859
548 720
548 874
548 981
549 982
549 665
549 821
549 718
549 603
549 853
549 707
549 883
549 892
550 762
550 953
550 649
551 643
551 941
551 719
551 619
551 790
551 883
551 882
551 873
551 622
551 894
551 979
552 890
552 603
552 986
553 805
553 799
553 618
554 886
554 686
554 958
554 594
554 696
555 608
555 588
555 562
555 840
555 678
555 584
555 699
555 667
555 980
555 823
555 755
555 681
556 919
556 570
556 954
557 758
558 742
558 815
558 773
558 651
558 809
558 880
558 796
559 797
559 820
559 840
560 854
560 661
560 660
561 858
561 690
561 629
561 625
561 818
561 913
561 888
562 990
562 933
562 828
562 676
562 757
562 826
562 870
562 824
563 691
563 949
564 697
564 934
564 755
564 712
564 729
564 921
564 887
564 904
564 827
564 624
565 753
565 580
565 758
565 639
565 571
565 737
565 897
565 642
566 727
566 942
566 928
566 639
566 606
566 890
567 741
567 782
567 758
567 696
567 813
567 933
568 686
568 569
568 831
569 957
569 737
569 641
569 908
569 806
569 912
569 855
569 898
569 906
570 922
570 915
570 758
570 588
570 816
570 667
571 915
571 675
571 951
571 740
571 781
571 959
571 874
572 660
572 864
572 695
572 880
573 654
573 811
573 758
573 670
573 630
573 844
573 735
573 973
573 954
573 634
573 963
574 713
574 831
574 964
574 673
574 769
574 725
574 617
574 826
575 976
575 766
575 576
575 651
575 969
575 626
575 581
576 608
576 878
576 761
576 604
577 579
577 724
577 984
577 585
577 682
578 750
578 650
578 760
578 586
578 987
579 604
579 729
579 966
579 744
579 683
579 802
579 629
580 992
580 641
580 812
580 592
581 825
581 749
581 715
581 647
582 983
582 726
583 662
583 835
583 720
584 633
584 949
584 858
584 726
584 820
584 874
584 992
584 967
584 892
585 778
585 678
585 591
585 875
585 747
585 942
585 966
585 682
586 748
586 775
586 762
586 950
586 989
587 675
587 777
587 700
587 664
587 588
588 880
588 893
588 619
588 774
589 757
589 637
589 910
589 834
589 944
589 727
589 702
590 887
590 844
590 748
590 987
590 859
590 757
590 976
591 853
591 874
591 624
592 629
592 683
592 685
592 644
593 873
593 647
593 619
593 899
593 594
593 892
594 950
594 984
594 607
594 726
594 732
595 891
595 665
595 762
595 945
596 761
596 801
596 858
596 620
596 700
596 962
597 803
597 872
597 818
597 758
597 776
597 968
597 767
597 892
598 718
598 759
598 831
598 650
598 660
598 683
598 742
598 883
599 915
599 963
599 837
599 719
599 637
599 933
600 930
600 643
600 873
600 681
600 646
601 607
601 853
601 691
601 855
601 986
601 606
602 977
602 613
602 681
602 704
602 970
602 851
602 957
602 902
602 690
602 980
602 931
603 666
603 743
603 800
603 797
603 686
603 916
604 701
604 868
604 893
604 645
604 921
604 817
604 610
604 842
605 895
605 776
605 935
605 786
605 835
605 938
606 805
606 893
606 757
606 881
607 781
607 753
607 671
607 998
607 912
607 899
607 669
607 613
607 962
607 967
608 617
608 953
608 824
608 918
608 937
608 877
608 621
609 886
609 841
609 682
609 680
609 798
610 790
610 934
610 944
610 901
611 637
611 768
611 621
611 746
611 670
611 660
612 772
612 642
612 709
612 862
612 750
613 935
613 945
613 635
613 856
614 945
614 983
614 705
614 618
615 834
615 791
615 995
615 658
615 835
616 645
616 944
616 731
616 636
616 892
616 902
616 916
616 743
617 632
617 885
617 906
618 870
618 885
618 776
618 622
618 643
619 948
619 878
619 939
619 658
619 846
619 772
619 644
619 750
619 943
619 848
620 644
620 744
620 933
620 857
620 783
620 695
620 704
621 924
621 883
621 789
621 781
622 826
622 698
622 903
622 717
622 822
623 636
623 699
623 797
623 997
623 853
623 925
624 924
624 632
624 678
624 697
624 669
625 664
625 638
625 854
626 873
626 791
626 959
626 726
627 914
627 938
627 821
628 943
629 999
629 890
629 689
629 944
629 939
629 656
629 859
629 701
630 680
630 935
630 819
630 928
631 859
631 701
631 743
631 996
631 788
631 776
632 635
632 690
632 656
632 965
633 645
633 676
633 740
633 979
633 827
633 988
634 809
634 964
634 668
634 673
635 763
635 839
635 762
635 850
635 969
635 692
635 743
636 884
637 896
637 862
637 684
637 825
637 915
637 993
637 994
637 930
638 643
638 830
638 693
639 843
639 794
639 931
639 766
639 710
639 696
639 907
639 962
640 885
640 972
640 845
640 776
640 918
640 659
640 977
640 903
640 782
641 667
641 811
641 881
641 934
642 955
642 686
642 737
642 724
642 791
642 766
642 769
643 897
643 676
643 699
644 876
644 906
644 828
644 715
644 749
644 992
645 708
645 993
645 764
645 921
645 995
646 816
646 944
646 724
646 656
647 740
647 977
647 882
647 721
647 767
647 695
647 887
647 685
648 736
648 916
648 698
648 882
649 877
649 799
650 934
650 900
650 923
650 739
650 720
650 767
651 756
651 928
651 678
651 914
652 770
652 737
652 997
653 749
653 753
653 977
653 915
653 891
654 844
654 920
654 989
654 980
655 927
655 874
655 665
656 857
656 818
656 882
656 919
656 727
657 903
657 994
657 717
657 823
657 686
658 707
658 945
658 967
659 949
659 913
659 912
659 988
659 805
660 884
660 697
660 834
660 671
660 713
661 685
662 913
662 907
662 896
663 785
663 682
663 764
664 773
664 686
665 914
665 933
665 820
666 692
666 739
666 990
666 933
667 836
667 869
667 920
667 990
668 990
669 901
669 736
669 747
670 963
671 945
671 799
671 865
672 844
672 741
672 883
672 744
672 740
672 860
673 857
673 927
673 920
673 697
673 890
673 900
673 814
673 701
673 963
674 809
674 682
675 685
675 888
675 781
675 835
676 836
676 911
676 832
677 999
677 735
677 883
677 895
677 889
678 803
678 687
678 782
679 728
679 711
679 825
680 883
680 974
680 716
681 944
681 709
681 953
681 831
681 962
681 882
681 908
681 756
681 745
681 767
681 921
681 844
681 937
682 890
682 939
682 721
682 958
682 714
682 896
682 846
683 741
683 913
683 814
683 868
683 717
684 792
684 978
684 777
684 689
685 818
685 985
685 793
686 799
686 745
687 879
688 821
688 809
688 820
688 958
688 861
689 785
689 690
689 994
689 850
689 800
689 859
690 862
690 824
690 877
690 936
691 906
691 841
691 980
691 990
691 894
691 702
691 989
691 891
691 934
691 803
691 746
692 877
692 991
692 825
692 999
692 714
693 976
693 970
693 733
693 910
693 776
693 812
694 750
694 782
694 904
694 975
695 839
695 704
696 699
696 971
696 822
696 991
697 796
697 941
698 727
698 875
699 901
699 738
699 980
699 701
700 773
700 787
700 926
700 812
700 792
701 839
701 723
701 740
701 757
701 960
701 925
701 712
701 979
702 765
703 882
703 789
703 705
704 955
705 931
705 993
705 742
705 924
705 926
705 715
706 948
706 848
706 986
706 839
707 749
707 935
708 965
708 713
708 927
708 732
708 808
708 869
709 913
709 882
709 847
710 997
710 964
711 925
712 951
712 931
712 752
712 928
712 863
713 980
713 865
713 952
713 819
713 899
714 989
714 804
714 899
714 808
714 987
714 937
714 850
715 966
715 729
715 843
715 812
715 873
715 728
715 994
716 873
716 989
716 726
716 962
716 938
717 825
717 935
717 828
717 875
718 830
718 756
718 779
718 964
719 781
719 737
720 802
720 807
720 917
720 821
721 974
721 898
721 929
722 867
722 733
722 981
723 738
723 852
724 759
724 953
724 968
724 840
724 824
724 877
725 823
725 756
725 857
726 928
726 988
726 902
727 989
727 970
727 900
727 963
728 914
728 739
729 734
729 921
729 979
729 886
730 734
730 967
730 780
730 742
730 934
731 767
732 919
732 905
732 983
733 767
733 848
733 757
733 881
734 830
734 824
734 768
734 892
734 861
735 797
735 861
735 963
735 814
735 975
735 993
735 948
735 805
735 784
736 821
736 893
736 942
736 856
737 821
737 756
737 906
737 738
738 754
738 749
738 878
738 856
738 741
739 779
739 973
739 927
739 945
740 746
740 941
740 853
740 829
740 830
740 805
740 935
741 989
741 928
741 886
741 838
741 856
742 822
743 896
743 969
743 867
744 823
744 885
744 876
744 851
745 994
745 996
745 761
745 920
745 800
745 892
746 749
746 772
746 942
746 789
747 931
748 752
748 954
748 923
748 931
749 929
749 871
749 879
750 865
751 797
751 820
751 784
752 835
753 822
753 853
753 993
754 958
754 994
754 894
754 930
755 951
755 938
755 911
755 996
756 862
757 963
757 971
757 843
757 777
758 859
758 951
758 795
758 771
759 899
759 994
759 973
759 943
760 806
760 777
761 811
762 980
762 909
762 949
762 810
762 892
763 866
763 918
763 997
764 866
764 967
764 847
764 970
765 791
765 984
766 852
766 926
766 951
766 895
767 959
767 970
767 893
768 818
768 822
768 786
768 823
769 879
770 947
770 793
771 806
771 970
771 834
772 980
772 986
772 852
772 928
773 870
773 914
773 966
773 848
773 940
774 804
774 954
774 949
774 861
774 937
775 989
775 979
776 861
776 815
776 926
777 917
777 818
777 828
777 868
777 943
777 807
778 827
778 954
778 932
779 881
779 906
779 899
780 871
780 985
780 886
780 983
780 998
781 871
781 899
781 975
781 894
781 866
781 997
782 891
782 887
783 975
783 986
783 866
783 957
783 912
783 913
783 899
784 851
784 841
784 855
784 949
784 870
785 927
785 954
785 882
786 901
786 815
786 925
786 824
787 969
787 963
787 801
787 829
787 995
788 892
788 967
789 982
789 817
789 936
790 966
790 941
791 862
791 810
791 975
792 981
792 802
792 830
793 883
793 931
793 813
793 952
793 970
794 819
794 965
795 921
795 862
795 817
795 892
797 989
798 972
798 990
798 901
798 837
798 976
798 952
798 947
798 834
798 838
799 925
799 858
800 926
800 930
801 977
801 836
801 974
802 925
802 891
803 877
804 942
804 921
805 849
805 908
806 815
806 881
806 947
807 967
808 867
808 995
808 809
809 983
809 892
809 900
809 818
809 991
809 971
810 868
810 820
810 971
811 939
811 838
811 998
811 920
812 826
812 968
813 940
813 960
813 915
814 838
815 999
817 875
817 830
817 997
817 907
817 826
817 824
818 971
818 819
818 827
819 977
819 919
819 873
820 845
820 939
820 880
821 998
821 884
822 954
823 895
824 951
825 975
825 937
825 830
826 862
826 974
827 986
827 853
828 853
830 896
831 990
831 935
831 895
831 907
831 997
832 857
832 873
832 884
833 849
833 939
834 946
835 956
836 870
836 844
836 975
837 838
837 941
837 958
839 929
839 967
840 913
840 984
840 868
842 895
843 937
843 928
843 938
843 856
844 950
844 857
844 861
845 854
846 907
846 956
847 939
847 875
847 961
848 963
849 934
850 926
850 900
850 959
851 935
851 934
851 857
853 882
854 867
854 878
854 918
855 960
855 925
857 894
858 884
858 974
858 881
859 876
859 936
859 869
859 873
859 955
860 930
860 878
861 997
861 923
862 940
862 957
862 910
863 894
863 867
864 909
865 909
868 960
868 936
868 902
869 941
869 995
870 943
871 908
873 993
873 945
873 969
874 976
874 925
874 936
876 878
877 916
878 896
878 907
878 916
878 969
880 925
880 884
881 982
881 977
881 989
882 961
883 896
884 953
884 959
884 890
885 974
885 899
885 959
886 950
888 939
889 959
890 972
890 997
891 985
892 943
892 900
892 951
893 975
894 985
894 962
895 906
895 932
895 960
895 951
897 968
899 927
899 968
899 993
900 971
901 919
901 945
903 986
904 961
905 946
905 940
907 929
908 987
909 945
909 956
910 996
911 913
913 972
913 959
914 959
915 936
923 930
925 965
925 956
926 950
927 968
927 956
929 977
929 989
929 960
931 940
932 957
935 968
939 948
940 972
942 959
942 995
949 993
951 980
953 961
955 961
956 958
957 967
957 996
960 978
960 970
962 986
962 998
965 990
971 976
972 992
973 990
974 991
976 993
985 993
987 996
