2000 7494
0 29
0 103
0 399
0 686
0 812
0 829
0 1358
0 1819
0 1982
1 128
1 1456
1 1590
1 1979
2 391
2 394
2 902
2 1013
2 1165
2 1169
2 1243
2 1282
2 1590
2 1714
2 1747
3 325
3 340
3 432
3 565
3 914
3 919
3 1104
3 1265
3 1327
3 1447
3 1490
4 267
4 344
4 525
4 654
4 716
4 781
4 1036
4 1040
4 1110
4 1688
4 1857
5 161
5 741
5 1122
5 1142
5 1180
6 858
6 880
6 1428
6 1495
6 1737
7 99
7 430
7 549
7 735
7 745
7 1055
7 1401
7 1956
8 380
8 612
8 639
8 967
8 1031
8 1160
8 1452
8 1853
9 57
9 333
9 546
9 653
9 814
9 1297
9 1426
9 1995
10 193
10 936
10 1014
10 1252
10 1484
10 1636
10 1818
10 1883
11 139
11 445
11 643
11 843
11 986
11 1544
11 1916
12 79
12 94
12 202
12 206
12 658
12 1373
12 1426
12 1930
13 184
13 241
13 546
13 644
13 749
13 1228
13 1233
13 1504
13 1743
13 1779
14 535
14 1011
14 1172
14 1187
14 1291
14 1456
14 1461
14 1793
15 92
15 1073
15 1608
15 1801
16 152
16 796
16 827
16 967
16 1337
16 1923
17 609
17 1145
17 1363
17 1527
17 1598
17 1627
17 1697
18 245
18 493
18 748
18 788
18 856
18 946
18 1143
18 1439
18 1591
18 1605
18 1985
19 378
19 874
19 1510
19 1621
19 1713
19 1931
20 362
20 620
20 1076
20 1205
20 1498
20 1568
20 1773
21 110
21 877
21 921
21 1142
21 1476
22 276
22 356
22 670
22 678
22 731
22 740
22 875
22 1131
22 1410
22 1515
23 311
23 694
23 1977
24 195
24 253
24 470
24 654
24 921
24 1107
24 1131
24 1971
25 478
25 851
25 1621
25 1830
26 283
26 602
26 791
26 894
26 1327
26 1372
26 1539
26 1749
27 749
27 1002
27 1047
27 1436
27 1584
27 1819
28 393
28 839
28 897
28 1042
28 1212
28 1375
28 1539
28 1551
28 1623
28 1658
28 1794
28 1897
29 173
29 350
29 686
29 785
29 1010
29 1480
29 1546
29 1669
29 1726
30 389
30 898
30 1447
30 1722
31 105
31 148
31 300
31 483
31 1082
31 1223
31 1229
31 1251
31 1699
32 340
32 404
32 456
32 498
32 898
32 967
32 1075
32 1307
32 1453
32 1627
32 1701
32 1715
32 1803
33 129
33 394
33 521
33 561
33 755
33 861
33 1413
33 1425
33 1524
34 197
34 319
34 367
34 460
34 654
34 815
34 1080
34 1276
34 1282
34 1295
34 1398
34 1723
34 1809
35 410
35 418
35 940
35 1121
35 1306
35 1363
35 1365
35 1638
35 1895
36 1083
36 1296
36 1370
37 457
37 568
37 574
37 883
37 1059
37 1088
37 1121
37 1202
37 1376
37 1794
37 1933
38 405
38 410
38 727
38 972
38 1569
38 1634
39 156
39 212
39 270
39 1055
39 1109
39 1428
39 1480
40 255
40 496
40 799
40 971
40 1308
41 83
41 283
41 445
41 507
41 1707
42 109
42 548
42 724
42 1153
42 1284
42 1369
42 1383
42 1910
43 292
43 368
43 1261
43 1674
43 1741
43 1944
44 185
44 966
44 1137
44 1552
44 1654
44 1847
44 1913
44 1992
45 529
45 1496
45 1699
45 1835
46 290
46 334
46 430
46 1077
46 1191
47 818
47 1496
48 70
48 108
48 187
48 448
48 501
48 546
48 1002
48 1164
48 1700
48 1819
49 136
49 536
49 967
49 1124
49 1516
49 1700
49 1849
49 1904
50 79
50 276
50 441
50 760
51 57
51 737
51 740
51 742
51 748
51 1077
51 1090
51 1123
51 1514
51 1645
51 1653
51 1994
52 160
52 198
52 618
52 1493
52 1792
53 295
53 361
53 937
53 1349
53 1763
54 303
54 528
54 913
54 960
54 1048
54 1059
54 1137
54 1583
54 1743
55 438
55 473
55 813
55 919
55 1110
55 1171
55 1320
55 1831
56 168
56 513
56 777
56 994
56 1357
56 1618
56 1821
56 1894
57 155
57 395
57 414
57 703
57 845
57 1084
57 1319
57 1774
57 1962
58 119
58 169
58 1245
58 1325
58 1353
58 1644
58 1694
58 1866
59 618
59 962
59 1012
59 1084
59 1317
60 223
60 245
60 308
60 1054
60 1141
60 1394
60 1509
60 1517
60 1754
61 503
61 1632
61 1936
62 91
62 193
62 659
62 911
62 992
62 1233
62 1623
62 1882
63 210
63 934
63 1022
63 1927
64 582
64 587
64 691
64 803
64 831
64 1211
64 1309
64 1410
65 314
65 434
65 1350
65 1524
65 1612
65 1973
66 410
66 431
66 575
66 1670
66 1904
67 175
67 181
67 399
67 464
67 556
67 910
67 1118
67 1288
67 1523
67 1782
68 90
68 289
68 325
69 201
69 663
69 770
69 1606
70 1322
70 1536
70 1972
71 275
71 595
71 675
71 874
71 1039
71 1254
71 1753
72 154
72 721
72 935
72 1126
72 1427
72 1866
72 1955
73 265
73 280
73 577
73 719
73 812
73 882
73 1081
73 1410
73 1525
73 1757
73 1769
74 117
74 321
74 1069
74 1092
74 1381
74 1402
74 1548
74 1581
74 1838
74 1957
75 92
75 121
75 243
75 354
75 358
75 881
75 1020
75 1256
76 131
76 464
76 888
76 949
76 1090
76 1688
76 1993
77 186
77 545
77 573
77 1170
77 1589
77 1610
77 1612
77 1865
78 236
78 1274
78 1616
78 1832
79 83
79 553
79 722
79 1576
79 1941
80 512
80 645
80 1740
81 190
81 247
81 1049
81 1146
81 1451
81 1613
81 1829
81 1925
81 1996
82 101
82 558
82 1580
83 203
83 476
83 700
83 1140
83 1609
83 1993
84 1334
84 1677
85 116
85 197
85 527
85 767
85 1528
85 1536
85 1573
85 1960
86 205
86 295
86 461
86 625
86 700
86 998
86 1656
86 1764
86 1923
87 273
87 328
87 468
87 1243
87 1263
87 1352
87 1557
87 1703
88 114
88 686
88 712
88 723
88 807
88 876
88 1324
88 1673
88 1714
88 1915
89 1329
89 1353
89 1591
89 1690
89 1758
89 1893
90 410
90 541
90 728
90 1217
90 1707
91 247
91 264
91 1562
91 1944
91 1948
92 284
92 720
92 837
92 882
92 900
92 1052
92 1302
92 1822
93 103
93 363
93 1135
93 1336
94 378
94 600
94 776
94 1347
94 1576
94 1858
95 137
95 160
95 386
95 421
95 699
95 931
95 1390
95 1414
95 1440
95 1810
96 384
96 391
96 962
96 1073
96 1518
96 1620
96 1634
96 1726
96 1809
96 1858
97 101
97 444
97 726
97 892
97 1819
97 1854
98 575
98 615
98 1881
99 194
99 273
99 444
99 605
99 1594
99 1671
99 1781
99 1873
100 159
100 452
100 568
100 603
100 759
100 1051
100 1408
100 1592
101 140
101 468
101 941
101 1558
102 282
102 336
102 489
102 531
102 960
102 1308
102 1937
103 318
103 457
103 552
103 616
103 846
103 1872
103 1994
104 333
104 338
104 893
104 1180
104 1269
104 1639
104 1732
105 322
105 776
105 948
105 1056
105 1174
105 1623
105 1664
105 1731
105 1743
105 1843
105 1896
106 206
106 265
106 362
106 633
106 656
106 768
106 1055
106 1221
106 1489
106 1518
106 1674
106 1764
107 837
107 1051
107 1062
107 1668
108 288
108 1069
108 1299
108 1544
108 1639
109 263
109 447
109 827
109 844
109 950
109 1029
109 1059
109 1142
109 1167
109 1465
109 1505
109 1865
110 161
110 517
110 745
110 1493
110 1639
110 1847
110 1946
110 1959
111 151
111 166
111 872
111 1168
111 1559
111 1585
111 1700
111 1913
112 124
112 394
112 457
112 836
112 1033
112 1552
112 1568
112 1596
112 1839
112 1976
113 141
113 316
113 523
113 927
113 968
113 1522
113 1892
114 384
114 428
114 590
114 684
114 755
114 1092
114 1173
114 1959
115 195
115 202
115 260
115 488
115 613
115 848
115 944
115 974
115 1224
115 1386
115 1563
115 1579
115 1602
115 1896
116 521
116 675
116 1242
116 1584
116 1820
117 271
117 465
117 1005
117 1424
117 1557
117 1750
117 1868
117 1922
118 252
118 389
118 1665
118 1679
118 1958
119 342
119 479
119 704
119 745
119 873
119 1159
119 1256
119 1366
119 1877
120 1102
120 1164
120 1179
120 1276
121 213
121 241
121 391
121 424
121 748
121 840
121 957
121 1103
121 1176
121 1451
121 1473
121 1520
121 1605
121 1949
122 161
122 324
122 364
122 538
122 943
122 1239
122 1701
122 1703
122 1822
122 1856
123 232
123 389
123 418
123 503
123 773
123 801
123 817
123 939
123 1381
123 1425
123 1486
123 1641
123 1745
123 1923
124 562
124 681
124 1299
124 1631
124 1654
124 1893
125 188
125 272
125 437
125 538
125 557
125 717
125 978
125 1386
126 298
126 310
126 374
126 711
126 855
126 1031
126 1053
126 1351
126 1569
126 1641
126 1642
126 1776
126 1892
127 438
127 510
127 520
127 551
127 820
127 908
127 1359
127 1933
128 1025
128 1254
128 1274
128 1341
128 1473
128 1909
129 384
129 426
129 566
129 852
129 1912
129 1979
130 194
130 352
130 604
130 720
130 916
130 1278
130 1347
130 1789
130 1831
131 705
131 1100
131 1794
131 1984
132 1718
132 1764
132 1900
132 1983
133 384
133 449
133 642
133 824
133 830
133 1291
133 1301
133 1327
133 1575
133 1704
133 1910
134 236
134 246
134 566
134 613
134 947
134 1131
134 1395
134 1835
135 145
135 217
135 320
135 373
135 856
135 984
136 423
136 532
136 543
136 845
136 1051
136 1150
136 1221
136 1549
136 1636
136 1907
136 1942
137 505
137 554
137 1139
137 1140
137 1242
137 1499
137 1619
138 201
138 755
138 816
138 819
138 868
138 1234
138 1646
138 1821
139 171
139 215
139 363
139 491
139 513
139 1128
140 452
140 581
140 837
140 1710
140 1907
140 1938
141 227
141 238
141 1672
142 842
142 1336
142 1378
142 1882
143 522
143 958
143 1138
143 1662
143 1895
144 588
144 1398
144 1920
145 312
145 945
145 1045
145 1249
145 1356
145 1626
145 1871
145 1901
146 368
146 379
146 518
146 931
146 1667
147 715
147 957
147 1159
147 1364
148 434
148 568
148 849
148 1125
148 1183
148 1226
148 1470
148 1909
149 185
149 913
149 940
149 1430
149 1453
149 1863
149 1988
149 1999
150 345
150 607
150 1755
151 252
151 340
151 516
151 955
151 1148
151 1365
151 1388
151 1435
151 1475
152 334
152 993
152 1143
152 1171
152 1542
152 1596
152 1602
152 1777
153 326
153 398
154 427
154 581
154 699
154 1219
154 1440
154 1876
155 997
155 1040
155 1088
155 1490
155 1595
155 1668
155 1671
155 1778
156 351
156 525
156 1064
156 1207
156 1210
156 1232
156 1308
156 1558
156 1918
157 709
157 730
157 1434
157 1566
157 1783
157 1907
158 254
158 325
158 636
158 842
158 882
158 898
158 1438
158 1631
158 1689
159 753
159 829
159 1184
159 1188
159 1576
159 1702
160 264
160 328
160 930
160 1156
160 1320
160 1333
160 1578
160 1934
161 586
161 631
161 739
161 921
161 1166
161 1980
162 391
162 803
162 928
162 1508
162 1582
162 1871
163 813
163 818
163 861
163 1124
163 1155
163 1810
163 1842
163 1919
164 224
164 454
164 1385
164 1431
164 1588
164 1596
164 1842
164 1911
164 1921
165 196
165 314
165 907
165 935
165 963
165 1019
165 1435
165 1626
165 1820
166 361
166 1030
166 1149
166 1184
166 1306
166 1313
166 1394
166 1568
166 1730
166 1893
166 1968
167 214
167 325
167 365
167 711
167 1105
167 1183
167 1537
167 1689
168 290
168 312
168 718
168 746
168 1011
168 1189
168 1610
169 313
169 741
169 1169
169 1267
169 1730
169 1904
170 326
170 503
170 774
170 1000
170 1019
170 1578
170 1580
171 729
171 852
171 1111
171 1223
171 1329
171 1819
171 1820
172 287
172 572
172 1531
172 1709
173 471
173 1022
173 1037
173 1559
173 1729
174 285
174 1187
174 1829
174 1842
174 1955
175 177
175 274
175 572
175 597
175 1963
176 288
176 530
176 709
176 909
176 1006
176 1407
176 1536
176 1896
177 334
177 416
177 432
177 666
177 1054
177 1142
177 1150
177 1498
177 1981
178 191
178 271
178 517
178 1940
179 197
179 226
179 385
179 713
179 956
179 1314
179 1531
179 1592
179 1616
180 405
180 623
180 724
180 941
180 973
180 1462
180 1762
181 225
181 479
181 506
181 744
181 841
181 1731
181 1900
182 747
182 751
182 876
182 922
182 983
182 1412
182 1461
182 1699
182 1738
182 1823
182 1997
183 240
183 366
183 369
183 496
183 729
183 1056
183 1624
183 1776
184 428
184 463
184 755
184 874
184 903
184 908
184 1091
184 1137
184 1995
185 369
185 399
185 466
185 567
185 966
185 997
185 1288
185 1657
185 1685
185 1807
185 1816
186 213
186 219
186 398
186 742
186 743
186 1214
186 1333
186 1534
186 1589
186 1729
186 1792
187 316
187 455
187 511
187 591
187 867
187 896
187 908
187 1158
187 1173
187 1591
187 1738
187 1848
188 406
188 465
188 756
188 928
188 1391
188 1684
188 1755
188 1877
189 745
189 1892
190 745
190 1170
190 1259
190 1319
190 1804
190 1868
191 306
191 332
191 396
191 1429
192 380
192 532
192 670
192 775
192 1379
192 1845
192 1907
193 465
193 819
193 1378
193 1737
193 1814
193 1989
194 1011
194 1173
194 1411
194 1491
194 1526
194 1847
195 489
195 512
195 768
195 825
195 1056
195 1240
195 1722
195 1729
195 1862
195 1865
195 1972
196 330
196 1023
196 1209
196 1391
196 1507
196 1597
196 1824
196 1993
197 226
197 446
197 496
197 1163
197 1165
197 1276
197 1520
197 1530
197 1646
197 1740
198 269
198 319
198 523
198 715
198 738
198 1206
198 1330
198 1452
199 383
199 648
199 740
199 799
199 1258
199 1288
199 1671
199 1785
200 614
200 914
200 1017
200 1056
200 1424
200 1740
201 217
201 281
201 439
201 667
201 743
201 1143
201 1310
201 1679
201 1931
202 1221
202 1237
202 1715
202 1963
203 817
203 1040
203 1176
203 1342
203 1657
203 1747
203 1918
204 553
204 707
204 800
204 919
204 1531
204 1729
204 1982
204 1985
205 264
205 329
205 387
205 992
205 1012
205 1388
205 1801
206 736
206 870
206 1211
206 1396
206 1741
206 1763
206 1964
207 208
207 268
207 583
207 617
207 1635
207 1923
208 531
208 548
208 865
208 1019
208 1093
208 1353
209 274
209 707
209 1130
209 1245
209 1585
209 1723
209 1811
209 1834
209 1894
210 804
210 959
210 1265
210 1381
210 1631
210 1734
211 282
211 419
211 546
211 765
211 1329
211 1726
211 1833
211 1868
212 434
212 474
212 1061
212 1458
212 1589
212 1731
213 1033
213 1156
213 1167
213 1179
213 1457
213 1480
213 1514
214 1048
214 1097
214 1131
214 1486
214 1964
215 247
215 320
215 1500
216 582
216 596
216 964
216 978
216 1012
216 1346
216 1380
216 1494
217 234
217 394
217 586
217 1183
217 1647
218 398
218 610
218 1074
218 1210
218 1313
218 1825
219 518
219 1809
220 305
220 575
220 699
220 1042
220 1259
220 1379
220 1424
220 1432
220 1497
220 1547
220 1578
220 1871
220 1934
221 262
221 576
221 862
221 922
221 1060
221 1142
221 1187
221 1240
221 1777
222 281
222 547
222 1262
222 1484
222 1795
223 236
223 239
223 781
223 1892
223 1987
224 357
224 632
224 702
224 911
224 932
224 1284
224 1351
224 1580
225 709
225 824
225 938
225 1166
225 1194
225 1221
225 1463
225 1501
225 1804
226 482
226 823
226 843
226 1118
226 1374
226 1792
226 1929
226 1998
227 636
227 1356
227 1699
228 348
228 595
228 810
228 911
228 982
228 1129
228 1208
228 1608
228 1676
229 285
229 336
229 852
229 1132
229 1145
229 1357
229 1365
229 1441
229 1449
229 1506
230 576
230 682
230 724
230 784
230 1258
230 1423
230 1568
230 1890
231 295
231 313
231 468
231 604
231 665
231 772
231 885
231 1417
232 438
232 671
232 764
232 1008
232 1163
232 1305
232 1852
232 1932
233 264
233 367
233 628
233 673
233 1280
233 1352
233 1416
234 237
234 406
234 502
234 946
234 968
234 1169
234 1662
234 1727
234 1978
235 510
235 694
235 1039
236 329
236 376
236 458
236 850
236 1107
236 1380
236 1909
237 448
237 508
237 534
237 617
237 728
237 821
237 840
237 861
237 1038
237 1615
237 1724
238 616
238 658
238 1067
238 1084
238 1163
238 1966
239 1488
239 1540
239 1576
239 1587
240 301
240 424
240 974
240 1010
240 1021
240 1625
240 1730
241 411
241 513
241 726
241 769
241 850
241 882
242 362
242 811
242 1549
242 1581
242 1635
242 1751
242 1776
243 244
243 252
243 563
243 1031
243 1231
243 1280
243 1800
244 301
244 394
244 644
244 750
244 1326
244 1354
244 1872
245 329
245 334
245 1083
245 1296
245 1331
245 1713
245 1842
246 404
246 695
246 735
246 986
246 1007
246 1401
246 1507
246 1618
246 1718
246 1735
247 319
247 1420
247 1688
247 1699
248 350
248 375
248 539
248 1548
248 1549
249 688
249 1319
249 1419
249 1614
249 1693
249 1794
250 410
250 602
250 1459
250 1715
250 1796
251 378
251 539
251 748
251 858
251 862
251 1301
251 1390
251 1615
251 1904
252 526
252 1173
252 1203
252 1238
252 1298
252 1425
252 1547
252 1655
253 361
253 1181
254 276
254 867
254 880
254 1031
254 1113
254 1245
254 1651
254 1787
254 1960
255 517
255 586
255 692
255 1024
255 1238
255 1302
255 1767
256 480
256 681
256 1082
256 1448
256 1515
256 1762
257 692
257 903
258 314
258 673
258 709
258 1884
259 275
259 306
259 389
259 1178
259 1184
259 1272
259 1640
259 1727
260 1067
260 1154
260 1158
260 1665
260 1694
260 1769
260 1821
261 648
261 875
261 1025
261 1437
261 1617
261 1844
262 376
262 532
262 595
262 642
262 861
262 1147
262 1438
262 1569
262 1871
263 922
263 1528
263 1541
263 1565
263 1882
264 328
264 432
264 808
264 1022
264 1498
264 1532
264 1642
265 380
265 630
265 747
265 1052
265 1141
265 1360
265 1424
266 454
266 666
266 697
266 1163
266 1356
266 1735
267 328
267 503
267 586
267 685
267 1056
267 1170
267 1435
267 1596
267 1604
267 1632
267 1689
267 1893
267 1929
268 415
268 1105
268 1399
268 1763
268 1854
269 339
269 352
269 561
269 758
269 997
269 1338
269 1366
269 1409
269 1755
269 1798
269 1934
270 389
270 507
271 549
271 1333
271 1379
271 1889
272 353
272 480
272 557
272 1556
273 373
273 934
273 1511
273 1799
273 1978
274 360
274 485
274 691
274 861
274 1077
274 1363
274 1773
275 351
275 655
275 787
275 806
275 824
276 444
276 864
276 883
276 1755
276 1861
277 345
277 584
277 989
277 1300
277 1557
277 1620
277 1870
277 1918
277 1928
278 665
278 795
278 805
278 929
278 973
278 979
278 1283
278 1968
279 307
279 465
279 582
279 1197
279 1622
279 1630
279 1797
280 738
280 1141
280 1223
280 1528
280 1807
280 1873
280 1906
280 1990
281 320
281 323
281 343
281 428
281 828
281 931
281 1093
281 1617
282 401
282 741
282 811
282 849
282 1323
282 1641
282 1971
283 378
283 382
283 1554
284 435
284 925
284 1125
284 1490
284 1613
284 1783
284 1799
285 419
285 535
285 539
285 598
285 716
285 844
285 875
285 1181
286 320
286 858
286 900
286 1577
286 1711
286 1991
287 702
287 812
287 1061
287 1515
287 1838
288 370
288 516
288 1230
288 1776
289 465
289 1291
289 1427
289 1473
289 1534
289 1719
289 1785
290 544
290 1326
290 1417
290 1873
290 1891
291 502
291 547
291 555
291 754
291 907
291 955
291 1864
292 372
292 1312
292 1850
293 637
294 759
294 878
294 1026
294 1313
294 1669
294 1675
295 413
295 1551
295 1824
296 316
296 674
296 897
296 1713
296 1773
296 1779
296 1954
297 819
297 839
297 1047
297 1117
297 1564
297 1786
297 1920
298 1217
298 1300
298 1777
299 651
299 1250
299 1510
299 1732
299 1744
299 1827
300 685
300 1181
300 1249
300 1326
300 1814
300 1958
301 703
301 783
301 801
301 1464
302 415
302 512
302 617
302 1232
302 1375
302 1511
302 1839
302 1891
303 1031
303 1300
303 1507
303 1771
304 443
304 840
304 1477
304 1846
305 329
305 436
305 938
305 1231
305 1541
306 477
306 540
306 603
306 965
306 975
306 1216
306 1294
306 1481
306 1499
306 1548
306 1556
307 317
307 664
307 848
307 883
307 1111
307 1469
307 1595
307 1756
308 414
308 698
308 781
308 808
308 1162
308 1220
308 1251
308 1381
308 1795
309 654
309 724
309 806
309 1302
309 1858
310 1428
310 1717
310 1764
310 1884
311 624
311 885
311 944
311 1128
311 1144
311 1414
311 1894
311 1990
312 881
312 1601
312 1771
312 1804
313 329
313 583
313 930
313 987
313 1963
314 365
314 1193
314 1243
314 1359
314 1629
314 1866
314 1888
315 410
315 476
315 800
315 926
315 929
315 1539
316 420
316 470
316 723
316 744
316 819
316 1073
316 1376
316 1746
316 1893
317 402
317 684
317 794
317 1600
317 1759
317 1951
318 440
318 775
318 885
318 1056
318 1164
318 1181
318 1716
318 1968
319 452
319 1778
320 723
320 1219
320 1722
321 699
321 1228
321 1981
322 555
322 570
322 1136
322 1308
322 1512
322 1890
323 800
323 922
323 1311
323 1399
324 545
324 604
324 1041
324 1232
324 1778
325 350
325 1468
325 1500
325 1645
325 1685
325 1699
326 817
326 1680
326 1825
327 484
327 489
328 394
328 510
328 771
328 1576
328 1767
328 1811
329 381
329 486
329 1387
329 1769
330 388
330 846
330 1364
330 1636
330 1941
331 712
331 1110
331 1143
331 1832
331 1854
331 1889
332 579
332 903
332 925
332 1334
332 1656
332 1855
333 619
333 767
333 839
333 948
333 1071
333 1154
333 1199
333 1553
333 1563
334 481
334 1443
334 1578
335 583
335 607
335 1142
335 1469
335 1749
336 797
336 1240
336 1411
336 1414
336 1607
337 351
337 585
337 964
337 1026
337 1455
338 534
338 1462
338 1667
338 1995
339 382
339 881
339 1405
339 1410
339 1450
339 1530
339 1948
339 1987
340 684
340 715
340 917
340 1468
340 1760
340 1849
341 559
341 737
341 872
341 957
341 1035
341 1877
341 1942
342 408
342 457
342 608
342 807
342 1133
342 1148
342 1320
342 1590
342 1609
342 1790
342 1918
342 1978
343 991
343 992
343 1335
343 1500
343 1593
343 1726
344 926
344 938
344 1144
344 1288
344 1308
344 1573
344 1641
344 1714
344 1761
344 1880
344 1971
345 411
345 446
345 472
345 1055
345 1188
345 1739
345 1971
346 395
346 643
346 869
346 1075
346 1109
346 1358
346 1788
347 565
347 1318
347 1581
347 1835
347 1856
347 1860
348 1036
348 1138
348 1172
348 1599
348 1677
349 512
349 952
349 1509
349 1519
349 1665
350 1034
350 1093
350 1515
350 1648
350 1707
351 1025
351 1083
351 1240
351 1260
351 1641
351 1651
351 1815
351 1872
352 406
352 681
352 769
352 782
352 966
352 1179
352 1439
352 1553
352 1559
352 1636
353 369
353 1138
353 1217
353 1665
353 1895
353 1917
353 1929
354 496
354 644
354 893
354 1114
354 1175
354 1205
354 1886
355 570
355 1040
355 1083
355 1123
356 374
356 713
356 786
356 958
356 1589
357 471
357 498
357 856
357 1215
357 1224
357 1425
357 1622
357 1714
357 1915
358 396
358 659
358 679
358 862
358 899
358 1143
358 1168
358 1681
358 1701
359 958
359 1043
360 916
360 928
360 1365
360 1576
361 381
361 448
361 664
361 1177
361 1507
361 1665
361 1763
361 1914
362 855
362 1008
362 1010
362 1234
363 875
363 1090
363 1137
363 1341
363 1358
364 944
364 1087
364 1105
365 588
365 986
365 1127
365 1341
365 1404
365 1687
365 1776
365 1880
365 1984
366 480
366 1126
366 1402
366 1461
366 1926
367 441
367 769
367 1091
367 1544
368 386
368 515
368 622
368 903
368 1088
368 1291
368 1675
368 1828
368 1838
369 385
369 853
369 1046
369 1426
369 1562
369 1747
369 1994
370 608
370 1541
371 404
371 542
371 968
371 1298
371 1522
372 658
372 784
372 926
372 1002
372 1445
372 1764
373 521
373 1372
374 468
374 972
374 1085
374 1546
374 1753
374 1939
375 834
375 1308
375 1332
376 852
376 1461
376 1495
376 1604
376 1889
377 426
377 719
377 1044
377 1072
377 1099
377 1268
377 1379
377 1449
377 1606
377 1769
377 1856
378 1007
378 1258
378 1279
378 1760
379 561
379 964
379 972
379 1290
379 1946
379 1955
379 1991
380 596
380 703
380 937
380 1340
380 1491
380 1768
380 1918
380 1967
381 532
381 754
381 816
381 834
383 465
383 644
383 905
383 931
383 961
383 1420
383 1532
383 1833
383 1861
384 454
384 683
384 877
384 885
384 1165
385 456
385 1001
385 1124
385 1177
385 1354
385 1413
385 1519
385 1650
385 1664
385 1726
385 1931
386 1006
386 1252
386 1593
386 1607
387 553
387 653
387 1217
387 1224
387 1263
387 1343
387 1813
388 544
388 588
388 660
388 693
388 1069
388 1532
389 483
389 613
389 829
389 1032
389 1064
389 1992
390 735
390 876
390 1684
391 408
391 522
391 632
391 971
391 1268
391 1826
391 1945
392 486
392 580
392 761
392 762
392 784
392 820
392 901
392 1015
392 1652
392 1693
392 1754
392 1852
393 396
393 438
393 751
393 1350
393 1661
393 1673
393 1733
394 532
394 631
394 1290
394 1538
394 1691
394 1836
395 848
395 1599
395 1775
396 733
396 883
397 551
397 708
397 1194
397 1418
397 1454
397 1554
397 1558
397 1919
398 800
398 1197
398 1211
398 1363
398 1615
398 1736
398 1792
399 941
399 1266
399 1426
399 1436
399 1519
399 1799
399 1864
400 553
400 907
400 1086
400 1423
400 1428
400 1470
400 1638
400 1866
400 1970
401 645
401 1308
401 1376
401 1744
401 1786
402 789
402 1428
402 1501
403 521
403 525
404 565
404 591
404 720
404 916
404 1151
404 1336
404 1598
405 421
405 792
405 1847
405 1888
405 1938
405 1995
406 801
406 825
406 828
406 1541
406 1637
407 695
407 801
407 891
407 935
407 1049
407 1085
407 1300
407 1560
407 1595
408 674
408 1110
408 1381
408 1645
408 1912
408 1979
409 571
409 710
409 719
409 1086
409 1451
409 1636
409 1670
410 592
410 641
410 864
410 1257
410 1398
410 1685
410 1767
410 1913
410 1918
410 1972
410 1999
411 510
411 827
411 893
411 1077
411 1096
411 1849
411 1999
412 1151
412 1536
412 1992
413 475
413 513
413 909
413 927
413 1270
413 1300
413 1438
413 1563
413 1682
414 419
414 433
414 707
414 741
414 803
414 1134
414 1210
414 1722
414 1874
414 1976
415 555
415 574
415 812
415 1155
415 1660
415 1695
415 1918
416 1078
416 1652
416 1715
416 1914
416 1948
417 794
417 880
417 886
417 1111
417 1243
417 1244
417 1303
417 1747
417 1758
417 1834
417 1847
417 1952
418 726
418 954
418 1081
418 1259
418 1355
418 1946
419 707
419 893
419 962
419 1244
419 1373
419 1383
419 1489
419 1502
420 1223
420 1592
420 1732
421 754
421 1230
421 1755
421 1833
422 909
422 1815
423 658
423 736
423 756
423 907
423 1602
424 735
424 870
424 1575
424 1602
424 1683
424 1744
424 1941
425 698
425 1044
425 1227
425 1743
425 1824
426 600
426 877
426 1100
426 1369
427 846
427 951
427 1691
427 1763
428 562
428 691
428 1062
428 1815
429 1132
429 1326
429 1524
429 1834
429 1946
429 1966
430 1359
430 1391
430 1901
431 436
431 574
431 622
431 644
431 1015
431 1310
431 1410
431 1497
432 1078
433 438
433 495
433 1302
433 1306
433 1327
433 1362
433 1713
434 469
434 628
434 1040
434 1123
434 1296
434 1429
434 1469
434 1650
434 1828
434 1882
435 463
435 574
435 622
435 746
435 762
435 999
436 619
436 1257
436 1582
436 1894
437 964
437 1683
437 1766
437 1885
438 605
438 861
438 969
438 1096
438 1642
438 1841
439 499
439 794
439 836
439 843
440 453
440 994
440 1062
440 1502
441 542
441 1440
441 1773
442 525
442 577
442 594
442 693
442 890
442 965
442 1164
442 1232
443 724
443 770
443 973
443 1289
443 1797
443 1802
443 1980
444 628
444 848
444 1072
444 1326
444 1727
445 1266
445 1430
445 1494
445 1708
445 1764
446 572
446 744
446 746
446 1037
446 1656
446 1682
446 1902
447 832
447 1160
447 1309
448 457
448 579
448 641
448 797
448 830
448 894
448 1292
448 1697
448 1972
449 520
449 616
449 1057
449 1207
449 1486
450 498
450 886
450 1385
450 1618
450 1621
451 988
451 1357
451 1748
452 489
452 623
452 1450
452 1510
452 1606
453 641
453 778
453 1011
453 1206
454 690
454 825
454 1089
454 1522
454 1552
454 1959
455 731
455 1079
455 1444
455 1892
456 694
456 1968
456 1998
457 762
457 1124
457 1490
457 1739
457 1769
457 1933
457 1976
458 526
458 601
458 639
458 909
458 1245
458 1454
458 1492
458 1508
458 1694
459 576
459 950
459 1106
459 1200
459 1316
459 1739
460 759
460 1103
460 1331
460 1465
460 1528
460 1644
460 1700
461 807
461 1000
461 1152
461 1746
462 863
462 1022
462 1050
462 1157
462 1290
462 1703
462 1874
463 475
463 495
463 560
463 578
463 879
463 1348
463 1490
464 528
464 1696
464 1731
464 1754
464 1780
464 1819
465 603
465 945
465 1027
465 1048
465 1080
465 1686
466 496
466 507
466 849
466 1396
466 1520
466 1963
467 746
467 800
467 905
467 910
467 1391
467 1396
467 1537
467 1914
468 871
468 972
468 1304
468 1388
468 1513
469 513
469 612
469 688
469 914
469 1286
469 1525
469 1651
469 1826
469 1860
469 1958
470 1008
470 1174
470 1223
470 1426
470 1543
470 1806
471 699
471 730
471 1323
471 1848
472 1236
472 1546
472 1839
473 1222
473 1343
473 1350
474 827
474 1216
474 1438
474 1555
474 1599
474 1642
475 476
475 837
475 1633
475 1886
476 1058
476 1203
477 659
477 725
477 1032
477 1134
477 1279
477 1469
477 1677
477 1951
478 759
478 775
478 1183
478 1393
478 1838
478 1871
478 1891
478 1925
479 826
479 1552
480 1183
480 1368
480 1643
480 1753
481 843
481 1011
481 1111
481 1338
481 1903
482 741
482 1183
482 1290
482 1673
483 621
483 740
483 1183
483 1328
483 1512
483 1721
483 1806
484 610
484 640
484 700
484 795
484 1365
484 1923
485 628
485 850
485 1176
485 1333
485 1574
485 1834
485 1949
485 1998
486 505
486 632
486 987
486 1274
486 1325
486 1460
486 1662
486 1906
487 904
487 954
487 1407
487 1721
487 1775
487 1825
487 1956
488 524
488 699
488 841
488 1182
488 1270
488 1280
488 1569
489 730
489 741
489 759
489 772
489 952
489 983
489 997
489 1195
489 1307
489 1931
489 1969
490 1270
490 1625
490 1651
490 1683
491 623
491 712
491 1152
491 1574
492 738
492 1256
492 1431
492 1697
493 572
493 804
493 900
493 1422
493 1664
493 1989
494 819
494 981
494 1155
494 1278
494 1289
495 606
495 673
495 797
495 1228
495 1532
495 1534
496 825
496 1306
496 1769
496 1955
496 1971
497 513
497 602
497 1010
497 1270
498 501
498 702
498 1038
498 1476
498 1624
498 1799
498 1884
499 634
499 636
499 706
499 743
499 1186
499 1264
499 1515
500 741
500 1191
500 1313
500 1322
500 1369
500 1742
500 1969
501 561
501 1398
501 1726
501 1814
501 1875
502 1084
503 1239
503 1437
504 651
504 1370
504 1443
504 1484
504 1529
504 1860
505 1401
505 1599
506 1102
506 1136
506 1215
506 1377
507 672
507 1077
507 1367
507 1901
508 600
508 658
508 992
508 1265
509 582
509 605
510 638
510 640
510 923
510 1599
510 1895
510 1912
510 1951
511 1133
512 956
512 1959
513 664
513 812
513 917
513 970
513 1122
513 1336
513 1767
514 546
514 796
514 898
514 1123
514 1813
515 552
515 568
515 804
515 883
515 907
515 1152
515 1182
515 1748
516 532
516 602
516 812
516 927
516 1153
516 1713
517 744
517 1003
517 1279
517 1300
517 1335
517 1342
517 1381
517 1812
517 1987
517 1990
518 1006
518 1248
518 1305
518 1962
519 999
519 1034
519 1093
519 1419
519 1777
519 1887
519 1971
520 1193
520 1269
520 1434
521 1659
521 1757
521 1984
522 867
522 872
522 927
522 1215
522 1327
522 1630
522 1685
522 1801
523 691
523 1268
523 1457
523 1488
523 1780
523 1941
524 547
524 885
524 1126
524 1228
524 1703
524 1729
524 1896
524 1902
525 741
525 1090
525 1241
525 1340
525 1680
526 1300
526 1320
526 1406
526 1716
527 1263
527 1289
527 1788
527 1815
528 606
528 619
528 1402
528 1580
528 1805
528 1839
529 596
529 664
529 725
529 867
529 1288
529 1307
529 1351
529 1476
529 1630
529 1641
529 1893
529 1999
530 684
530 1227
530 1343
530 1720
530 1820
531 702
531 861
531 1173
531 1240
531 1386
531 1515
531 1826
533 986
533 1156
533 1798
534 1030
534 1376
534 1477
534 1580
534 1597
534 1806
534 1913
535 679
535 1266
535 1395
535 1539
535 1589
535 1600
535 1720
535 1739
536 1346
536 1455
536 1875
537 799
537 964
537 1356
537 1931
538 667
538 904
538 1129
538 1145
538 1535
538 1756
539 602
539 636
539 701
540 608
540 703
540 809
540 1054
540 1166
540 1225
540 1336
540 1591
540 1745
540 1822
540 1929
541 556
541 625
541 767
541 852
541 902
541 1090
541 1754
542 672
542 1032
542 1398
542 1563
542 1970
543 700
543 849
543 1768
543 1821
544 791
544 981
544 1077
544 1460
544 1825
544 1944
545 547
545 757
545 846
545 1112
545 1429
545 1747
545 1917
546 846
546 1222
546 1488
546 1950
547 650
547 1409
547 1465
547 1728
548 613
548 850
548 1569
548 1605
548 1658
548 1919
549 891
549 961
549 1642
550 814
550 1040
550 1128
550 1279
550 1397
550 1502
550 1673
550 1803
551 873
551 1808
552 1077
552 1941
553 881
553 1783
553 1803
554 623
554 795
554 1091
554 1482
554 1750
555 737
555 849
555 1502
555 1597
555 1920
556 659
556 1275
556 1475
556 1615
556 1967
557 942
557 967
557 1284
557 1407
557 1507
558 1055
558 1117
558 1253
559 565
559 742
559 808
559 843
559 1436
560 726
560 919
560 1048
560 1095
560 1151
560 1807
561 1150
561 1338
561 1519
561 1681
563 800
563 865
563 1249
563 1269
563 1597
563 1639
563 1825
564 830
564 1036
564 1217
564 1239
564 1829
565 841
565 1064
565 1156
565 1319
565 1448
565 1582
566 656
566 718
566 788
566 1083
566 1219
566 1355
566 1584
566 1884
567 861
568 638
568 1415
568 1726
568 1977
569 761
569 930
569 1155
569 1548
569 1908
570 1400
570 1704
570 1794
572 593
572 668
572 922
573 884
573 1188
573 1421
573 1490
573 1528
574 580
574 605
574 632
574 814
574 1145
574 1619
574 1757
574 1888
575 868
575 1304
575 1917
576 820
576 929
576 974
576 1537
576 1557
577 833
577 940
577 1056
577 1094
577 1307
577 1586
577 1939
578 639
578 955
578 1030
578 1063
578 1084
578 1258
578 1394
578 1563
578 1609
578 1664
579 1689
579 1773
579 1836
579 1864
580 1072
580 1182
580 1249
580 1392
581 584
581 826
581 914
581 1317
581 1417
581 1427
581 1557
582 657
582 1031
582 1079
582 1222
582 1384
582 1459
582 1731
582 1945
583 660
583 1449
583 1846
584 1273
584 1380
584 1762
584 1994
585 821
585 1097
585 1324
585 1501
585 1589
585 1604
585 1703
585 1824
585 1995
586 640
586 753
586 801
586 818
586 873
586 1223
586 1260
586 1327
586 1453
587 626
588 757
588 1089
588 1196
588 1204
588 1257
588 1367
588 1449
588 1631
589 768
589 987
589 1004
589 1475
590 879
590 1099
590 1307
590 1377
590 1490
590 1673
590 1683
590 1987
591 652
591 1064
591 1500
591 1981
591 1992
592 794
592 993
592 1273
593 786
593 829
593 1305
593 1457
594 726
594 1278
594 1585
594 1638
594 1984
595 957
595 1185
595 1269
595 1512
595 1670
595 1693
595 1750
595 1767
596 1064
596 1267
596 1357
596 1388
596 1577
596 1664
597 918
597 1024
597 1144
598 828
598 1613
598 1775
599 1069
599 1070
599 1131
599 1608
599 1619
599 1957
599 1990
600 907
600 940
600 1272
600 1557
600 1685
601 683
601 1416
601 1699
601 1856
601 1945
601 1975
602 1026
603 895
603 1058
603 1336
603 1356
603 1589
603 1676
603 1874
603 1957
604 802
604 1134
604 1661
604 1697
604 1931
605 841
605 889
605 1081
605 1195
605 1342
605 1360
605 1484
605 1858
606 656
606 851
606 896
606 1241
606 1960
607 878
607 939
607 975
607 1088
607 1445
607 1707
607 1793
607 1995
608 1053
608 1116
608 1215
608 1534
608 1566
609 671
609 976
609 994
609 1143
609 1349
609 1617
610 962
610 1002
610 1004
610 1181
610 1306
610 1678
610 1768
611 1206
611 1837
611 1845
612 645
612 1641
612 1883
613 992
614 1404
614 1689
614 1774
615 924
615 1507
615 1686
615 1906
616 658
616 1441
616 1774
616 1960
617 624
617 784
617 1128
617 1165
617 1416
618 620
618 624
618 706
618 874
618 903
618 1134
618 1301
618 1431
618 1550
618 1893
618 1933
619 878
620 1448
620 1559
620 1613
620 1752
620 1850
621 737
621 784
621 1117
621 1281
621 1821
621 1858
623 711
623 779
623 1151
623 1332
623 1421
623 1658
623 1933
624 673
624 712
624 744
624 756
624 1149
624 1168
624 1271
624 1345
624 1468
624 1785
624 1823
624 1926
625 677
625 700
625 979
625 1176
625 1247
626 952
626 975
626 988
626 1052
626 1313
626 1356
626 1434
626 1753
626 1761
626 1849
626 1962
627 674
627 757
627 1028
627 1105
627 1671
627 1883
627 1922
628 1029
628 1200
628 1855
629 805
629 1071
629 1257
629 1338
629 1992
630 997
630 1007
630 1291
630 1431
631 1332
631 1824
631 1938
632 716
632 746
632 822
632 855
632 895
632 915
632 932
632 1391
632 1723
632 1801
633 1000
633 1289
633 1875
634 682
634 696
634 1003
634 1232
634 1333
634 1590
634 1874
635 957
635 1037
635 1532
635 1749
636 1725
637 790
637 808
637 1055
637 1067
637 1144
637 1279
637 1611
637 1994
638 820
638 1311
638 1401
638 1711
638 1951
639 718
639 861
639 1018
639 1192
639 1617
639 1844
640 764
640 990
640 1031
640 1095
640 1488
640 1925
640 1993
641 653
641 738
641 957
641 1086
641 1328
641 1391
641 1454
641 1526
641 1594
641 1701
642 1484
642 1718
642 1733
642 1810
642 1910
643 820
643 843
643 893
643 1770
643 1775
644 698
644 1392
644 1611
644 1695
645 654
645 786
645 1471
645 1533
645 1716
645 1761
646 761
646 925
646 1721
646 1897
646 1917
647 792
647 1063
647 1370
647 1372
647 1674
647 1696
647 1927
648 1053
648 1455
648 1551
648 1837
649 1236
649 1274
649 1564
649 1719
650 722
650 810
650 1043
650 1119
650 1192
650 1449
650 1854
651 762
651 878
651 964
651 1272
651 1367
651 1524
651 1600
651 1802
651 1828
651 1871
652 1295
652 1319
652 1444
652 1546
653 688
653 804
653 1059
653 1238
653 1276
653 1279
653 1499
653 1620
653 1831
654 1285
654 1593
654 1735
654 1746
654 1836
655 859
655 1781
655 1918
656 1179
656 1226
656 1527
656 1545
656 1789
656 1803
656 1868
656 1917
656 1952
657 1284
657 1387
657 1568
657 1812
657 1835
657 1842
658 664
658 807
658 1039
658 1074
658 1426
658 1880
658 1972
659 751
659 907
659 1513
660 1241
660 1253
660 1481
660 1523
660 1905
661 1029
661 1067
661 1397
661 1399
661 1676
661 1720
662 699
662 748
662 868
662 975
662 1269
662 1312
662 1584
662 1816
663 683
663 760
663 1370
663 1399
663 1548
663 1791
663 1840
664 904
664 933
664 1031
664 1199
664 1472
664 1814
665 947
665 1183
665 1395
665 1699
665 1964
666 1191
666 1640
666 1826
667 1551
667 1738
667 1782
668 885
668 946
668 1386
668 1448
668 1498
668 1558
668 1670
669 796
669 1787
669 1906
670 751
670 797
670 948
670 1162
670 1180
670 1272
670 1662
670 1984
670 1985
671 1107
671 1290
671 1350
671 1681
671 1947
672 1512
672 1752
672 1831
673 914
673 1355
673 1750
674 1433
674 1735
675 1208
675 1221
675 1456
675 1490
675 1682
675 1848
675 1911
676 1198
676 1605
677 1118
677 1361
677 1553
677 1568
677 1642
677 1667
677 1753
678 742
678 951
678 1259
678 1286
678 1889
678 1932
679 765
679 983
679 1135
679 1226
679 1419
679 1715
679 1798
679 1839
679 1843
679 1919
679 1984
679 1988
680 1186
680 1534
681 814
681 919
681 972
681 1000
681 1015
681 1068
681 1092
681 1782
682 1852
682 1877
683 875
683 894
683 1105
683 1718
684 718
684 756
684 1060
684 1175
684 1382
684 1481
684 1986
685 1198
685 1246
685 1353
685 1488
685 1971
686 921
686 1321
686 1763
686 1820
687 724
687 787
687 1070
687 1530
688 689
688 985
688 1081
688 1107
688 1440
688 1760
688 1827
688 1854
689 1047
689 1249
690 825
690 829
690 1080
690 1575
690 1642
690 1785
691 747
691 1219
691 1241
691 1255
691 1288
691 1331
691 1777
691 1821
691 1831
692 712
692 1177
692 1348
693 917
693 1182
693 1454
693 1612
694 1025
694 1877
694 1883
694 1885
695 810
695 902
695 942
695 1507
696 857
696 944
697 1115
697 1163
697 1464
698 931
698 971
699 1128
700 1520
700 1673
700 1944
701 1126
701 1789
702 832
702 837
702 944
702 1239
702 1628
703 1274
703 1418
703 1564
703 1842
703 1863
704 1046
704 1265
704 1345
704 1632
704 1652
704 1867
704 1907
705 793
705 1794
706 794
706 912
706 1126
706 1351
706 1380
706 1422
706 1655
707 797
707 896
707 912
707 1136
707 1276
707 1283
708 971
708 997
708 1211
709 711
709 845
709 1003
709 1380
709 1814
709 1833
709 1856
710 787
710 1183
710 1334
710 1648
710 1714
711 894
711 948
711 999
711 1038
711 1095
711 1370
711 1373
711 1518
711 1583
711 1778
711 1915
712 854
712 1270
712 1599
713 759
713 1011
713 1669
713 1747
713 1852
713 1856
713 1860
714 910
714 1019
714 1392
714 1543
714 1575
715 939
715 1089
715 1123
715 1566
715 1807
715 1817
715 1842
716 1318
716 1734
716 1810
717 794
717 1036
717 1058
717 1104
717 1252
717 1869
717 1990
717 1993
718 1201
718 1613
718 1936
719 948
719 1220
719 1332
719 1488
719 1749
720 868
720 922
720 1100
720 1923
721 978
721 1037
721 1280
721 1295
721 1320
721 1792
721 1805
721 1879
722 1192
722 1649
723 1103
723 1298
723 1452
723 1682
723 1687
723 1812
724 791
724 800
724 1537
724 1584
724 1805
724 1921
725 820
725 1125
725 1411
725 1720
726 1202
726 1230
726 1413
726 1931
727 991
727 1579
727 1608
727 1618
728 812
728 1420
728 1995
729 1367
729 1646
729 1866
730 1372
730 1444
730 1676
731 743
731 953
731 970
731 1101
731 1190
731 1683
731 1704
732 791
732 1133
732 1432
732 1586
733 787
733 836
733 990
733 1016
733 1303
733 1728
734 890
734 918
734 946
734 983
734 993
734 1010
734 1195
734 1455
734 1476
734 1729
734 1787
735 1803
735 1808
736 940
736 957
736 1126
737 798
737 801
737 1367
737 1696
738 838
738 1080
738 1171
738 1376
738 1461
738 1520
738 1529
738 1673
739 797
739 845
739 930
739 941
739 1092
739 1233
740 1807
741 888
741 1125
741 1256
741 1520
742 1390
744 867
744 1030
744 1141
744 1198
744 1505
744 1602
744 1704
744 1764
744 1776
744 1987
745 890
745 919
745 1089
745 1127
745 1486
746 782
746 1487
747 1313
747 1677
747 1881
747 1887
748 1012
748 1034
748 1215
748 1422
748 1552
748 1614
748 1658
748 1793
749 1493
749 1579
749 1732
749 1743
750 909
750 956
750 963
750 1023
750 1469
751 820
751 1201
751 1786
751 1978
752 1023
752 1390
752 1739
752 1911
753 825
753 1067
753 1094
753 1518
753 1793
754 1313
754 1502
754 1755
754 1768
755 973
755 1707
755 1867
755 1930
756 1142
756 1195
756 1583
756 1603
757 1243
757 1862
757 1928
758 813
758 1111
758 1168
758 1825
759 878
759 1230
759 1455
759 1608
759 1878
759 1894
760 989
760 1088
760 1208
760 1496
760 1545
760 1878
761 920
761 1069
761 1152
761 1450
761 1513
761 1766
762 787
762 1304
762 1815
762 1854
762 1948
763 886
763 1010
763 1347
763 1953
764 1009
764 1173
764 1648
764 1758
764 1766
764 1769
765 811
765 837
765 1409
765 1440
765 1482
765 1900
766 1056
766 1066
766 1133
766 1521
766 1831
767 977
767 1095
767 1440
767 1514
767 1523
767 1586
767 1756
767 1773
767 1798
768 1390
768 1711
769 843
769 856
769 1073
769 1080
769 1108
769 1536
769 1970
770 1066
770 1255
770 1409
770 1452
771 814
771 1093
771 1102
771 1119
771 1270
771 1469
771 1604
772 1399
772 1479
772 1960
773 873
773 1024
773 1246
773 1965
774 926
774 959
774 1134
774 1682
774 1867
775 915
775 982
775 1046
775 1098
775 1196
775 1547
775 1795
775 1893
776 1124
776 1841
776 1842
777 937
777 967
777 1011
777 1408
777 1672
777 1968
778 1166
778 1817
779 1092
780 1099
780 1445
780 1595
780 1620
780 1697
780 1758
780 1888
780 1894
780 1907
781 1089
781 1552
781 1616
781 1667
781 1857
782 1058
782 1099
782 1794
783 1472
783 1586
783 1878
784 1066
784 1392
784 1474
784 1767
784 1871
785 949
785 1031
785 1177
785 1262
785 1521
785 1583
785 1755
786 1186
786 1285
786 1430
786 1640
786 1989
787 1160
787 1299
787 1318
787 1344
787 1731
787 1770
788 987
788 1077
788 1105
788 1509
788 1693
789 887
789 1044
789 1208
789 1792
789 1976
790 1096
790 1128
790 1272
790 1444
790 1629
790 1958
791 835
791 1107
791 1303
791 1455
791 1785
791 1874
792 1225
792 1895
793 1069
793 1256
793 1818
793 1902
794 798
794 874
794 1004
794 1008
794 1351
794 1430
794 1434
794 1869
794 1931
795 1505
795 1720
795 1924
796 1585
797 1306
797 1374
797 1604
797 1610
797 1887
798 1212
798 1272
798 1875
799 1942
799 1983
800 973
800 1082
800 1099
800 1104
800 1539
800 1704
801 880
801 1061
801 1412
801 1627
802 1271
802 1298
802 1305
802 1464
802 1699
803 804
803 995
803 1343
803 1466
804 1393
804 1411
804 1641
804 1687
805 835
805 1659
805 1973
806 851
806 982
806 1099
806 1401
806 1547
806 1731
806 1771
806 1836
806 1945
807 1024
807 1046
807 1072
807 1073
807 1077
807 1375
807 1613
808 842
808 927
808 968
808 1078
808 1407
808 1484
808 1486
808 1620
808 1705
808 1965
808 1968
809 925
809 1081
809 1854
809 1986
810 1354
810 1602
810 1666
810 1776
811 1346
811 1438
811 1520
812 913
812 1258
813 1097
813 1288
814 1356
814 1436
814 1889
815 932
815 1598
816 910
816 1136
816 1621
816 1633
816 1721
816 1909
817 906
817 1043
817 1300
817 1700
817 1780
818 1064
818 1264
818 1557
818 1701
818 1822
819 1017
819 1525
819 1753
819 1807
819 1987
820 1009
820 1190
820 1435
820 1670
820 1990
820 1997
821 862
821 1178
821 1435
821 1469
821 1477
821 1487
821 1899
821 1952
822 1140
822 1180
822 1357
822 1385
822 1464
823 1369
823 1630
823 1768
824 1080
824 1183
824 1490
824 1610
824 1712
824 1747
824 1895
825 1139
825 1446
825 1754
825 1813
825 1912
825 1999
826 850
826 1092
826 1415
826 1867
827 828
827 1618
827 1773
829 1096
829 1132
829 1565
829 1574
829 1961
830 1184
830 1343
831 1193
831 1405
831 1704
831 1853
832 933
832 963
832 990
832 1051
832 1391
832 1562
832 1809
832 1843
833 1169
833 1400
834 1113
834 1546
834 1678
834 1697
834 1751
834 1833
834 1941
835 840
835 841
835 1189
835 1191
835 1217
835 1314
835 1402
835 1631
835 1719
835 1811
836 881
836 992
836 1239
836 1367
836 1546
837 915
837 1204
837 1361
837 1377
837 1928
838 1329
838 1701
839 997
840 949
840 1330
840 1393
840 1696
840 1812
841 929
841 1323
841 1540
841 1599
842 955
842 1111
842 1283
842 1373
842 1598
842 1669
842 1812
843 968
843 1024
843 1515
843 1575
843 1676
844 1287
844 1333
844 1523
844 1700
844 1774
845 992
845 1058
845 1063
845 1273
845 1423
845 1911
845 1960
846 1082
846 1529
846 1572
846 1956
846 1983
847 980
847 1013
847 1309
847 1362
848 1610
848 1754
848 1962
849 1138
849 1201
849 1238
849 1771
849 1898
849 1920
849 1941
850 1329
850 1384
850 1415
850 1541
850 1590
851 1323
851 1442
851 1747
852 888
852 1083
852 1135
852 1616
852 1692
852 1821
852 1866
852 1989
853 1111
853 1389
853 1436
854 1019
854 1441
854 1497
854 1668
854 1754
854 1905
855 1351
855 1509
855 1513
855 1855
856 1875
856 1963
857 975
857 1110
857 1470
857 1556
857 1652
857 1677
858 896
858 1347
858 1507
858 1574
859 988
859 1694
860 934
860 1485
860 1700
860 1916
860 1994
861 1699
861 1757
862 889
863 1599
863 1739
863 1925
864 977
864 1076
864 1687
864 1729
865 1298
865 1359
865 1370
866 1046
866 1087
866 1318
866 1444
866 1696
866 1952
867 1544
867 1845
868 890
868 940
868 993
868 1028
868 1237
868 1361
868 1608
869 1076
869 1083
869 1373
869 1781
869 1846
870 886
870 939
870 1046
870 1140
870 1212
870 1420
870 1522
870 1569
870 1776
871 1071
871 1565
871 1779
871 1942
872 1063
872 1210
872 1644
872 1676
873 1030
874 1043
874 1510
874 1687
874 1833
875 1072
875 1272
875 1273
875 1659
876 1567
876 1716
876 1851
877 1071
877 1407
878 880
878 956
878 1293
878 1441
878 1533
878 1573
878 1577
878 1800
879 999
879 1419
879 1491
879 1725
879 1744
879 1793
879 1991
880 1324
880 1863
881 963
881 982
881 1345
881 1361
881 1656
881 1857
882 1390
882 1736
882 1754
883 1023
883 1382
883 1594
883 1614
883 1624
883 1721
883 1971
883 1980
884 1130
884 1133
884 1289
884 1413
884 1640
884 1820
884 1993
885 956
885 1159
885 1183
885 1327
885 1585
885 1587
885 1589
885 1743
885 1818
886 938
886 1107
886 1264
886 1366
886 1458
886 1764
887 1186
887 1213
887 1826
887 1951
888 920
888 1378
888 1640
888 1755
888 1992
889 1100
889 1440
889 1468
890 925
890 1001
890 1365
890 1814
891 973
891 1303
891 1797
891 1891
892 917
892 943
892 1041
892 1555
892 1814
892 1934
893 1031
893 1368
894 1127
894 1173
894 1308
894 1745
894 1887
895 1778
896 1045
896 1066
896 1105
896 1697
897 1100
897 1176
897 1300
897 1422
897 1571
897 1689
898 1209
899 1073
899 1476
899 1714
899 1787
899 1807
899 1949
899 1971
900 1359
900 1631
900 1839
901 1079
902 930
902 1307
902 1714
903 986
903 1233
903 1737
903 1791
905 1354
905 1509
905 1774
905 1920
906 1091
907 1377
907 1677
907 1840
908 1223
908 1267
908 1423
908 1704
908 1903
909 1018
909 1243
910 1230
910 1263
910 1331
910 1840
910 1847
911 952
911 1384
911 1702
911 1751
911 1851
912 1016
912 1115
912 1903
913 930
913 1041
913 1303
913 1625
913 1646
913 1734
914 1228
914 1247
914 1272
914 1476
914 1692
915 985
915 1009
915 1150
915 1725
916 1346
916 1428
916 1767
917 936
917 1291
917 1346
917 1375
917 1892
918 1434
918 1467
918 1574
918 1621
918 1998
919 933
919 1033
919 1265
919 1483
919 1527
919 1689
921 994
921 1032
921 1652
921 1948
922 1030
922 1259
922 1570
922 1685
923 1391
923 1549
923 1620
923 1930
923 1984
924 1128
924 1432
924 1436
924 1460
924 1806
925 953
925 973
925 1294
925 1334
925 1796
926 1432
926 1452
927 1114
927 1278
927 1315
927 1377
927 1767
927 1854
928 1050
928 1103
928 1463
928 1577
928 1683
928 1746
928 1887
929 1314
929 1425
929 1696
929 1804
929 1830
930 1207
930 1227
930 1878
931 1060
931 1182
931 1224
931 1341
931 1709
931 1788
931 1793
932 1448
932 1488
932 1545
932 1590
933 1014
933 1818
934 1101
934 1380
934 1422
934 1450
934 1989
935 973
935 1147
935 1276
935 1472
935 1917
935 1998
936 1855
937 1498
937 1521
937 1529
937 1668
937 1789
938 1435
938 1527
938 1910
939 1221
939 1347
939 1368
939 1498
939 1585
939 1921
940 1150
941 984
941 1256
941 1614
941 1765
941 1793
941 1887
942 960
942 1393
942 1405
942 1735
942 1776
942 1883
943 1045
943 1248
943 1365
943 1436
943 1653
943 1949
944 1169
944 1351
944 1591
944 1595
944 1687
944 1722
945 1451
945 1471
945 1766
945 1882
947 1687
947 1717
948 1033
948 1125
948 1158
948 1258
948 1465
949 1056
949 1110
949 1511
949 1516
949 1794
949 1872
950 959
950 1037
950 1168
950 1817
951 1658
952 1442
952 1913
953 1625
953 1669
953 1753
953 1885
954 1722
954 1864
955 1066
955 1135
955 1526
955 1747
955 1941
956 1233
956 1416
956 1429
956 1551
956 1932
957 964
957 1153
957 1322
957 1697
957 1881
958 1087
958 1113
958 1216
958 1491
958 1736
958 1994
959 1247
959 1486
960 1092
960 1651
960 1723
960 1794
961 1287
961 1365
962 1387
962 1474
962 1765
963 1171
963 1342
963 1375
963 1397
964 1392
964 1546
964 1848
965 1060
965 1254
965 1466
965 1838
965 1849
966 1068
966 1286
966 1624
966 1823
966 1957
967 1280
967 1517
967 1746
967 1919
967 1950
967 1974
968 1542
968 1785
968 1806
969 1316
969 1524
970 1074
971 1169
971 1692
972 1034
972 1325
973 1155
973 1180
973 1797
974 1074
975 1286
975 1632
976 1043
976 1164
976 1258
976 1463
976 1690
976 1796
977 1090
977 1111
977 1164
977 1238
977 1564
977 1934
977 1984
978 1936
979 1205
979 1244
979 1526
979 1716
979 1984
980 1190
980 1195
980 1549
980 1594
981 1537
981 1979
982 1020
982 1065
982 1160
982 1260
982 1306
982 1451
982 1550
982 1599
982 1647
982 1657
982 1728
982 1817
982 1992
983 1582
984 1188
984 1262
984 1700
984 1772
984 1848
985 1163
985 1320
985 1641
985 1970
986 1107
987 1151
987 1198
987 1223
987 1368
987 1549
988 1414
988 1438
988 1445
988 1524
988 1554
988 1627
988 1724
988 1828
988 1928
988 1995
989 1575
990 1581
991 1286
991 1291
991 1887
992 1357
993 1118
993 1164
993 1643
993 1744
994 999
994 1104
994 1396
994 1550
994 1880
995 1098
995 1280
995 1954
996 1713
997 1262
997 1497
997 1677
997 1825
997 1899
998 1083
998 1087
998 1495
998 1671
998 1697
999 1019
999 1716
999 1814
1000 1323
1000 1567
1000 1666
1000 1738
1000 1973
1000 1997
1001 1669
1002 1472
1002 1692
1002 1739
1002 1973
1003 1072
1003 1129
1003 1194
1003 1237
1003 1251
1003 1272
1003 1286
1003 1401
1003 1499
1003 1537
1003 1750
1003 1786
1004 1083
1004 1494
1004 1567
1005 1212
1005 1241
1005 1757
1006 1148
1006 1560
1006 1663
1006 1674
1006 1961
1007 1642
1008 1060
1008 1472
1008 1691
1009 1369
1009 1455
1010 1027
1010 1631
1010 1969
1011 1045
1011 1258
1011 1441
1012 1023
1012 1391
1012 1428
1012 1498
1013 1179
1013 1571
1013 1877
1014 1282
1015 1080
1015 1119
1015 1769
1016 1247
1016 1281
1016 1298
1016 1581
1017 1240
1017 1277
1017 1305
1017 1564
1017 1576
1017 1707
1017 1885
1018 1429
1019 1531
1019 1532
1020 1105
1020 1658
1020 1737
1020 1849
1020 1993
1021 1069
1021 1486
1021 1695
1022 1224
1022 1318
1022 1360
1022 1625
1022 1786
1022 1879
1023 1072
1023 1128
1023 1288
1023 1601
1023 1621
1023 1995
1024 1195
1024 1307
1024 1507
1024 1731
1024 1987
1025 1078
1025 1244
1025 1590
1025 1603
1025 1613
1025 1767
1025 1952
1026 1088
1026 1649
1026 1683
1026 1915
1027 1447
1028 1438
1028 1459
1028 1461
1028 1510
1028 1900
1028 1981
1029 1132
1029 1265
1029 1279
1029 1925
1030 1191
1030 1443
1030 1483
1030 1495
1030 1706
1030 1873
1031 1222
1031 1446
1031 1507
1032 1933
1032 1970
1033 1311
1033 1799
1033 1829
1034 1225
1034 1274
1034 1396
1034 1469
1034 1886
1034 1971
1035 1042
1035 1256
1035 1907
1036 1522
1037 1162
1037 1950
1038 1042
1038 1219
1038 1888
1039 1143
1039 1381
1040 1290
1040 1427
1040 1721
1040 1779
1040 1920
1040 1930
1041 1266
1041 1557
1041 1602
1041 1886
1042 1099
1042 1100
1042 1261
1042 1784
1042 1980
1043 1252
1043 1653
1043 1867
1043 1956
1043 1999
1044 1446
1044 1814
1044 1856
1044 1925
1044 1945
1046 1333
1046 1539
1046 1582
1046 1931
1047 1373
1047 1542
1047 1582
1047 1733
1047 1776
1047 1899
1048 1097
1048 1243
1048 1395
1048 1646
1049 1325
1049 1359
1049 1514
1050 1083
1050 1406
1050 1529
1050 1921
1051 1275
1051 1514
1051 1580
1052 1116
1052 1583
1052 1630
1052 1637
1053 1248
1053 1362
1053 1590
1053 1631
1053 1982
1054 1233
1054 1461
1054 1486
1055 1241
1055 1676
1055 1725
1055 1917
1055 1961
1056 1116
1056 1224
1056 1360
1056 1589
1056 1787
1057 1231
1057 1274
1057 1864
1057 1940
1058 1102
1058 1189
1058 1340
1058 1625
1059 1363
1059 1447
1059 1624
1059 1975
1060 1143
1061 1087
1061 1170
1061 1195
1061 1730
1062 1301
1062 1685
1062 1713
1063 1140
1064 1201
1064 1485
1064 1511
1064 1693
1065 1084
1065 1183
1065 1374
1065 1711
1065 1848
1066 1190
1066 1399
1066 1599
1066 1645
1067 1076
1067 1325
1067 1534
1067 1928
1068 1430
1068 1845
1068 1888
1068 1903
1069 1873
1070 1237
1070 1262
1070 1287
1070 1913
1071 1253
1071 1350
1072 1216
1072 1407
1073 1887
1073 1908
1074 1137
1074 1297
1074 1357
1075 1264
1075 1845
1076 1413
1076 1451
1076 1583
1076 1647
1076 1759
1076 1995
1077 1827
1078 1105
1078 1242
1079 1098
1079 1159
1079 1424
1079 1791
1079 1934
1079 1962
1080 1537
1080 1958
1081 1314
1081 1799
1081 1830
1081 1932
1081 1933
1082 1089
1082 1125
1082 1330
1082 1769
1082 1788
1083 1156
1083 1406
1083 1740
1083 1756
1083 1779
1083 1923
1083 1961
1084 1245
1084 1568
1084 1978
1085 1306
1085 1672
1085 1832
1086 1525
1086 1594
1086 1659
1086 1954
1088 1481
1089 1256
1089 1643
1090 1308
1090 1473
1090 1642
1090 1877
1091 1096
1091 1515
1091 1596
1091 1849
1092 1765
1092 1858
1093 1196
1093 1478
1094 1229
1094 1270
1094 1698
1094 1742
1095 1153
1095 1206
1095 1231
1095 1264
1095 1353
1095 1620
1095 1675
1096 1199
1096 1280
1096 1467
1096 1735
1097 1251
1097 1340
1098 1226
1098 1308
1098 1459
1098 1984
1099 1217
1099 1981
1100 1419
1100 1981
1101 1685
1101 1782
1101 1958
1102 1306
1102 1317
1102 1400
1102 1401
1102 1473
1102 1578
1102 1728
1102 1839
1102 1850
1103 1409
1103 1440
1103 1597
1103 1794
1104 1178
1104 1472
1104 1983
1105 1279
1105 1447
1105 1465
1105 1474
1105 1774
1106 1141
1106 1362
1106 1370
1106 1747
1107 1262
1107 1331
1107 1511
1107 1637
1107 1734
1108 1359
1108 1652
1108 1676
1108 1781
1108 1786
1108 1821
1109 1319
1109 1399
1109 1496
1109 1530
1109 1813
1109 1871
1110 1359
1110 1632
1110 1702
1110 1753
1111 1250
1111 1339
1111 1432
1111 1438
1111 1464
1111 1585
1111 1786
1112 1392
1112 1575
1112 1972
1113 1165
1113 1254
1113 1358
1115 1526
1115 1612
1115 1751
1115 1763
1116 1915
1116 1937
1117 1334
1117 1380
1117 1869
1117 1893
1117 1973
1118 1916
1119 1132
1119 1528
1120 1790
1121 1429
1121 1505
1122 1362
1122 1450
1122 1684
1122 1739
1123 1752
1123 1814
1124 1256
1124 1402
1124 1772
1125 1259
1125 1748
1125 1776
1126 1169
1126 1222
1126 1693
1126 1931
1126 1977
1127 1367
1127 1451
1127 1624
1127 1988
1129 1466
1129 1485
1129 1494
1129 1867
1130 1404
1130 1771
1130 1986
1131 1526
1131 1656
1131 1749
1132 1573
1132 1641
1132 1642
1132 1722
1132 1948
1132 1980
1133 1365
1133 1842
1133 1971
1134 1957
1135 1375
1135 1642
1135 1922
1135 1964
1136 1139
1136 1199
1136 1295
1136 1298
1136 1615
1137 1148
1137 1183
1138 1227
1138 1367
1138 1378
1138 1682
1139 1590
1139 1923
1139 1947
1140 1269
1140 1338
1140 1440
1140 1458
1140 1465
1141 1163
1141 1361
1142 1372
1143 1218
1143 1299
1143 1601
1143 1742
1143 1961
1144 1488
1144 1888
1145 1197
1145 1235
1145 1369
1145 1427
1145 1703
1146 1348
1146 1513
1146 1625
1146 1931
1147 1169
1147 1346
1147 1741
1147 1809
1147 1899
1149 1154
1149 1658
1150 1292
1151 1292
1151 1357
1151 1510
1151 1557
1151 1612
1151 1842
1152 1340
1152 1412
1152 1760
1153 1270
1153 1455
1153 1508
1153 1545
1153 1644
1153 1790
1153 1791
1153 1953
1154 1323
1154 1444
1154 1503
1154 1747
1154 1764
1155 1226
1155 1639
1155 1757
1155 1857
1155 1933
1156 1432
1156 1468
1156 1532
1157 1640
1157 1789
1157 1802
1157 1951
1158 1385
1158 1737
1159 1329
1159 1448
1159 1734
1159 1913
1160 1240
1160 1336
1161 1889
1161 1940
1161 1998
1162 1652
1162 1900
1163 1231
1163 1290
1163 1545
1163 1837
1163 1904
1163 1914
1164 1180
1164 1254
1164 1571
1164 1671
1164 1776
1165 1904
1166 1195
1166 1258
1166 1497
1166 1731
1166 1849
1167 1659
1167 1956
1169 1496
1169 1664
1170 1965
1171 1346
1171 1412
1171 1912
1171 1989
1172 1198
1172 1218
1172 1744
1173 1567
1173 1947
1174 1357
1174 1984
1175 1524
1175 1771
1175 1882
1175 1944
1176 1199
1176 1311
1176 1832
1177 1208
1178 1272
1178 1331
1178 1343
1178 1537
1178 1563
1178 1654
1178 1824
1178 1866
1179 1267
1179 1352
1179 1542
1179 1965
1180 1798
1180 1863
1180 1992
1181 1275
1181 1488
1181 1919
1182 1628
1182 1937
1183 1262
1183 1461
1184 1382
1184 1504
1184 1816
1184 1901
1185 1642
1185 1694
1185 1889
1186 1343
1186 1500
1186 1572
1186 1775
1187 1304
1187 1531
1188 1374
1188 1690
1188 1982
1189 1196
1189 1252
1189 1532
1190 1247
1190 1538
1190 1673
1191 1231
1191 1324
1191 1487
1192 1204
1192 1362
1192 1395
1193 1251
1193 1343
1193 1399
1193 1425
1193 1605
1193 1657
1193 1770
1194 1258
1194 1490
1194 1634
1194 1989
1195 1435
1195 1466
1195 1560
1196 1476
1196 1602
1196 1848
1197 1205
1197 1263
1198 1230
1198 1344
1198 1430
1198 1503
1198 1679
1198 1763
1198 1768
1198 1933
1199 1696
1200 1637
1200 1681
1200 1922
1201 1584
1201 1795
1202 1308
1202 1385
1202 1416
1202 1560
1202 1904
1202 1909
1202 1950
1203 1675
1203 1836
1204 1963
1205 1457
1206 1428
1206 1813
1207 1444
1207 1475
1207 1623
1207 1831
1207 1929
1208 1275
1208 1972
1209 1505
1209 1605
1209 1853
1211 1409
1211 1445
1211 1468
1212 1393
1212 1656
1213 1719
1213 1979
1214 1971
1215 1329
1215 1523
1215 1627
1215 1645
1215 1828
1215 1905
1216 1257
1216 1306
1216 1500
1217 1270
1217 1563
1217 1613
1217 1669
1217 1808
1218 1272
1218 1604
1218 1914
1219 1273
1219 1487
1219 1514
1219 1539
1220 1828
1221 1842
1222 1477
1222 1582
1222 1770
1222 1968
1223 1226
1223 1964
1223 1970
1224 1287
1224 1659
1224 1841
1224 1854
1224 1860
1225 1311
1225 1522
1225 1941
1226 1827
1226 1863
1227 1510
1228 1350
1228 1874
1229 1619
1230 1326
1230 1345
1230 1417
1230 1684
1231 1309
1231 1575
1231 1761
1231 1871
1232 1662
1232 1663
1232 1912
1233 1384
1233 1476
1233 1596
1233 1771
1233 1955
1234 1303
1234 1976
1235 1525
1235 1781
1235 1903
1236 1338
1236 1439
1236 1729
1237 1595
1237 1637
1237 1812
1237 1907
1237 1956
1238 1616
1238 1689
1238 1891
1238 1936
1239 1245
1239 1312
1239 1416
1239 1754
1240 1658
1240 1922
1241 1539
1241 1689
1241 1936
1242 1591
1242 1648
1242 1905
1243 1745
1243 1836
1243 1994
1244 1589
1244 1829
1245 1552
1245 1585
1246 1371
1247 1390
1247 1409
1247 1786
1247 1980
1248 1425
1248 1751
1249 1270
1249 1394
1249 1530
1249 1783
1249 1925
1250 1632
1250 1822
1250 1932
1250 1957
1251 1378
1251 1484
1251 1903
1251 1952
1252 1570
1252 1825
1253 1269
1253 1487
1253 1620
1254 1278
1254 1326
1254 1495
1255 1409
1255 1469
1255 1635
1255 1648
1255 1722
1255 1964
1256 1530
1256 1626
1257 1615
1257 1887
1258 1682
1258 1958
1259 1410
1259 1617
1259 1895
1260 1729
1263 1730
1264 1390
1264 1760
1265 1333
1265 1340
1265 1500
1266 1289
1266 1440
1266 1478
1266 1568
1266 1586
1266 1719
1266 1795
1266 1845
1266 1916
1266 1922
1267 1389
1267 1823
1267 1888
1268 1275
1268 1946
1269 1811
1270 1428
1270 1864
1271 1285
1271 1470
1271 1585
1271 1624
1271 1684
1271 1853
1272 1583
1273 1641
1273 1739
1274 1767
1275 1312
1275 1929
1276 1309
1276 1885
1277 1576
1277 1792
1277 1875
1278 1366
1278 1465
1278 1580
1279 1284
1279 1422
1279 1485
1279 1574
1279 1926
1280 1425
1280 1493
1281 1369
1281 1402
1281 1763
1282 1451
1282 1602
1282 1700
1282 1766
1283 1400
1283 1420
1283 1749
1284 1478
1284 1530
1284 1626
1285 1453
1285 1539
1285 1637
1286 1585
1287 1728
1287 1832
1287 1959
1288 1445
1288 1482
1288 1538
1288 1800
1289 1570
1289 1765
1290 1314
1290 1356
1290 1739
1291 1454
1291 1586
1291 1729
1291 1838
1291 1992
1292 1322
1292 1450
1292 1535
1292 1538
1292 1540
1292 1669
1293 1313
1293 1355
1293 1364
1293 1494
1294 1323
1294 1427
1294 1947
1295 1298
1295 1531
1295 1738
1296 1349
1296 1845
1297 1953
1298 1368
1298 1406
1298 1414
1298 1824
1299 1321
1300 1794
1300 1921
1300 1950
1302 1542
1303 1323
1303 1369
1303 1717
1304 1353
1304 1564
1305 1630
1306 1524
1306 1610
1306 1813
1307 1411
1309 1629
1309 1729
1310 1684
1310 1829
1310 1917
1311 1742
1311 1881
1312 1800
1313 1542
1313 1596
1313 1925
1313 1962
1314 1812
1315 1346
1315 1876
1315 1885
1315 1967
1316 1835
1317 1381
1317 1714
1319 1725
1319 1804
1320 1557
1320 1861
1321 1652
1321 1674
1322 1374
1322 1857
1323 1430
1323 1828
1324 1421
1324 1466
1324 1571
1324 1888
1325 1885
1325 1903
1326 1463
1326 1539
1327 1611
1328 1779
1328 1807
1328 1874
1329 1484
1330 1543
1330 1720
1330 1911
1331 1496
1331 1646
1331 1874
1331 1967
1332 1336
1332 1566
1332 1602
1332 1831
1334 1546
1335 1471
1335 1532
1335 1873
1336 1741
1336 1782
1337 1958
1339 1377
1339 1477
1339 1513
1339 1872
1340 1889
1341 1768
1341 1825
1342 1511
1342 1570
1343 1446
1343 1696
1343 1922
1344 1395
1344 1437
1344 1628
1344 1700
1344 1807
1344 1951
1345 1627
1346 1666
1347 1564
1347 1741
1348 1375
1348 1478
1348 1653
1348 1701
1348 1737
1348 1924
1349 1572
1349 1892
1350 1389
1350 1688
1350 1760
1351 1366
1351 1600
1352 1862
1353 1543
1354 1595
1354 1796
1355 1674
1355 1778
1355 1865
1356 1572
1357 1457
1357 1531
1357 1970
1358 1403
1358 1735
1358 1928
1359 1785
1361 1454
1361 1774
1362 1398
1362 1516
1363 1381
1363 1593
1363 1892
1363 1908
1363 1957
1364 1537
1364 1761
1364 1788
1365 1647
1366 1480
1366 1766
1366 1898
1367 1417
1367 1685
1368 1554
1368 1690
1368 1952
1369 1411
1369 1672
1370 1449
1370 1530
1370 1722
1370 1958
1371 1500
1371 1863
1371 1873
1372 1575
1372 1643
1372 1723
1373 1514
1373 1609
1374 1375
1375 1534
1375 1782
1376 1388
1376 1478
1376 1571
1377 1394
1377 1846
1377 1960
1378 1452
1378 1761
1379 1446
1379 1447
1379 1450
1380 1381
1380 1766
1381 1506
1381 1618
1381 1897
1382 1702
1383 1490
1383 1568
1383 1652
1383 1800
1383 1847
1384 1588
1384 1782
1385 1411
1385 1584
1386 1566
1386 1584
1386 1812
1386 1864
1387 1438
1387 1462
1387 1684
1387 1866
1388 1474
1388 1612
1388 1634
1388 1664
1389 1691
1389 1923
1390 1829
1390 1894
1390 1975
1392 1520
1392 1677
1393 1581
1393 1583
1393 1605
1393 1623
1393 1774
1393 1836
1394 1645
1394 1754
1394 1838
1394 1842
1394 1934
1395 1425
1395 1436
1395 1566
1395 1567
1396 1874
1396 1931
1397 1519
1398 1714
1398 1901
1399 1406
1399 1743
1400 1867
1401 1912
1402 1592
1402 1998
1403 1657
1403 1752
1403 1961
1404 1730
1405 1520
1405 1638
1406 1585
1406 1959
1407 1823
1408 1427
1408 1608
1408 1777
1409 1859
1410 1473
1410 1653
1410 1759
1410 1762
1411 1507
1411 1531
1411 1613
1411 1668
1412 1768
1413 1851
1413 1857
1414 1519
1414 1595
1414 1598
1414 1649
1414 1739
1415 1587
1415 1607
1415 1680
1416 1812
1417 1474
1417 1525
1417 1527
1417 1879
1418 1603
1418 1831
1418 1930
1421 1849
1422 1522
1423 1532
1424 1435
1424 1656
1424 1862
1425 1664
1425 1689
1425 1911
1426 1614
1426 1990
1427 1571
1428 1443
1428 1553
1429 1466
1429 1626
1429 1764
1430 1474
1430 1510
1430 1537
1430 1799
1431 1464
1431 1613
1431 1663
1431 1821
1432 1688
1432 1795
1433 1687
1433 1865
1434 1747
1434 1856
1434 1946
1434 1959
1435 1638
1435 1777
1435 1985
1436 1682
1437 1574
1437 1841
1437 1947
1438 1785
1438 1915
1439 1765
1439 1812
1440 1589
1440 1904
1441 1676
1441 1826
1443 1727
1444 1739
1444 1752
1445 1492
1445 1631
1446 1717
1447 1574
1447 1620
1447 1795
1447 1896
1447 1992
1448 1477
1448 1730
1448 1770
1448 1817
1448 1818
1449 1769
1449 1832
1450 1513
1451 1780
1451 1851
1451 1854
1452 1910
1453 1462
1453 1486
1454 1826
1454 1949
1455 1563
1455 1850
1456 1690
1456 1891
1456 1919
1456 1928
1457 1541
1457 1816
1457 1874
1458 1639
1458 1663
1458 1843
1459 1588
1459 1614
1459 1707
1459 1885
1460 1478
1462 1656
1462 1828
1462 1993
1464 1725
1465 1576
1465 1623
1466 1650
1466 1841
1466 1974
1467 1488
1468 1584
1469 1596
1471 1757
1471 1810
1471 1967
1472 1604
1472 1804
1472 1823
1472 1857
1472 1872
1472 1951
1473 1963
1475 1676
1475 1720
1475 1789
1477 1806
1478 1632
1478 1676
1478 1698
1478 1823
1481 1693
1481 1765
1482 1533
1483 1619
1483 1745
1484 1557
1484 1628
1485 1899
1485 1928
1486 1661
1486 1818
1487 1824
1487 1855
1488 1493
1488 1721
1488 1847
1488 1862
1488 1907
1489 1748
1490 1532
1490 1547
1490 1629
1490 1633
1490 1825
1490 1878
1490 1881
1490 1924
1491 1584
1491 1803
1492 1996
1493 1658
1493 1943
1494 1640
1494 1802
1495 1850
1496 1593
1496 1855
1496 1947
1497 1600
1498 1702
1498 1820
1499 1521
1499 1537
1499 1575
1499 1998
1500 1687
1500 1735
1500 1864
1501 1606
1501 1812
1503 1645
1503 1773
1504 1653
1504 1771
1504 1906
1505 1668
1506 1829
1506 1970
1506 1982
1507 1666
1507 1791
1507 1874
1508 1699
1509 1954
1509 1960
1510 1551
1510 1667
1510 1808
1512 1879
1513 1738
1513 1837
1514 1689
1515 1793
1515 1835
1516 1552
1517 1600
1517 1749
1517 1917
1518 1554
1518 1568
1518 1703
1518 1969
1519 1526
1519 1750
1520 1601
1520 1687
1520 1738
1520 1752
1521 1959
1523 1649
1524 1852
1524 1987
1527 1823
1528 1674
1528 1783
1528 1921
1528 1949
1528 1985
1531 1788
1531 1871
1531 1960
1532 1897
1535 1556
1535 1885
1536 1809
1536 1844
1536 1930
1536 1956
1537 1795
1537 1894
1538 1602
1538 1897
1539 1660
1540 1776
1540 1826
1541 1566
1541 1751
1541 1761
1541 1894
1541 1909
1541 1938
1542 1792
1543 1716
1543 1844
1543 1981
1546 1889
1546 1960
1547 1969
1548 1584
1548 1830
1548 1839
1549 1615
1549 1753
1550 1894
1550 1950
1551 1584
1551 1675
1551 1726
1551 1966
1552 1636
1553 1690
1553 1719
1553 1962
1554 1582
1554 1828
1556 1569
1556 1619
1556 1870
1558 1995
1559 1605
1560 1582
1560 1926
1560 1989
1561 1744
1561 1879
1562 1682
1562 1791
1562 1802
1562 1894
1563 1699
1563 1980
1564 1596
1564 1689
1564 1712
1564 1925
1565 1646
1565 1804
1566 1743
1566 1824
1566 1860
1566 1951
1566 1996
1568 1675
1568 1755
1568 1867
1568 1889
1568 1893
1569 1840
1569 1987
1570 1686
1570 1732
1570 1930
1570 1945
1571 1943
1572 1573
1573 1691
1576 1740
1577 1592
1578 1586
1578 1713
1578 1751
1578 1828
1578 1889
1579 1807
1579 1903
1580 1691
1580 1887
1581 1704
1581 1994
1582 1970
1584 1633
1586 1603
1586 1990
1587 1784
1588 1595
1588 1623
1589 1987
1590 1896
1592 1802
1594 1763
1594 1927
1595 1686
1595 1715
1595 1718
1595 1832
1596 1859
1597 1658
1597 1954
1598 1646
1599 1654
1599 1981
1602 1983
1603 1644
1603 1769
1604 1975
1606 1607
1606 1755
1608 1933
1610 1651
1610 1886
1611 1706
1611 1885
1611 1912
1614 1720
1615 1744
1615 1822
1615 1921
1616 1724
1616 1991
1616 1999
1617 1700
1618 1655
1619 1690
1620 1763
1620 1769
1620 1776
1621 1813
1622 1822
1623 1712
1623 1764
1623 1851
1624 1892
1625 1629
1625 1933
1627 1794
1628 1888
1629 1667
1629 1798
1630 1934
1630 1974
1631 1880
1631 1967
1632 1744
1633 1794
1634 1808
1635 1902
1636 1713
1637 1903
1638 1896
1640 1850
1640 1861
1642 1664
1642 1768
1645 1729
1645 1779
1645 1983
1647 1878
1648 1727
1649 1711
1649 1846
1650 1672
1650 1689
1650 1713
1650 1796
1650 1818
1651 1822
1651 1905
1652 1934
1653 1707
1654 1965
1656 1679
1656 1734
1657 1930
1658 1709
1659 1913
1660 1731
1660 1754
1661 1945
1661 1979
1662 1739
1662 1793
1662 1842
1662 1896
1662 1911
1662 1915
1666 1674
1666 1887
1666 1938
1667 1764
1669 1903
1669 1953
1670 1804
1670 1858
1671 1700
1671 1765
1671 1836
1671 1873
1672 1792
1672 1908
1673 1777
1673 1957
1675 1833
1676 1957
1677 1892
1680 1778
1681 1747
1681 1772
1681 1845
1681 1900
1681 1994
1684 1785
1684 1946
1685 1751
1685 1902
1686 1703
1686 1798
1686 1981
1686 1985
1687 1696
1687 1701
1687 1873
1687 1943
1688 1918
1688 1938
1688 1979
1689 1790
1690 1797
1691 1769
1694 1857
1694 1917
1697 1818
1697 1936
1697 1997
1699 1975
1700 1911
1702 1942
1703 1853
1703 1930
1705 1913
1706 1776
1706 1824
1706 1866
1708 1784
1709 1911
1710 1839
1710 1895
1711 1873
1711 1940
1712 1722
1712 1795
1713 1763
1714 1777
1714 1938
1715 1796
1715 1927
1716 1771
1716 1886
1718 1734
1718 1741
1721 1825
1722 1808
1723 1957
1724 1782
1724 1801
1724 1903
1725 1750
1727 1864
1728 1770
1728 1792
1728 1969
1728 1992
1729 1778
1729 1811
1729 1851
1730 1742
1730 1821
1730 1953
1731 1853
1732 1836
1732 1884
1732 1931
1733 1965
1734 1775
1734 1930
1735 1890
1736 1772
1736 1997
1740 1775
1740 1800
1740 1801
1740 1932
1748 1762
1748 1951
1748 1969
1750 1981
1750 1984
1753 1776
1754 1907
1755 1943
1755 1947
1755 1970
1756 1807
1758 1794
1760 1831
1761 1887
1763 1865
1763 1870
1764 1843
1764 1998
1765 1900
1766 1797
1767 1925
1768 1897
1769 1876
1771 1836
1771 1998
1772 1873
1773 1848
1775 1788
1776 1950
1777 1941
1780 1830
1780 1838
1780 1958
1781 1835
1783 1974
1785 1844
1790 1986
1791 1807
1791 1847
1791 1860
1793 1978
1794 1803
1794 1821
1794 1832
1795 1874
1797 1909
1801 1866
1804 1860
1804 1904
1806 1859
1807 1888
1807 1965
1808 1993
1811 1957
1812 1822
1815 1870
1818 1924
1818 1990
1820 1863
1820 1902
1822 1900
1823 1831
1824 1834
1825 1969
1826 1926
1835 1928
1835 1981
1836 1919
1839 1944
1841 1968
1842 1873
1843 1896
1843 1950
1846 1993
1851 1859
1853 1889
1855 1973
1855 1997
1856 1941
1857 1952
1862 1984
1871 1994
1875 1986
1882 1979
1884 1924
1886 1893
1886 1900
1892 1979
1894 1939
1896 1935
1903 1922
1903 1962
1904 1984
1913 1916
1914 1932
1920 1955
1921 1960
1924 1943
1927 1949
1928 1948
1934 1954
1939 1944
1939 1966
1956 1978
1961 1986
1969 1976
1975 1978
1982 1987
