1000 3519
0 2
0 323
0 372
0 373
0 525
0 705
0 758
0 910
1 97
1 941
1 962
2 121
2 446
2 623
2 634
2 953
3 56
3 531
3 546
3 577
3 626
3 943
4 81
4 182
4 308
4 448
4 456
4 808
4 958
5 33
5 74
5 93
5 264
5 430
5 614
5 837
6 79
6 277
6 522
6 875
6 956
6 999
7 57
7 274
7 501
7 527
7 611
7 960
8 79
8 115
8 481
8 589
8 727
8 968
9 216
9 221
9 522
9 538
9 590
9 708
9 821
9 932
10 70
10 184
10 366
10 651
10 854
11 422
11 535
11 602
11 873
11 882
12 283
12 675
12 767
12 988
13 67
13 296
13 354
13 580
13 766
14 99
14 216
14 235
14 454
14 698
14 838
14 991
15 183
15 332
15 333
15 385
15 389
15 443
15 543
15 674
15 728
15 836
15 941
16 22
16 360
16 473
16 530
16 681
16 723
17 39
17 105
17 190
17 286
17 394
17 460
17 578
17 621
17 793
17 796
18 47
18 110
18 144
18 170
18 356
18 416
18 476
18 498
18 512
18 549
18 652
18 715
18 750
18 913
19 155
19 293
19 946
20 48
20 85
20 100
20 207
20 271
20 298
20 466
20 780
20 958
21 132
21 182
21 550
21 831
22 71
22 161
22 168
22 317
22 409
22 632
22 744
22 903
23 78
23 103
23 445
23 522
23 595
23 709
23 806
23 908
24 63
24 153
24 971
25 34
25 830
26 66
26 134
26 181
26 239
26 338
26 402
26 432
26 515
26 597
26 658
27 153
27 368
27 435
27 444
27 465
27 685
27 929
28 185
28 189
28 633
28 833
28 834
28 890
29 126
29 202
29 264
29 735
29 814
29 862
30 120
30 128
30 145
30 341
30 470
30 840
31 72
31 93
31 141
31 164
31 166
31 223
31 374
31 714
31 844
31 878
31 916
32 43
32 675
32 927
32 989
33 86
33 220
33 246
33 267
33 289
33 488
33 548
33 557
33 769
33 777
33 821
34 74
34 195
34 318
34 385
34 474
34 496
34 533
34 540
34 556
34 641
34 958
34 974
34 979
35 274
35 592
35 678
35 681
35 692
35 858
35 964
36 167
36 259
36 313
36 360
36 433
36 460
36 569
36 589
37 158
37 408
37 461
37 608
37 722
37 822
37 838
37 911
38 82
38 470
38 475
38 708
39 59
39 62
39 171
39 289
39 437
39 477
39 796
39 896
40 178
40 385
40 389
40 432
40 484
40 852
41 136
41 293
41 530
41 670
41 998
42 90
42 99
42 161
42 496
42 955
42 991
42 999
43 94
43 180
43 204
43 243
43 484
43 620
43 695
43 705
43 817
43 950
43 960
44 52
44 343
44 399
44 411
44 490
44 742
45 533
45 767
45 942
46 107
46 143
46 206
46 272
46 294
46 517
46 524
46 910
46 924
46 938
47 171
47 224
47 275
47 358
47 609
47 654
47 997
48 80
48 100
48 163
48 290
48 558
48 623
48 626
48 744
48 804
49 225
49 239
49 330
49 401
49 492
49 694
49 748
49 778
50 108
50 454
50 455
50 575
50 774
51 102
51 120
51 137
51 200
51 307
51 467
51 657
51 871
52 197
52 323
52 515
52 591
52 984
53 348
53 969
54 56
54 59
54 189
54 211
54 253
54 574
54 724
54 753
54 823
54 837
55 63
55 120
55 228
55 607
56 79
56 399
56 414
56 562
56 614
56 678
56 688
56 772
57 79
57 227
57 258
57 267
57 268
57 304
57 324
57 353
57 584
57 658
57 728
57 742
57 981
58 150
58 421
58 529
58 554
58 617
58 788
58 909
58 950
58 969
59 175
59 243
59 259
59 348
59 421
59 425
59 458
59 491
59 647
59 900
60 380
60 438
60 513
60 539
60 604
60 937
61 292
61 311
61 321
61 350
61 367
61 447
61 479
61 843
61 905
62 316
62 409
62 606
62 775
63 83
63 163
63 230
63 245
63 273
63 346
63 587
63 676
63 692
63 820
63 843
63 880
63 970
64 79
64 116
64 446
64 487
64 734
64 939
64 999
65 627
65 646
65 769
65 906
65 966
65 974
65 980
66 197
66 215
66 387
66 421
66 533
66 595
66 749
66 890
67 110
67 159
67 184
67 355
67 379
67 503
67 632
67 652
67 773
68 167
68 375
68 422
68 432
68 572
68 737
68 785
68 911
68 929
68 977
69 224
69 238
69 317
69 499
69 658
69 693
69 863
69 942
70 96
70 445
70 554
70 561
70 704
70 919
71 276
71 315
71 349
71 369
71 518
71 819
71 932
72 94
72 283
72 292
72 342
72 451
72 911
73 145
73 148
73 179
74 80
74 124
74 198
74 265
74 368
75 217
75 376
75 523
75 770
75 820
76 112
76 330
76 360
76 445
76 921
77 229
77 271
77 407
77 437
77 527
77 890
78 172
78 262
78 310
78 320
78 660
78 719
78 728
78 772
78 863
78 905
78 924
79 115
79 189
79 232
79 349
79 460
79 569
80 101
80 245
80 304
80 425
80 500
80 776
81 447
81 514
81 884
81 921
81 932
82 187
82 230
82 419
82 449
82 512
82 703
82 726
82 892
83 237
83 346
83 504
83 537
83 553
83 567
83 648
83 662
83 723
83 728
83 768
84 153
84 246
84 737
84 799
84 807
84 843
85 116
85 128
85 299
85 326
85 475
85 547
85 760
85 782
85 948
85 991
86 133
86 399
86 560
87 302
87 451
87 475
87 610
87 977
88 128
88 303
88 360
88 426
88 573
88 729
88 741
88 835
89 175
89 209
89 298
89 381
89 385
89 460
89 468
89 565
89 877
89 902
90 93
90 577
90 583
90 679
90 774
90 820
90 917
91 153
91 225
91 834
91 885
91 904
91 917
91 987
92 261
92 264
92 399
92 414
92 505
92 636
92 685
92 719
92 756
93 301
93 567
93 690
93 837
94 302
94 308
94 347
94 405
94 433
94 496
94 530
94 578
94 618
94 717
94 767
94 770
95 242
95 308
95 551
95 686
95 863
95 920
96 217
96 218
96 481
96 508
96 651
96 654
96 706
96 788
97 314
97 321
97 366
97 393
97 486
97 526
97 678
97 776
97 859
98 120
98 280
98 321
98 493
98 511
98 716
98 763
98 912
99 161
99 468
99 578
99 872
100 283
100 683
100 727
100 794
100 832
101 449
101 579
101 610
101 733
101 914
101 931
101 982
102 411
102 505
102 548
102 749
102 784
103 120
103 144
103 181
103 235
103 284
103 463
103 665
103 670
103 681
103 937
103 960
103 986
104 247
104 327
104 365
104 372
104 545
104 610
104 706
105 313
105 454
105 551
105 664
105 845
105 918
105 968
106 354
106 443
106 551
106 685
106 803
106 987
107 248
107 257
107 281
107 335
107 433
107 465
107 624
107 720
108 197
108 532
108 558
108 579
108 833
109 138
109 243
109 268
109 418
109 428
109 441
109 599
109 673
109 676
109 795
110 378
110 389
110 457
110 573
110 773
110 975
111 419
111 638
111 663
111 717
111 777
111 789
111 831
111 934
112 133
112 230
112 361
112 449
112 473
112 533
112 829
112 976
113 135
113 264
113 269
113 322
113 381
113 434
113 482
113 496
113 635
113 663
113 664
114 348
114 366
114 421
114 428
114 583
114 871
114 962
115 119
115 147
115 776
116 204
116 308
116 311
116 535
116 582
116 633
116 719
116 766
116 787
116 939
116 987
117 472
117 640
117 701
117 712
117 713
117 885
117 935
117 988
118 531
118 777
119 275
119 329
119 390
119 413
119 475
119 479
119 495
119 561
119 575
119 696
119 721
119 752
119 756
119 856
120 172
120 249
120 663
120 860
120 951
120 997
121 417
121 622
121 782
121 981
122 191
122 441
122 576
122 578
122 726
123 125
123 266
123 308
123 320
123 403
123 625
123 646
123 936
124 178
124 232
124 503
124 527
124 631
124 816
124 900
124 908
125 179
125 323
125 469
125 865
126 221
126 500
127 274
127 297
127 411
127 423
127 604
127 657
127 913
127 993
128 284
128 402
128 481
128 626
128 859
128 978
129 524
130 286
130 348
130 404
130 540
130 567
130 859
130 937
130 948
131 232
131 262
131 281
131 385
131 391
131 542
131 550
132 182
132 338
132 351
132 448
132 523
132 584
132 883
132 900
133 327
133 726
133 767
134 391
134 429
134 457
134 536
134 668
134 742
134 804
134 831
135 240
135 898
135 979
136 177
136 184
136 199
136 225
136 504
136 514
136 763
136 778
136 847
136 966
136 993
137 142
137 261
137 301
137 489
137 685
137 985
138 170
138 185
138 196
138 511
138 587
138 601
138 612
138 982
139 225
139 324
139 758
139 938
140 641
140 792
140 903
140 992
141 239
141 416
141 519
141 677
142 198
142 421
142 514
142 752
143 282
143 354
143 461
143 534
143 639
143 660
143 813
143 832
143 894
143 916
143 995
144 222
144 326
144 419
144 545
144 929
144 982
145 202
145 221
145 533
145 590
145 681
145 749
145 758
145 885
146 216
146 409
146 414
146 451
146 488
146 822
147 377
147 428
147 527
147 574
147 634
147 765
147 769
147 776
147 793
147 806
148 281
148 289
148 557
148 695
149 270
149 548
149 590
149 804
149 865
149 925
150 277
150 428
150 576
150 662
150 681
150 751
150 807
150 911
150 920
151 196
151 241
151 256
151 423
151 628
151 805
151 838
151 915
151 971
152 185
152 266
152 313
152 485
152 676
152 726
153 432
153 618
153 959
154 457
154 622
154 701
154 739
155 161
155 170
155 986
156 397
156 422
156 609
156 914
157 291
157 383
157 624
157 782
157 800
157 841
157 915
158 497
158 622
158 702
158 797
158 992
159 208
159 347
159 380
159 526
159 737
159 746
159 819
160 195
160 229
160 420
160 639
160 709
160 870
160 916
160 939
161 247
161 262
161 406
161 412
162 299
162 311
162 740
163 216
163 282
163 649
163 677
164 399
164 421
164 457
164 472
164 707
164 958
164 997
165 216
165 238
165 253
165 295
165 326
165 408
165 530
165 630
165 888
166 514
166 530
166 843
166 882
166 992
167 236
167 626
167 665
168 688
168 977
169 190
169 335
169 343
169 391
169 475
169 525
169 551
169 599
169 613
169 616
169 824
169 854
169 936
170 314
170 484
170 495
170 728
170 871
171 485
171 489
171 537
171 804
171 807
171 838
171 894
172 211
172 316
172 385
172 741
172 803
172 917
173 266
173 551
173 753
173 806
174 274
174 285
174 397
174 414
174 631
174 666
175 188
175 266
175 338
175 432
175 929
176 245
176 593
176 766
177 200
177 222
177 249
177 272
177 403
177 729
178 340
178 649
178 698
178 721
178 726
178 992
179 230
179 566
179 579
179 755
179 877
179 935
179 965
180 287
180 400
180 664
180 805
180 951
181 270
181 521
181 580
181 643
181 694
181 708
181 926
182 374
182 773
182 832
182 833
182 913
183 555
183 705
183 904
183 992
184 194
184 217
184 272
184 403
184 577
184 674
185 333
185 613
185 684
186 366
186 447
186 504
186 647
186 651
186 674
186 710
187 441
187 638
187 803
188 208
188 401
188 576
188 623
188 670
189 202
189 371
189 501
189 539
189 949
190 330
190 800
190 844
190 957
191 325
191 719
192 220
192 353
192 385
192 465
192 607
192 777
192 839
192 913
193 200
193 347
193 353
193 545
194 198
194 354
194 366
194 720
194 735
194 737
194 745
194 814
194 833
194 854
194 947
195 208
195 360
195 454
195 521
195 677
196 225
196 346
196 401
196 590
196 839
197 453
197 704
197 947
197 956
198 208
198 227
198 260
198 600
199 549
199 651
199 684
199 743
199 792
199 935
200 331
200 520
200 891
201 367
201 383
201 435
201 471
201 618
201 621
202 497
202 659
202 742
203 216
203 368
203 528
203 612
203 651
203 794
203 971
204 245
204 573
204 674
204 805
204 869
205 572
205 573
205 633
205 720
205 766
205 887
205 889
205 967
206 258
206 530
206 816
206 950
207 227
207 349
207 612
207 672
207 737
208 415
208 435
208 487
208 507
208 762
209 328
209 417
209 607
209 886
209 915
209 973
210 238
210 430
210 938
210 981
211 569
211 693
212 403
212 520
212 576
212 702
212 874
212 973
212 994
213 220
213 460
213 589
213 596
213 609
213 833
213 971
214 562
214 679
214 783
215 653
215 766
215 910
215 972
216 242
216 391
216 396
216 402
216 434
216 573
216 742
216 771
217 390
217 524
217 638
217 788
217 813
217 879
217 895
218 229
218 269
218 420
218 544
218 767
218 783
218 935
219 372
219 546
219 756
219 818
220 249
220 372
220 449
220 878
220 989
220 990
221 365
221 565
221 800
221 939
221 988
222 540
222 663
222 722
222 816
222 827
222 854
223 527
223 546
223 811
223 870
223 905
224 365
224 397
225 268
225 384
225 400
225 433
225 518
225 768
226 239
226 342
226 667
226 940
227 420
227 447
227 572
227 790
227 862
227 885
227 891
227 998
228 346
228 392
228 424
228 506
228 584
228 836
228 871
229 252
229 253
229 311
229 795
229 807
229 967
230 296
230 322
230 454
230 683
230 705
230 892
230 990
231 375
231 461
231 520
231 651
231 693
232 340
232 495
232 603
232 619
232 829
232 840
232 856
233 544
233 551
233 571
233 746
233 753
233 872
233 979
234 331
234 436
234 464
234 618
234 722
235 601
235 808
236 487
236 513
236 708
236 730
237 349
237 753
237 813
238 257
238 311
238 320
238 498
238 529
238 597
238 753
238 909
239 421
239 457
240 371
240 544
240 695
241 256
241 645
241 816
242 511
242 556
242 684
242 714
243 377
243 854
243 890
243 898
244 294
244 352
244 800
244 810
244 882
244 960
245 330
245 414
245 427
245 428
245 493
245 694
245 705
245 749
245 807
246 294
246 533
246 865
247 458
247 540
247 561
247 576
248 253
248 454
248 458
248 514
248 516
248 546
248 627
248 651
248 671
248 819
249 453
249 468
249 811
249 963
249 998
250 306
250 398
250 449
250 485
250 508
250 518
250 568
251 309
251 338
251 347
251 363
251 710
251 857
252 279
252 756
252 773
253 271
253 291
253 335
253 450
253 538
253 747
254 372
254 376
254 879
255 319
255 369
255 811
255 851
255 948
256 492
256 526
256 536
256 629
256 655
256 853
256 860
256 910
256 966
257 494
257 633
258 342
258 354
258 412
258 509
258 556
259 271
259 383
259 426
260 349
260 374
260 408
260 477
260 603
260 771
261 319
261 430
261 623
261 876
262 434
262 448
262 658
262 946
262 978
263 330
263 384
263 461
263 613
263 650
263 652
263 777
264 287
264 407
264 437
264 593
264 688
264 862
265 472
265 646
265 745
265 804
265 822
265 869
265 905
265 931
266 617
266 634
267 341
267 648
267 653
268 308
268 568
268 612
268 660
268 850
269 393
269 496
269 707
270 273
270 274
270 648
270 692
270 702
270 784
270 817
270 982
271 295
271 326
271 429
271 526
271 615
271 667
271 749
272 351
272 366
272 507
272 528
272 663
272 683
273 378
273 530
273 607
273 984
274 501
274 594
274 613
274 707
274 727
274 862
275 390
275 527
275 528
275 989
276 340
276 664
276 791
276 921
276 956
277 291
277 417
277 679
277 682
277 811
277 890
277 985
278 289
278 320
278 393
278 488
278 512
278 606
278 642
278 870
278 943
279 491
279 852
279 902
280 306
280 390
280 622
280 628
280 714
280 795
281 532
281 787
281 884
282 584
282 627
282 694
282 856
282 978
283 624
283 757
283 777
283 944
284 395
284 648
284 677
284 818
284 888
285 286
285 479
285 618
285 807
285 860
285 984
286 411
286 726
286 855
287 323
287 601
288 483
288 806
289 312
289 377
289 945
289 961
290 362
290 637
290 650
290 816
290 880
291 311
291 435
291 513
291 579
292 306
292 417
292 449
292 562
292 872
293 314
293 379
293 380
293 772
293 852
293 914
294 301
294 471
295 922
296 452
296 659
296 768
297 723
297 851
298 390
298 391
299 369
299 459
299 627
300 488
300 522
300 556
300 809
300 850
301 360
301 431
301 583
301 681
301 741
302 344
302 371
302 397
302 414
302 591
302 794
303 452
303 466
303 923
304 407
304 527
304 936
305 603
305 609
305 626
305 677
305 683
305 705
306 326
306 384
306 474
306 878
306 902
307 552
307 893
308 371
308 400
308 416
308 586
308 637
308 647
308 711
308 721
308 728
308 865
308 940
308 961
309 685
310 414
310 441
310 955
311 333
311 430
311 713
311 971
312 358
312 635
312 782
312 810
312 945
313 320
313 338
313 342
313 390
313 464
313 577
313 640
313 800
313 943
314 321
314 490
314 613
314 887
315 580
315 954
316 318
316 692
316 758
316 769
316 947
316 977
317 448
317 485
317 960
318 494
318 587
318 596
318 773
318 791
318 884
318 958
319 730
319 855
319 909
320 349
320 452
320 463
320 509
320 595
321 723
321 867
321 929
322 405
322 688
323 379
323 878
323 972
324 381
324 389
324 503
324 610
324 916
325 434
325 594
325 679
325 694
325 707
325 801
326 557
326 669
326 676
326 773
327 432
327 745
327 913
328 379
328 477
328 486
328 760
329 564
329 610
329 945
330 500
330 753
330 780
331 538
331 620
331 860
332 381
332 776
332 914
332 979
333 464
333 528
333 537
333 630
333 696
333 858
333 888
333 906
333 961
334 759
334 761
334 833
334 912
334 955
335 649
335 807
336 361
336 369
336 492
336 580
336 624
336 777
336 869
336 922
337 475
337 563
337 577
337 604
338 355
338 595
338 939
339 629
339 739
339 781
339 979
340 463
340 478
340 606
340 867
340 913
341 536
341 790
341 934
342 381
342 396
342 514
342 645
342 708
343 402
343 878
344 369
344 462
344 512
344 613
344 970
345 350
345 414
345 527
345 678
345 855
345 992
346 353
346 502
346 627
346 776
346 891
346 986
347 476
347 547
347 691
347 875
347 899
348 396
348 430
348 560
348 597
348 843
349 464
349 654
349 729
349 975
350 520
350 827
350 940
351 382
351 446
351 724
351 803
352 557
352 698
352 815
352 890
353 821
353 984
354 479
354 700
354 793
355 507
355 527
356 367
356 601
356 985
357 392
357 442
357 670
358 580
358 866
358 967
360 395
360 462
360 867
361 638
361 696
361 748
362 428
362 624
362 710
362 729
362 973
363 402
363 614
363 636
363 651
363 940
364 375
364 472
364 578
364 618
364 789
364 846
364 955
365 388
365 503
365 755
365 783
365 837
366 639
366 985
367 681
368 432
368 448
368 494
368 536
368 562
368 615
369 562
369 809
370 566
370 723
371 902
371 975
372 594
372 617
372 639
372 695
372 770
372 840
373 418
373 696
373 922
374 431
374 621
374 763
374 939
374 990
375 761
375 776
375 832
375 875
376 562
376 792
376 866
376 950
377 494
377 685
377 741
377 937
378 482
378 511
378 590
378 629
378 833
378 951
379 430
380 515
380 520
380 599
380 615
380 634
380 663
380 979
381 552
381 660
381 831
381 916
382 483
382 613
382 680
382 713
382 812
382 925
382 999
383 543
383 806
383 864
383 955
384 485
384 605
384 627
384 710
384 723
384 952
385 796
386 429
386 484
386 516
386 551
386 750
386 768
387 536
387 784
387 975
388 691
388 703
388 850
389 390
389 406
389 413
389 532
389 719
389 766
389 878
390 514
390 600
390 628
390 721
390 760
390 802
390 857
390 897
390 950
391 400
391 415
391 496
391 572
391 661
391 797
391 836
391 843
392 394
392 529
392 580
392 635
392 802
392 984
393 499
393 630
393 749
393 754
393 797
393 913
394 466
394 558
394 643
394 661
394 768
395 792
396 416
396 982
397 594
397 680
397 806
397 812
397 873
397 914
398 418
398 573
398 591
398 725
398 797
398 843
398 907
398 966
399 400
399 451
399 512
399 623
399 710
399 725
399 768
399 858
400 551
400 574
400 643
401 700
401 710
401 735
401 920
401 922
401 931
402 428
402 534
402 624
402 795
402 797
402 865
403 648
403 776
403 842
403 951
404 537
404 794
404 884
405 442
405 499
405 834
405 925
406 416
406 558
407 564
407 835
407 861
407 970
408 768
408 937
409 436
409 623
409 705
409 908
410 650
410 834
412 748
412 863
412 947
413 454
413 511
413 585
413 627
413 729
413 738
413 866
413 897
414 682
415 468
415 825
416 510
416 588
416 718
416 986
417 780
417 783
417 943
418 741
418 934
419 425
419 437
419 463
419 495
419 595
419 951
420 514
420 741
420 832
420 833
420 878
420 946
420 980
421 691
421 905
421 938
421 959
422 556
422 584
422 607
422 808
422 887
422 902
422 917
423 657
423 781
423 859
423 905
424 755
424 778
424 783
424 990
425 708
425 972
426 471
426 530
426 567
426 586
426 669
426 743
426 786
426 966
427 603
427 834
427 881
427 887
428 563
428 692
428 764
428 799
428 801
429 493
429 809
429 948
430 552
430 622
430 787
431 584
431 680
431 690
431 706
431 893
431 949
432 435
432 561
432 837
432 896
433 559
433 627
433 658
433 666
433 783
434 447
434 485
434 705
434 738
435 542
435 742
435 847
436 679
436 771
436 800
436 913
437 438
437 495
437 602
437 666
437 920
437 940
438 455
438 474
438 686
438 934
439 510
439 808
440 468
440 775
440 964
441 464
441 586
441 630
441 652
441 719
441 738
441 954
442 481
442 563
442 701
442 832
443 471
443 793
443 925
444 729
444 953
445 450
445 875
446 727
447 462
447 545
447 578
447 630
447 765
447 935
448 538
448 635
448 662
448 700
448 952
449 539
449 566
449 582
449 591
449 675
449 919
449 998
450 505
450 539
450 548
450 614
450 656
450 819
450 860
451 459
451 551
451 799
452 467
452 480
452 719
452 898
453 634
453 783
453 896
454 823
454 824
454 850
454 869
454 972
454 982
455 806
455 813
455 905
455 956
456 622
456 639
456 689
456 810
456 831
456 835
456 881
456 954
457 824
458 494
458 665
458 701
458 934
458 957
459 657
459 787
459 812
459 882
459 930
459 983
460 698
460 862
460 925
461 465
461 768
462 721
463 677
463 869
463 888
464 537
464 650
464 799
464 852
464 944
465 609
465 664
466 472
466 500
466 548
466 702
466 934
466 966
467 532
467 964
468 528
468 761
468 909
469 506
469 667
469 837
469 972
469 977
470 557
470 793
470 889
470 996
471 992
472 542
472 689
472 801
472 910
472 948
472 968
473 613
473 664
473 681
473 888
474 972
474 976
475 525
475 661
476 664
476 698
477 826
477 835
477 915
477 985
478 549
478 774
478 788
479 926
479 932
479 997
481 789
482 496
482 503
483 486
483 538
483 634
483 716
483 871
484 638
484 891
485 690
486 501
486 548
486 582
486 597
486 829
486 920
487 661
487 838
487 847
488 552
488 782
489 520
489 530
489 706
489 711
489 933
490 576
490 765
490 898
491 532
491 557
491 752
492 536
492 912
493 692
493 742
493 866
493 912
493 982
494 519
494 659
495 614
495 728
495 898
495 920
496 589
496 751
496 825
496 851
496 880
496 956
496 975
497 694
497 703
498 550
498 629
498 641
498 656
498 666
498 947
499 518
499 625
499 793
499 847
499 902
500 597
500 847
500 921
501 536
501 576
501 663
501 794
501 810
501 818
501 886
501 988
502 530
502 830
503 633
503 838
503 935
503 993
504 579
505 761
505 982
506 745
506 791
507 752
507 907
508 652
508 680
508 870
509 666
509 737
509 936
511 521
511 850
512 649
513 519
513 618
513 959
514 716
514 850
514 911
514 956
515 796
515 829
515 910
515 986
516 546
516 624
516 686
516 882
516 990
517 525
517 630
517 767
517 792
517 822
517 991
518 830
518 993
519 527
519 589
519 921
519 970
520 604
520 666
520 704
520 855
520 860
520 908
520 915
521 806
521 827
521 948
521 980
522 578
522 669
522 741
522 799
522 830
522 951
522 961
522 980
523 543
523 618
523 631
523 817
523 993
524 831
524 915
524 947
525 561
525 565
525 890
526 581
526 684
526 685
526 877
527 625
527 713
527 791
527 983
528 626
528 655
528 767
528 811
528 965
529 591
529 625
529 723
529 887
530 553
530 834
531 604
531 740
531 835
531 850
531 880
531 956
531 988
532 605
532 801
532 832
533 542
533 723
533 739
534 538
534 598
534 620
535 652
535 682
535 785
536 574
536 837
536 878
537 597
537 740
538 736
538 758
538 904
538 949
538 959
539 959
540 581
540 869
540 932
540 976
541 964
542 545
542 610
542 630
542 649
542 717
542 797
542 801
542 851
543 630
543 672
543 681
543 714
543 761
543 856
543 869
544 686
544 750
544 816
544 953
545 603
545 736
545 949
546 601
546 617
546 664
547 620
547 761
547 806
547 966
548 777
548 860
548 954
549 659
549 789
550 640
550 749
550 797
550 936
551 665
551 802
551 846
552 687
552 770
552 945
552 995
553 604
553 627
553 703
553 837
553 997
554 631
554 688
554 879
554 942
555 626
555 759
555 944
556 599
556 654
556 745
556 823
557 585
557 620
557 675
557 690
557 711
557 938
558 631
558 786
558 847
559 682
559 836
559 890
560 565
560 589
560 618
560 747
560 783
560 797
560 865
560 923
560 950
561 676
561 801
561 808
561 931
561 949
562 685
562 727
562 836
562 872
562 966
562 999
563 595
563 651
563 652
563 900
564 687
564 817
564 835
565 771
565 962
566 571
566 586
567 577
567 588
567 670
567 718
567 803
567 857
567 896
568 659
568 744
568 822
568 989
569 585
569 665
569 786
569 890
569 935
570 587
571 601
571 998
572 916
572 958
572 962
573 652
573 728
573 875
575 595
575 807
576 669
576 697
578 630
578 650
578 714
578 773
579 590
580 790
580 840
580 928
582 967
583 670
583 755
583 768
583 887
583 916
583 945
584 670
584 675
584 683
585 781
585 863
585 925
585 927
586 935
587 666
587 950
588 594
588 621
588 624
588 714
589 669
589 773
589 876
589 957
590 714
590 924
591 620
591 727
591 886
592 598
592 758
592 854
592 952
593 644
593 685
595 809
595 850
595 859
596 786
596 919
596 926
597 817
597 857
597 912
598 789
598 793
598 841
598 927
599 668
599 800
599 818
599 839
599 937
599 977
600 885
600 899
601 717
601 796
602 630
602 745
602 918
603 695
603 792
603 911
604 702
604 911
604 969
605 772
605 795
605 915
606 647
607 628
607 763
607 965
608 636
610 673
610 808
610 940
611 701
611 813
612 874
613 708
613 776
613 864
613 879
613 885
613 930
614 731
614 738
614 804
615 823
615 829
615 946
616 787
616 874
617 843
618 631
618 903
618 975
618 991
618 997
619 684
619 697
619 955
620 722
620 752
621 638
621 660
621 793
621 796
621 990
622 723
622 776
623 792
624 779
625 875
625 938
626 949
627 760
627 813
627 988
628 653
628 700
628 719
628 890
629 936
629 968
630 648
630 685
630 901
632 948
633 983
635 713
635 790
636 751
636 758
636 982
637 670
637 726
638 721
639 727
639 798
639 829
640 724
640 835
640 921
640 996
641 643
641 753
641 912
641 992
642 811
642 840
643 871
643 937
644 702
644 814
644 968
645 766
646 771
647 755
648 774
648 812
648 980
649 683
649 923
650 677
650 711
650 722
650 736
650 946
651 691
651 741
651 952
652 696
652 766
652 805
652 846
652 996
653 671
653 718
654 856
654 966
655 938
655 986
656 773
656 919
657 760
658 675
658 727
658 828
659 859
659 872
659 959
660 663
660 907
661 727
661 874
661 896
662 794
662 967
663 734
663 802
663 841
663 887
663 971
665 707
665 721
665 945
665 989
666 764
666 890
666 928
667 840
667 929
668 702
668 809
670 764
670 908
672 684
672 701
672 921
672 958
673 756
673 839
673 852
673 921
674 676
675 716
676 763
676 792
676 966
677 811
677 950
678 684
678 685
678 814
679 817
679 860
680 755
680 893
680 969
681 753
681 881
682 863
682 964
683 746
683 823
683 824
683 899
684 790
684 818
684 911
684 937
685 706
685 726
685 824
686 742
686 983
687 711
687 733
687 916
687 961
687 965
688 750
688 785
688 788
688 833
688 917
689 757
689 838
691 696
692 762
692 769
692 790
692 994
693 804
693 820
693 841
693 984
694 738
694 771
694 839
694 850
694 875
695 859
695 981
697 728
697 822
697 957
698 713
698 722
698 834
698 933
698 938
698 944
699 949
700 731
700 778
700 827
701 859
701 895
701 933
702 727
702 869
702 897
703 932
704 780
704 804
704 821
705 727
705 733
706 713
706 780
706 809
706 939
706 956
707 767
707 843
707 873
708 880
709 796
710 721
710 733
710 786
710 900
710 995
711 753
711 838
713 916
714 897
715 947
716 797
716 829
716 995
717 867
718 831
720 763
720 835
720 851
720 876
721 737
721 905
723 771
723 826
723 948
724 847
724 904
725 787
725 789
725 870
725 900
726 738
726 799
726 841
727 737
727 742
727 770
727 844
728 770
728 833
728 903
730 731
730 792
730 988
731 965
732 822
733 825
733 915
733 923
734 763
734 837
735 742
735 832
735 871
735 889
735 966
736 885
737 927
737 955
737 981
738 758
739 751
739 767
739 798
740 928
740 953
741 768
741 784
741 914
741 919
741 939
741 974
741 999
742 755
744 948
745 888
747 819
749 824
749 837
749 930
750 901
752 976
752 990
753 887
753 960
753 961
755 936
755 944
757 979
757 985
759 847
759 896
761 947
762 898
763 878
763 958
763 963
764 815
764 820
765 792
765 924
765 940
766 912
767 797
768 781
768 845
768 892
769 966
770 782
774 945
774 969
775 802
775 835
775 845
775 858
776 855
776 885
776 997
777 834
778 794
779 809
779 853
779 905
781 916
781 997
782 790
783 909
783 952
783 984
784 941
786 944
787 793
787 904
788 839
788 930
791 900
791 957
792 910
793 932
794 869
795 833
795 977
795 988
797 827
797 924
797 976
798 849
798 899
799 856
799 906
801 906
802 831
802 894
805 828
805 914
806 839
807 902
808 863
808 928
809 932
812 935
813 857
814 836
814 837
814 838
815 911
816 833
816 963
817 929
817 976
818 951
818 974
821 845
821 869
821 881
821 984
821 999
822 847
823 881
823 951
825 952
827 926
827 968
829 867
829 883
829 906
829 910
830 831
830 873
831 902
831 903
832 856
833 842
834 836
835 893
835 897
837 921
837 962
838 883
839 928
839 951
840 944
841 938
842 983
843 933
843 979
844 848
846 857
847 952
848 908
851 903
851 932
851 959
853 875
853 876
856 947
856 949
857 963
857 983
858 919
859 953
859 975
860 974
861 924
862 959
863 940
864 896
866 919
866 990
867 909
867 970
868 885
868 915
869 948
871 896
872 927
872 938
873 926
875 893
875 898
877 926
877 930
877 934
878 929
880 898
881 893
882 991
883 927
883 938
883 963
884 994
885 939
887 910
889 913
891 903
895 906
899 933
899 974
900 960
903 920
903 922
905 950
906 912
907 996
908 938
909 930
909 979
912 921
913 941
917 981
919 926
919 992
920 937
920 957
920 972
920 977
921 948
924 941
925 934
925 962
926 983
929 930
929 983
933 951
933 988
938 947
940 962
940 971
941 966
941 990
946 953
946 965
946 985
947 984
948 990
950 964
950 981
963 967
966 970
973 977
973 985
