5000 10000
0 707
0 3694
0 2920
1 2
1 1734
1 3659
2 3
2 1284
2 3504
2 4554
3 4
3 5
3 1755
4 6
4 758
5 545
5 2869
5 1696
6 7
6 8
6 3498
7 8
7 3988
8 9
8 3838
8 1698
9 10
9 4057
9 609
10 90
10 1696
11 12
11 1398
12 14
12 489
13 1962
13 2413
13 1115
14 15
14 815
14 2017
15 2469
15 2630
15 1437
16 17
16 2094
16 2146
16 1480
17 19
17 4627
17 1156
18 19
18 20
19 20
19 4321
19 2088
20 21
20 3538
20 4871
20 3398
20 4771
21 22
21 23
21 574
22 24
22 4671
23 25
23 4751
23 1507
24 1020
24 3803
24 112
25 26
25 3659
26 27
26 28
27 28
27 3097
27 3878
27 4135
27 2817
27 318
28 466
28 2453
28 3651
28 1604
29 31
29 2780
29 1554
29 2962
30 3978
30 3672
30 894
31 32
31 33
31 1968
32 33
32 1510
33 34
33 35
33 2398
33 918
34 35
34 1087
34 2114
35 36
35 37
35 529
36 3301
36 3936
37 38
37 1837
37 1260
38 40
38 3691
39 41
39 1251
39 1338
39 2236
40 41
40 1806
41 42
41 4914
41 2517
42 44
42 4707
42 2091
42 1280
43 44
43 45
43 1620
44 2296
44 4211
44 3879
45 47
45 2891
45 1905
46 48
46 473
47 48
47 1615
47 1282
47 149
47 263
47 546
47 2575
47 3219
48 49
48 50
48 1133
49 50
49 51
49 1969
49 1747
50 51
50 1605
50 4178
51 53
51 132
51 736
51 173
51 1840
52 2841
52 227
52 1711
52 2957
53 54
53 4105
53 4129
53 2039
53 1913
53 3192
54 55
54 56
54 743
55 3294
55 870
56 57
56 115
57 1104
57 3695
57 3128
58 59
58 60
58 4041
58 1765
59 2537
59 4802
59 2851
60 61
60 1779
61 62
61 3329
62 63
62 1989
62 1698
62 1944
63 695
63 2807
63 4731
63 1494
63 713
64 65
64 1287
65 66
65 67
66 1007
66 4128
66 2523
67 4091
67 4481
68 2415
68 815
69 71
69 2354
69 893
69 1859
70 71
70 1091
70 898
70 1112
71 1593
71 1699
71 1896
72 4117
72 1393
72 1086
72 4641
73 876
73 3344
73 3745
74 75
74 76
75 76
75 1089
76 77
76 3868
76 2816
77 4110
77 4079
77 3640
78 85
78 3787
79 4357
79 3300
80 1799
80 1729
80 1948
80 1439
81 82
81 3480
82 83
82 4346
82 1512
82 567
82 1921
83 84
83 1820
83 2365
83 2964
84 85
84 2085
84 2520
85 1231
85 4249
85 1042
85 1057
86 1034
86 594
87 88
87 3500
87 3278
88 89
88 90
88 4947
89 91
89 147
89 3199
90 92
90 4630
90 583
91 92
91 4759
91 3039
92 1630
92 3426
92 1184
92 1725
93 94
93 4706
94 95
94 96
94 2858
94 3340
95 97
95 1435
95 1141
95 232
96 97
96 2812
96 124
96 2482
97 99
97 4966
98 99
98 839
98 480
98 3464
99 100
99 101
99 2751
100 179
100 2671
101 102
101 527
102 104
102 1101
102 1176
103 104
103 105
103 4859
104 2460
104 3659
105 3773
105 3034
105 2122
106 2966
106 477
106 2209
106 2927
107 108
107 109
108 109
108 110
108 269
109 111
109 3170
109 1096
110 111
110 4576
110 4282
111 112
111 2481
111 4360
112 113
112 2337
113 114
113 115
114 116
114 787
114 1506
114 4524
115 3440
115 3522
115 1894
116 117
116 118
116 2358
116 4308
116 4377
117 118
117 1097
118 119
118 1038
118 3440
118 1874
119 120
119 121
120 4013
120 787
121 123
121 2495
121 1028
121 1713
122 123
122 234
122 679
122 2994
123 124
123 125
124 1535
124 139
124 2001
124 2524
125 126
125 127
125 4967
126 4796
126 1186
126 1164
126 3905
126 4318
127 128
127 2197
127 1322
127 2346
128 2864
128 2591
129 2972
129 4190
130 132
130 4152
131 3269
131 629
132 133
132 134
132 944
132 1061
132 1556
132 1191
133 2003
133 3290
134 135
134 544
134 3844
134 2941
135 136
135 339
135 2375
136 137
136 4908
137 138
137 139
138 4395
138 1904
138 1531
139 1009
139 1766
140 141
140 270
140 3399
140 3713
141 142
141 143
141 3265
142 143
142 2921
142 3145
142 4165
143 4010
143 4757
144 146
144 1208
144 1500
144 4990
145 146
145 147
145 547
146 148
146 2665
147 148
147 1977
147 2710
148 149
148 150
148 259
148 2972
149 1431
149 440
149 4054
150 152
150 4848
150 3995
150 4118
150 4457
151 152
151 2093
151 2070
151 2053
152 4168
152 2307
152 2395
153 1643
153 1684
154 156
154 3417
154 1698
154 1847
154 4655
155 3432
155 4883
156 157
156 158
156 2243
156 3045
157 159
157 3058
157 1578
157 390
157 4913
158 160
158 4336
159 160
159 548
159 2055
160 161
160 4867
161 162
161 163
162 2351
162 4652
162 1361
162 1053
163 164
163 1057
164 3665
164 3218
165 1066
165 3734
166 168
166 2085
166 838
166 2451
167 169
167 4075
167 600
167 3560
168 169
168 602
168 171
169 171
169 2261
170 4582
170 4922
171 172
171 2208
172 173
172 3637
172 3434
173 174
173 1130
173 3959
173 1636
174 176
174 714
174 1325
175 611
175 1620
176 4854
176 3941
176 189
177 178
177 179
177 3050
178 179
178 690
178 1246
179 3526
179 4248
179 1414
180 182
180 1453
181 4930
181 968
181 896
182 183
182 184
183 184
183 185
183 3314
183 4792
184 185
184 4544
184 3255
185 2485
185 2609
185 4953
185 1885
185 4975
186 187
186 783
187 188
187 1099
187 1726
187 3561
187 3038
188 189
188 190
189 1775
189 2209
190 191
190 192
190 1247
190 2682
191 193
191 1764
191 2572
191 3074
191 509
192 193
192 194
193 195
193 2472
193 4882
194 195
194 2298
194 4165
195 196
195 197
195 2494
195 3337
196 198
196 2328
197 4706
197 2826
198 199
198 2179
198 620
198 4008
199 201
199 1046
199 959
199 4060
200 201
200 202
200 1513
200 2531
201 203
201 1567
201 1789
202 203
202 204
203 204
203 2878
203 1569
203 1254
204 306
204 1127
205 206
205 207
205 2678
205 4415
206 2658
206 3187
206 3594
207 208
207 209
207 3861
208 209
208 4653
208 3794
209 210
209 211
209 3873
210 378
210 4001
210 1865
211 213
211 2827
212 213
212 214
213 214
213 3427
214 215
214 216
214 2966
215 1737
215 1810
215 4555
215 4752
215 4789
216 1406
216 4420
216 3052
216 2521
217 218
217 2405
217 727
217 2129
217 3937
218 219
218 3418
218 3520
219 221
219 2863
219 1404
219 4156
220 382
220 3043
220 715
221 222
221 223
221 332
222 223
222 224
222 1493
222 2188
223 224
223 4255
224 4902
224 1954
225 226
225 4577
226 849
226 3784
226 638
227 3214
227 1765
227 4341
228 230
228 2113
229 230
229 3089
229 4406
229 864
229 2481
230 231
230 232
230 3742
231 4128
231 1246
232 4398
233 234
233 3260
233 1382
234 236
234 415
235 236
235 1265
235 593
235 3959
236 237
236 238
236 1876
237 239
237 4138
237 1214
238 2781
238 1611
239 2380
239 4756
239 2321
239 2365
240 3379
240 3373
240 4622
241 242
241 243
242 243
242 3339
243 244
243 245
243 1315
244 245
244 246
244 397
244 4858
244 2967
245 246
245 3869
245 2124
245 1794
246 247
246 2989
247 248
247 249
247 1056
248 250
248 3871
249 251
249 4025
249 2770
249 3027
250 251
250 3459
251 252
251 253
252 253
252 254
252 1863
253 254
253 255
253 1635
254 256
254 1773
254 1194
254 2123
254 4419
254 4321
255 257
255 2821
256 257
256 258
257 259
257 1501
258 259
258 260
258 2028
258 1395
259 2212
259 4898
260 4143
260 732
261 263
261 3830
262 264
262 3242
262 266
263 3491
263 3308
264 265
264 266
264 2781
265 266
265 3222
265 1293
266 4037
267 4275
267 3316
268 2281
268 2831
268 1066
269 271
270 272
271 1272
271 760
271 3575
272 273
272 274
273 274
273 1850
274 275
274 4193
274 1662
274 3184
275 277
275 915
276 278
276 2581
276 3987
277 279
277 3610
278 279
278 2082
279 280
279 281
279 3531
280 281
280 282
280 3480
281 2976
281 1946
281 4103
282 284
282 3564
283 284
283 606
283 1626
283 3016
283 3028
284 285
284 2338
284 2283
284 4173
285 286
285 287
286 287
286 288
287 289
287 1905
287 3044
288 2134
288 4590
289 290
289 291
289 3154
289 4266
290 291
290 2064
290 644
291 292
291 1359
291 2223
291 3368
292 293
292 294
292 501
293 294
293 295
293 2829
294 296
294 2750
295 296
295 297
295 3113
295 323
296 297
296 298
296 3084
296 3901
297 4448
297 1818
297 1905
298 299
298 300
298 4348
298 2099
299 300
299 1719
299 4562
300 301
300 302
300 1286
301 302
301 3649
301 3805
302 304
302 973
302 3495
302 4173
302 2535
303 305
303 2381
303 868
303 4954
304 306
304 1801
305 307
305 756
305 3307
306 308
306 4668
306 561
307 309
307 3205
307 1769
307 3596
308 2732
308 3663
309 4581
309 2113
309 313
310 392
310 4637
310 889
311 312
311 313
312 313
312 314
313 314
313 873
314 315
314 3029
314 4622
315 316
315 317
315 4845
315 4863
315 1606
315 3793
316 317
316 1095
316 1162
317 432
317 1055
317 2977
317 3767
318 1623
318 4238
318 2754
319 320
319 4373
319 2247
319 4731
320 322
320 1964
320 628
321 322
321 323
322 1323
322 4846
322 2670
322 4888
323 324
323 4136
324 325
324 1265
324 2403
325 3962
325 1094
325 1497
326 327
326 328
327 328
327 329
328 329
328 2391
328 1893
328 614
329 330
329 1321
330 1576
330 694
330 3992
331 332
331 333
331 575
332 551
333 335
333 1223
333 2280
334 335
334 336
335 1547
335 2642
335 2362
336 338
336 2260
336 1321
337 339
337 2671
337 2567
338 339
338 340
338 835
339 4936
339 2302
339 2241
340 341
340 342
340 991
341 342
341 343
342 344
342 1655
343 345
343 4540
344 345
344 346
344 386
345 346
345 4688
345 2768
346 505
346 4413
347 348
347 349
348 349
348 350
348 2240
349 2272
349 501
349 3340
349 1309
349 3850
350 3070
350 2083
350 2025
351 352
351 4864
351 1415
352 353
352 4184
352 784
352 2687
353 4235
353 2133
354 355
354 356
355 3835
355 2581
356 357
356 631
357 359
357 2436
357 641
357 2181
358 359
358 360
358 3330
359 360
359 361
359 2566
360 2915
360 3628
360 2983
361 4408
361 1444
362 364
362 3575
362 3413
363 364
363 365
363 3059
364 366
364 570
364 884
364 1614
365 367
365 4281
365 765
366 367
366 368
366 2973
366 1567
367 369
367 2083
367 1183
368 369
368 370
368 2614
369 370
369 3470
369 2810
369 1750
369 3323
370 372
370 474
371 372
371 373
371 2513
372 373
372 2608
373 375
373 1862
373 499
374 1439
374 2842
375 376
375 1526
376 377
376 378
376 1438
377 378
377 2535
378 380
378 1178
379 380
379 381
379 3166
379 3408
380 381
380 2019
381 382
381 3634
381 4474
382 383
382 384
382 2942
383 2420
383 1461
384 385
384 386
384 2456
385 387
385 2153
386 388
387 4960
387 2677
387 3224
388 4383
388 2837
389 391
389 1383
389 537
390 391
390 1783
391 392
391 2482
391 2727
391 505
391 4217
392 393
392 394
392 1531
392 1770
393 395
393 3460
394 395
394 2907
395 396
395 1406
395 2217
396 4509
396 1548
396 444
397 399
398 399
398 400
399 401
399 4296
399 1429
399 2772
399 3696
399 4302
400 1360
400 4582
401 402
401 667
402 4067
402 2465
402 4282
402 1992
402 2338
403 404
403 405
404 405
404 3739
405 1742
405 2971
405 3680
406 3994
406 3976
407 409
407 2683
408 409
408 410
409 410
409 411
410 412
410 4511
410 3689
410 441
411 412
411 413
411 4679
412 413
412 3161
412 4585
413 1227
413 1594
414 416
414 2733
415 416
415 4824
415 677
416 417
416 418
416 3641
417 3989
417 929
418 419
418 1730
418 2273
419 421
419 3200
420 422
420 1056
420 1648
421 422
421 423
421 784
421 4436
422 423
422 1692
422 1410
423 425
423 2524
424 585
424 2829
424 874
424 3452
425 3755
425 2027
425 3778
426 427
426 4641
427 1317
427 4812
427 4545
428 429
428 3971
428 2349
429 430
429 4921
429 3023
430 3784
430 4973
431 433
431 4305
431 2199
432 434
432 3799
433 434
433 1843
434 4941
434 1727
434 4031
435 436
435 4549
435 1461
436 438
436 649
436 1611
436 932
436 1245
437 439
437 3180
437 3163
438 439
438 440
438 3777
439 740
439 2216
439 1424
440 441
441 442
442 443
442 3412
442 4280
443 444
443 445
444 445
445 447
445 2150
445 2068
445 4068
446 447
446 1215
446 1379
447 449
447 3184
448 449
448 2398
448 1416
449 450
449 451
450 452
450 2010
450 4086
451 453
451 1487
451 2190
452 453
452 454
452 4818
453 454
453 1299
453 3718
454 456
454 2972
455 456
455 457
455 1000
455 4146
456 457
456 458
456 2979
457 459
457 2714
458 1902
458 3726
458 1741
459 3502
459 486
460 461
460 4600
461 4256
461 2732
462 2263
462 2909
462 3533
462 907
463 465
463 4354
463 1418
464 4167
464 1532
464 1203
464 4053
465 4656
465 2506
465 3836
466 467
466 2493
466 1237
467 3125
467 3851
468 470
468 1612
469 470
469 471
469 2673
470 471
470 472
470 1668
470 3187
470 4190
471 472
471 473
471 3039
472 474
472 565
472 4209
473 474
473 475
474 1886
474 4157
474 2902
475 4453
475 3162
476 477
476 478
476 500
476 4425
477 479
477 4407
478 480
478 1276
478 2345
479 481
479 3364
480 482
480 514
480 4490
481 482
481 2011
482 484
482 4380
483 484
483 3371
483 4992
483 3880
484 804
484 3015
484 2023
484 2220
484 4799
485 2639
485 724
485 2558
486 1951
486 4981
486 4359
486 4188
487 488
487 4319
488 489
488 1015
488 3814
489 491
489 3263
489 4560
490 4782
490 635
491 492
491 4579
492 1896
492 1223
493 494
493 495
493 1364
493 3006
493 3475
494 495
494 496
494 2864
495 496
495 497
496 498
496 2869
497 498
497 1621
497 3157
497 3471
498 1295
498 4772
498 2540
498 1586
499 501
499 507
499 602
499 2697
500 736
500 3209
501 3722
501 4073
502 504
502 4518
503 505
503 3871
503 1570
503 1968
503 2489
503 4567
504 1368
504 1044
504 2554
505 506
505 507
505 1194
506 507
506 799
507 508
507 742
508 510
508 3703
508 4881
509 510
509 3351
510 511
510 1509
510 1377
511 3979
511 4128
511 4541
512 513
512 811
512 4191
512 1015
513 3980
513 661
514 516
514 1726
514 1936
515 516
515 2399
515 2499
515 1304
516 518
516 3263
517 3311
517 4552
517 3580
518 520
518 1587
519 521
519 2609
519 707
519 3736
519 4721
520 521
520 2087
520 3504
520 4927
521 523
521 3667
522 524
522 4721
522 946
522 1389
523 525
523 4002
523 3631
524 525
524 526
525 527
525 1710
525 2209
526 527
526 2613
526 4795
527 528
527 3027
528 529
528 2305
529 4334
529 1083
530 531
530 532
530 909
531 532
531 533
532 533
532 534
533 535
533 3404
534 535
534 3107
535 536
535 2314
535 2395
535 4786
535 2362
536 537
536 538
537 538
537 4729
538 2407
538 4628
539 541
539 2100
539 2735
540 542
540 4009
541 3594
541 3107
542 543
542 544
542 1131
542 2931
543 545
543 4850
544 546
545 3078
545 4428
545 828
546 4070
546 2022
547 549
547 2841
548 550
548 2305
548 2151
549 3245
549 1570
549 2396
550 551
550 3608
550 4078
550 4361
551 552
551 2117
551 990
552 553
552 554
552 1479
552 4761
553 554
553 3354
553 2163
554 4553
554 996
554 991
555 557
555 2594
556 2939
556 1624
556 4145
557 559
557 3480
557 3043
557 4635
558 559
558 560
559 561
559 3368
559 685
559 3639
559 4243
560 562
560 3560
561 563
562 563
562 3644
563 3833
563 3992
563 2619
564 565
564 1829
564 3312
565 567
565 632
565 2646
566 567
566 568
566 2895
566 3750
566 4121
567 568
568 569
568 1335
568 1313
568 4106
569 571
569 3028
569 961
570 999
570 1448
571 572
571 4712
571 4190
572 573
572 3683
572 2015
573 3587
573 3910
573 3553
574 576
574 1733
574 3732
575 4169
575 920
576 577
576 578
576 2302
576 2322
577 578
577 579
577 2369
577 604
578 579
578 580
578 2340
579 581
579 2154
580 582
580 2084
581 583
581 3459
581 1990
582 584
582 2755
583 584
583 3658
584 4708
584 1780
585 586
585 587
586 976
586 4642
587 588
587 885
587 4233
587 4920
588 4421
588 2840
588 2648
589 1939
589 4038
590 591
590 592
590 4796
591 592
591 593
591 1499
592 594
592 4061
593 4892
594 595
594 596
594 3165
594 3532
595 596
595 3209
596 598
596 1896
596 3638
597 599
597 1448
597 1682
598 599
598 1388
598 3842
599 979
599 4265
599 1264
600 993
600 2297
600 612
601 602
601 603
602 3110
603 604
603 605
603 814
603 1163
604 605
605 606
605 4414
606 4263
606 2421
606 3326
606 3922
606 4202
606 1284
607 609
607 733
608 609
608 610
609 610
609 4380
610 611
610 612
610 2709
611 612
611 613
611 3976
612 1898
612 1735
613 614
613 615
613 4367
614 615
615 616
615 617
615 2311
615 645
616 617
616 3062
616 4810
616 2154
617 618
617 619
618 619
618 620
619 620
619 1251
620 621
621 3977
621 856
621 2297
622 624
622 1416
622 2177
622 2373
623 625
623 1153
623 1685
624 2741
624 4784
624 2201
625 627
625 2556
626 627
626 628
626 2504
627 629
627 3673
627 3920
628 3619
628 2463
629 630
629 631
629 1444
629 2409
630 2501
630 1791
630 2310
630 3468
630 1826
631 632
631 633
632 633
632 1908
632 3709
632 4133
633 634
633 3820
634 3925
634 4499
635 637
635 4432
635 1337
635 3421
635 4798
636 637
636 4659
636 3497
636 3411
637 638
637 2315
638 639
638 640
639 3699
639 1660
639 1960
640 641
640 642
641 643
642 643
642 644
642 2082
642 4592
642 987
643 645
643 3272
644 646
644 4049
645 646
645 2181
645 2429
646 647
646 1145
646 720
647 648
647 1314
647 4799
647 1547
647 1357
648 649
648 650
648 2573
649 673
649 4381
649 2917
650 651
650 652
651 652
651 1756
652 653
652 654
652 4986
652 1603
652 4245
653 654
653 655
654 655
654 2578
654 682
655 656
655 1388
656 658
656 2316
656 1933
657 658
657 3138
657 1105
657 1118
658 660
658 2177
658 4237
658 4699
659 660
659 661
659 1369
659 4155
660 662
660 1484
660 4270
661 973
661 4748
662 663
662 706
663 3473
663 4851
664 666
664 3656
664 2934
665 666
665 667
665 4273
666 667
666 668
666 4629
667 668
667 669
667 1302
668 670
668 2392
668 1583
668 2948
669 670
669 671
669 739
669 4643
670 671
670 1524
671 673
671 3417
671 3510
672 674
672 3156
672 4660
673 3618
673 4161
673 2934
674 675
674 676
674 4347
675 677
675 2796
675 2896
676 678
676 4995
677 4982
678 680
678 4297
678 845
678 1718
679 680
679 3081
680 682
680 4496
680 1334
681 682
681 3056
681 1526
681 4607
682 683
682 684
683 684
683 1239
684 685
684 686
684 4413
685 4569
685 3725
685 2039
686 2271
686 4636
686 4679
687 689
687 3791
687 1275
688 689
688 1794
688 1571
689 690
689 4854
690 691
690 692
690 2041
690 1984
691 692
691 693
692 693
692 2179
693 3543
693 3147
693 1022
693 2264
694 1636
695 696
695 697
695 2378
696 697
696 4037
697 698
697 699
698 700
698 4693
699 1144
699 4568
699 2217
699 1273
699 2072
699 2765
699 4832
700 701
700 3124
700 1881
700 2647
701 2146
701 3457
701 2608
702 704
702 4514
702 1471
703 893
703 1277
703 2255
704 2292
704 3522
704 2986
704 2555
705 707
705 3335
705 3231
706 1642
706 3478
706 4649
706 3227
706 1261
707 709
707 4659
708 709
708 710
708 763
708 2074
709 3783
709 2583
709 4240
710 712
710 2247
710 3037
711 2135
711 1300
711 1905
712 1599
712 2099
713 3730
713 2892
713 1961
714 715
714 716
714 1694
714 3882
715 3910
715 1878
715 3934
716 717
716 729
716 3134
717 718
717 4990
717 3287
717 4475
718 719
718 720
718 4572
719 721
719 2272
719 4011
719 2208
720 721
720 3255
720 4010
720 2711
720 4891
721 722
721 723
722 723
722 724
723 724
723 725
724 725
724 726
724 3781
725 726
725 1281
726 3726
726 3131
727 729
727 4382
728 729
728 730
728 2069
729 731
729 1469
729 2810
730 731
730 732
730 3797
731 732
731 733
732 734
732 3189
733 735
733 999
734 735
734 2594
734 766
735 736
735 737
735 925
735 3285
736 1268
737 738
737 4512
737 1721
737 2366
738 739
738 740
738 2432
739 741
740 741
740 4255
741 742
741 743
742 2528
742 1920
742 2648
743 744
743 3022
744 745
744 746
744 3450
745 747
745 4415
745 1591
745 3133
745 843
746 747
746 2994
746 3993
747 749
747 915
748 749
748 750
748 2766
749 751
749 4774
750 751
750 752
751 752
751 753
751 2418
751 3333
752 753
752 754
752 1462
753 754
753 755
753 3251
753 4472
754 755
754 756
755 756
755 3477
755 4466
755 4463
756 757
756 758
757 759
757 1949
757 2455
757 1608
758 4861
758 2286
758 1253
759 760
759 761
759 2350
760 761
760 3790
760 1903
760 3623
761 2521
761 2677
761 2937
761 4110
762 763
762 4817
763 765
763 3403
763 3571
764 4591
764 4502
764 1875
765 4899
765 4539
766 767
766 2795
767 769
767 2158
768 769
768 4242
769 770
769 771
769 935
770 771
770 1602
771 772
771 4701
771 2522
772 773
772 774
772 4128
773 4250
773 1320
773 3416
774 776
774 1241
774 4043
775 4708
775 2226
775 3994
776 777
776 778
777 779
777 4350
777 1209
778 4257
778 1558
778 2961
779 781
779 2407
779 1289
780 781
780 782
780 1668
781 783
781 1220
781 1423
781 3253
781 1018
782 783
782 800
783 785
783 3082
784 786
785 787
785 2510
785 1823
785 4832
786 788
786 2290
786 4946
787 789
787 3726
788 3912
788 3559
788 4274
789 790
789 791
789 4120
790 791
790 792
791 792
791 793
792 793
792 794
792 2676
793 794
793 795
793 4427
794 795
794 796
794 821
794 2439
795 796
795 797
795 2314
795 4040
796 797
796 798
796 2891
797 798
797 799
798 800
798 1408
798 3483
799 800
799 3896
800 801
800 802
801 803
801 1306
801 2161
801 2932
802 2303
802 3228
802 1027
802 2104
803 804
803 2004
803 2201
803 3083
804 806
804 4307
804 3645
805 807
805 1971
805 4028
805 4911
806 808
806 3695
806 1896
806 3973
806 4758
807 808
807 2896
807 3180
808 809
808 810
808 2837
809 810
809 2838
810 3369
810 2218
811 813
811 1526
812 813
812 814
813 815
813 3813
813 4956
813 1406
813 4960
814 815
814 4996
815 1928
816 818
816 1809
817 818
817 819
817 1641
818 3787
818 4517
818 3494
819 820
819 3263
819 1671
820 3352
820 2210
821 1597
821 3698
822 823
822 2368
822 4777
822 3322
822 4311
823 825
823 4458
823 3004
824 825
824 826
824 4004
824 4744
824 2807
824 4264
825 1870
825 966
825 3226
825 4957
825 4587
825 995
826 828
826 1736
826 1891
827 829
827 4508
827 4616
827 4853
828 2218
828 3460
829 831
829 1721
829 2506
830 831
830 832
831 832
831 833
831 1208
831 2119
831 2945
831 3114
831 3338
831 1546
831 3988
832 833
832 834
832 2425
833 835
833 3786
833 4823
833 971
834 4383
834 4624
835 4161
836 837
836 1710
836 3471
837 839
837 4615
838 840
839 841
840 841
840 2410
840 2356
840 2769
841 842
841 843
841 2222
841 2925
841 3553
842 843
842 844
842 3372
843 844
843 4507
844 845
844 846
845 847
845 2614
845 1509
846 847
846 848
847 848
847 882
848 850
848 3856
849 850
849 4314
849 3868
850 851
850 852
850 1045
851 853
851 3306
851 4741
852 853
852 854
853 855
853 3921
854 856
854 4748
854 4842
855 856
855 4975
855 1706
856 1637
856 4697
856 3046
857 859
857 3038
858 859
858 860
858 999
858 3029
859 4590
859 3947
860 861
860 3573
861 862
861 3140
862 864
862 4398
862 2360
862 2874
862 2643
863 865
863 3667
863 3121
863 4726
864 865
865 866
865 931
865 2497
865 4400
865 4900
866 867
866 868
866 2377
867 891
867 3757
867 942
867 1489
868 869
869 870
869 1644
870 871
870 1747
870 1491
871 872
871 1586
871 4271
871 4619
872 873
872 874
873 874
873 2372
873 2696
873 1086
874 1704
874 3622
874 2435
875 3325
875 4655
875 1811
876 4112
876 2860
876 4338
877 879
877 3586
878 1462
878 1036
878 3161
878 1485
879 880
879 881
879 1174
880 881
880 2110
880 2860
881 882
881 1599
882 883
882 884
883 885
883 1841
883 2056
884 886
885 4254
885 3375
886 4435
886 1805
887 888
887 889
887 1313
888 889
888 890
888 4778
889 891
889 3566
890 891
890 4525
890 4165
890 2212
890 4317
891 4510
891 1982
891 3874
891 1342
892 894
892 2321
892 4721
893 3536
893 4447
894 2374
894 2515
894 2224
895 897
895 2257
896 897
896 2580
897 898
897 899
897 2858
898 899
898 4223
899 901
899 3141
900 902
900 4381
900 2657
901 902
901 903
902 903
902 1355
903 904
903 4996
904 906
904 4017
905 2966
905 4274
906 907
906 4222
907 3195
908 2830
908 1979
909 910
909 2847
910 911
910 912
910 1617
911 912
911 913
911 3578
912 914
912 1852
913 1389
913 4347
914 916
914 1244
914 1188
915 916
915 917
915 2986
916 917
916 918
917 919
917 2850
918 919
919 921
919 3471
920 922
921 923
921 1398
921 2078
922 2517
922 1307
922 2393
923 925
923 3307
924 925
924 926
924 2195
924 2015
925 927
926 927
926 4845
927 929
927 2967
928 4746
928 4555
929 3196
929 1004
930 932
930 2842
931 933
932 1478
932 3966
932 4474
933 934
933 3237
933 3883
934 935
934 936
935 3216
936 937
936 2644
937 938
937 939
938 940
938 4599
938 2659
939 940
939 1570
939 3712
939 4704
940 942
940 3091
940 3294
941 943
941 1036
941 1738
942 943
943 944
943 945
944 4325
945 947
945 2764
945 2030
946 948
946 3508
947 948
947 949
947 2012
948 4272
948 1018
948 4353
948 3284
949 950
949 951
949 4292
949 3495
950 1796
950 2604
951 952
951 953
952 954
952 961
952 4527
952 4564
953 954
953 4740
954 955
954 956
955 957
955 3621
955 3135
956 957
956 958
956 3704
956 1352
957 958
957 959
957 1154
957 4005
958 2284
958 1368
958 3648
959 960
959 1305
959 2478
960 961
960 962
960 3751
961 2676
962 963
962 1010
962 1275
963 964
963 1081
963 2182
964 965
964 966
964 3125
965 967
965 2489
966 2997
966 3444
966 3898
966 1276
967 969
967 1809
967 1490
968 970
968 3384
969 971
969 2813
970 971
970 3053
970 4785
971 972
971 3884
971 4925
972 975
972 1790
972 2266
973 974
973 975
974 4541
974 2949
974 2595
975 976
975 977
975 4939
975 2831
976 999
976 1879
976 3924
977 978
977 979
977 2464
978 980
978 4716
979 980
979 981
979 3567
980 981
980 982
981 982
981 3288
981 2790
982 984
982 4018
983 984
983 985
983 1020
983 1092
984 985
984 986
984 4919
985 987
985 4716
986 987
986 2082
986 2203
987 988
987 3467
988 989
988 990
988 3896
988 3945
989 2380
989 3277
990 991
990 2901
990 2730
990 4267
991 2640
991 3899
991 1965
991 2246
992 994
992 3142
993 994
993 995
993 1578
994 996
994 3434
994 2401
994 2623
995 996
995 1362
995 3176
996 4481
996 4425
997 1797
997 1599
998 999
998 1076
998 4533
998 3952
999 1909
1000 1002
1000 3954
1001 4691
1001 3221
1001 3938
1002 1003
1002 2658
1003 1004
1003 4999
1003 2215
1004 2632
1004 2946
1004 1085
1005 1006
1005 1007
1005 3711
1006 1007
1006 3363
1006 3692
1007 1008
1007 1009
1008 1009
1008 3797
1009 1011
1009 1175
1009 2388
1010 1012
1011 1788
1011 3517
1012 2704
1012 1034
1012 1355
1012 2062
1012 2192
1013 1014
1013 1015
1014 1015
1014 3302
1015 3658
1015 4426
1016 4413
1016 1450
1017 1018
1017 1019
1019 1021
1019 4692
1019 2189
1019 4609
1020 1144
1021 1022
1021 1023
1022 3663
1023 1024
1023 2753
1024 1025
1024 1026
1025 2153
1025 1112
1025 1779
1026 1027
1026 1028
1027 1029
1027 3188
1027 1972
1028 1029
1029 1030
1029 1031
1029 4135
1029 4281
1030 1031
1030 1032
1030 2057
1031 1032
1031 4878
1031 3441
1031 4711
1032 1033
1032 2466
1033 3680
1033 2278
1034 1036
1034 3720
1034 4716
1035 4317
1035 1601
1035 2793
1036 2362
1037 1038
1037 1039
1037 3001
1038 1040
1039 1040
1039 1935
1039 1743
1040 1041
1040 1738
1040 3586
1041 1042
1041 3641
1042 1043
1042 2542
1043 1044
1043 1045
1044 1782
1044 3645
1045 1046
1045 1829
1045 1051
1046 1047
1046 1782
1047 1048
1047 1049
1047 4678
1048 3755
1048 1437
1049 1518
1049 2495
1050 1052
1050 2882
1051 1052
1052 1054
1052 3128
1052 3027
1053 1054
1053 2933
1054 1055
1054 4007
1054 3876
1055 4700
1055 4237
1056 1057
1057 1058
1057 3162
1058 1060
1058 3928
1059 1060
1059 4452
1060 1061
1060 2372
1061 1739
1062 3239
1062 2002
1063 1064
1063 1065
1064 1065
1064 1066
1064 2140
1064 2440
1065 1067
1065 1293
1066 2892
1066 3711
1066 1559
1067 1069
1067 4050
1067 3796
1068 1419
1068 4263
1069 1070
1069 1071
1070 2755
1070 4953
1071 1072
1071 1073
1071 3736
1072 1073
1072 3336
1072 4495
1072 2178
1073 1074
1073 1075
1073 1884
1073 2688
1074 1719
1074 4036
1075 1076
1075 1077
1076 4919
1077 1078
1077 1079
1077 1665
1078 3856
1078 2899
1079 1080
1079 1081
1080 1082
1080 3364
1081 3913
1081 2919
1082 1084
1082 1085
1082 4093
1083 1448
1084 1085
1084 1766
1084 3485
1084 3204
1084 4784
1085 1086
1085 1087
1086 3128
1087 2667
1087 4691
1088 2645
1088 1278
1088 1186
1089 1090
1089 1091
1090 4469
1090 1582
1090 3606
1090 4635
1090 2816
1090 4537
1091 1780
1091 2131
1091 4929
1092 3341
1092 2253
1093 1095
1093 4616
1094 1379
1094 3218
1095 1096
1095 1097
1096 4557
1097 1098
1097 1099
1097 2012
1097 2625
1098 1099
1098 1100
1099 2387
1100 1324
1100 4585
1100 2947
1101 1102
1101 3513
1101 3551
1101 3037
1102 1103
1102 4335
1102 4639
1102 1664
1102 4851
1103 1105
1103 4340
1104 1105
1104 1106
1104 4906
1105 1106
1105 1107
1105 1283
1106 1107
1106 1784
1107 2880
1107 2736
1107 2305
1108 1110
1108 3378
1109 1110
1109 3670
1110 1111
1110 1112
1110 2047
1111 1112
1111 3396
1112 3764
1112 1429
1112 4561
1113 1115
1113 1584
1114 1115
1114 1116
1114 1441
1115 1116
1116 1117
1116 1118
1117 1118
1117 2194
1117 2478
1118 1119
1118 3376
1119 1120
1119 2234
1119 3055
1119 3184
1120 1121
1120 1122
1121 1122
1121 1123
1121 2264
1122 1123
1122 4723
1122 1434
1123 2611
1123 3975
1123 3144
1124 1125
1124 4190
1125 1127
1125 4856
1126 1127
1126 1128
1126 2090
1127 4501
1127 3422
1127 2339
1128 1129
1128 1130
1129 2600
1129 4696
1129 4161
1130 1132
1130 2020
1131 1132
1131 1774
1132 1133
1132 1134
1132 1234
1133 3168
1134 1135
1134 1136
1134 4579
1135 1136
1135 1137
1135 3633
1136 1137
1136 2341
1137 1138
1137 2852
1137 1575
1138 2889
1138 2458
1138 3089
1139 2539
1139 1520
1139 3277
1140 1141
1140 1142
1140 2480
1141 1143
1142 1143
1142 1144
1142 3165
1143 1144
1143 1145
1143 2488
1143 3368
1144 1145
1144 1146
1144 1844
1144 3287
1145 3005
1146 1148
1146 3786
1147 1149
1147 3821
1148 1150
1148 4119
1148 2245
1148 1371
1149 2281
1149 3907
1149 2699
1150 1151
1150 1744
1150 1802
1151 1152
1151 1655
1151 3146
1151 4880
1152 1154
1152 1356
1152 3335
1152 4110
1153 1155
1153 4230
1153 4385
1154 1156
1154 1230
1154 2761
1154 3996
1155 1156
1155 1157
1155 2756
1155 3604
1156 1158
1156 2930
1156 4484
1157 1158
1157 3870
1157 1873
1157 4818
1158 1159
1158 1823
1159 1161
1159 1843
1160 1161
1160 4714
1161 1162
1161 1163
1161 2162
1162 1406
1163 1474
1163 3966
1163 4102
1164 1165
1164 3625
1165 1166
1165 4508
1166 1168
1166 2412
1167 1169
1167 1888
1168 3661
1168 2066
1168 1426
1169 2432
1169 4609
1170 1171
1170 1172
1171 1172
1171 2111
1172 1174
1172 3646
1173 2981
1173 3297
1173 3601
1174 1258
1174 2534
1175 2957
1175 3576
1175 2839
1176 1511
1177 1179
1177 1393
1178 1179
1178 1180
1179 1180
1179 3514
1179 3484
1180 1181
1180 4233
1181 1182
1181 3431
1181 4382
1181 2897
1181 1270
1182 1183
1182 4505
1183 1185
1184 1185
1184 1186
1184 1294
1184 4157
1185 1186
1185 2252
1186 2090
1186 1792
1186 1602
1187 1494
1187 2070
1188 2715
1188 1477
1189 1190
1189 1965
1189 1904
1190 2112
1190 3683
1191 1192
1192 1193
1192 1194
1192 2899
1193 1194
1193 3255
1193 2972
1195 1591
1195 4125
1196 1197
1196 1198
1196 3944
1197 1198
1197 1199
1198 1200
1198 3194
1198 4152
1199 1200
1199 1201
1200 1201
1200 4238
1201 1828
1201 2509
1202 1203
1202 3662
1202 1385
1203 1205
1203 4312
1204 1795
1204 3076
1205 1207
1205 2792
1206 3065
1206 4371
1206 2960
1207 1209
1207 4400
1207 2586
1207 3447
1208 1210
1208 3814
1208 1625
1209 3443
1210 1212
1210 2431
1210 4829
1211 2015
1211 4516
1211 1691
1212 1214
1212 2772
1212 4263
1212 4873
1213 1215
1213 1986
1213 1596
1214 1216
1215 4669
1215 4696
1216 1217
1216 1218
1217 1218
1217 4684
1217 3126
1218 4986
1218 1248
1218 2417
1218 2185
1219 1220
1219 1221
1220 1222
1220 4203
1221 1222
1221 1223
1222 1224
1222 3862
1222 4225
1222 1281
1223 1224
1223 1439
1223 4051
1224 1225
1224 3594
1225 1227
1225 1233
1225 4336
1226 1227
1226 1228
1226 3458
1227 1228
1227 1229
1227 4232
1227 2010
1228 1229
1228 4455
1229 1231
1229 1289
1229 3918
1230 4217
1230 2247
1231 1232
1231 3774
1231 3043
1232 1233
1232 1234
1232 1827
1233 1966
1233 2544
1233 4667
1234 1236
1235 1237
1235 4340
1236 1237
1236 2328
1236 3710
1237 1239
1237 3139
1237 4645
1237 4208
1238 1239
1238 1240
1239 1240
1239 1491
1240 1242
1240 4468
1241 1243
1241 2699
1242 1244
1242 4549
1242 1658
1243 1245
1243 2011
1243 2278
1243 3805
1244 1245
1244 1246
1244 3107
1244 3893
1245 3552
1245 3449
1246 1247
1246 3102
1247 1249
1248 1352
1249 1250
1249 2134
1250 1251
1250 1252
1251 1252
1251 1253
1251 2098
1252 1253
1252 1254
1253 1254
1253 1255
1253 3939
1254 2912
1255 1257
1255 2160
1256 1257
1256 1835
1256 3271
1257 1259
1257 1805
1258 3833
1258 4553
1259 1260
1259 1261
1259 3964
1260 1261
1260 1262
1261 1262
1262 1264
1262 3376
1262 4485
1262 2843
1263 1264
1263 1265
1263 1552
1264 1265
1265 1266
1265 1267
1266 1267
1266 3209
1267 1268
1267 1269
1267 4233
1268 1269
1268 1567
1268 3977
1269 1271
1269 1970
1270 2513
1271 1684
1271 3926
1271 4409
1272 1273
1272 1274
1272 4871
1273 1274
1273 1757
1274 1275
1274 1621
1275 2005
1275 1866
1276 1278
1276 3999
1277 1279
1277 4009
1278 4750
1278 2042
1279 1281
1279 2434
1279 1868
1280 1281
1280 3776
1280 4582
1280 2872
1281 1282
1282 1283
1282 1284
1282 4756
1283 1285
1283 2788
1283 4554
1285 1286
1285 1287
1285 4139
1286 1288
1286 3385
1286 2054
1286 4015
1287 1288
1287 1289
1287 4555
1287 4708
1288 3266
1288 3289
1288 4567
1288 1855
1288 2064
1289 1290
1289 1845
1290 1292
1290 3111
1290 3103
1290 4222
1291 3189
1291 1831
1292 1293
1292 1294
1292 1981
1292 1465
1293 1294
1293 2352
1294 1296
1295 1296
1295 1297
1295 2898
1295 4295
1296 1297
1296 1298
1297 1298
1297 1299
1297 3343
1298 1299
1298 2939
1299 1301
1299 4757
1300 2542
1301 1302
1301 4759
1302 1975
1302 2676
1303 1304
1303 2341
1303 3842
1304 1306
1304 1545
1305 1915
1306 1307
1306 1308
1306 3009
1306 1350
1307 2783
1307 2988
1308 1310
1308 3623
1309 1310
1309 3734
1310 1311
1310 1312
1311 1313
1311 2734
1311 2909
1312 1313
1312 2815
1313 1314
1314 1316
1315 1316
1316 1317
1316 1318
1317 4853
1317 1381
1318 1319
1318 4491
1318 3565
1319 1320
1319 1321
1319 3639
1320 1321
1320 1322
1320 2334
1320 2612
1321 2176
1321 4354
1322 4042
1322 3209
1322 3183
1323 1324
1323 1325
1324 2023
1324 4777
1324 3490
1325 1327
1326 1328
1326 3935
1326 1804
1327 1329
1327 3712
1327 2717
1327 3306
1327 3468
1328 3495
1328 4803
1329 1330
1329 3404
1329 4834
1329 4200
1330 1331
1330 1332
1330 1874
1331 1332
1331 1333
1331 1463
1331 4108
1332 1333
1332 1334
1332 2825
1332 3614
1332 4015
1332 1791
1333 1334
1333 1335
1333 1749
1333 3256
1334 1335
1334 4111
1335 1337
1336 1337
1336 4606
1336 2231
1337 1338
1337 1370
1337 3701
1337 4123
1338 1734
1339 1341
1339 4863
1340 1341
1340 1342
1341 4877
1341 3404
1342 4457
1342 3293
1343 1344
1343 1345
1344 1345
1344 1843
1345 1346
1345 4349
1346 1348
1346 1753
1347 1348
1347 4019
1347 3390
1348 4504
1348 4638
1349 2852
1349 4720
1350 3162
1351 1352
1351 4577
1352 1353
1353 1355
1353 3578
1353 4791
1354 1355
1354 3011
1355 3372
1355 4824
1356 1427
1356 2020
1356 3369
1357 1358
1358 1359
1358 1360
1358 4498
1359 1361
1359 3240
1360 1361
1360 4379
1360 4621
1361 4026
1361 2830
1361 3617
1362 1364
1362 2644
1362 4154
1363 1364
1363 1365
1363 2638
1363 3945
1364 3919
1364 2106
1365 1367
1365 2011
1365 3391
1366 1706
1366 4843
1367 2485
1367 2097
1368 3102
1368 2803
1368 2878
1368 3435
1369 1370
1369 2180
1370 3355
1371 1985
1371 3929
1371 4821
1372 1373
1372 3479
1372 3620
1372 3642
1373 3165
1373 3521
1373 2213
1374 1375
1374 1376
1375 1377
1375 3382
1375 2599
1375 4350
1376 2464
1376 4033
1376 4531
1377 1378
1377 1379
1378 3982
1378 4447
1378 4317
1378 2204
1379 3308
1379 2431
1379 4171
1379 2070
1379 1755
1380 1381
1380 1382
1380 1574
1380 1634
1380 2095
1381 1382
1381 3972
1381 2107
1382 1383
1382 3115
1382 3978
1383 1384
1383 1385
1383 1637
1384 1385
1384 1386
1385 1386
1385 2830
1386 1387
1386 1763
1386 2438
1387 4467
1387 3240
1387 2553
1388 1390
1388 2907
1389 1390
1389 2906
1390 1647
1390 2557
1391 1392
1391 1393
1392 1393
1392 2573
1392 4955
1393 2400
1393 4385
1393 3508
1394 1396
1394 2468
1394 2530
1395 1396
1396 1398
1396 1531
1397 1398
1397 1399
1398 1400
1398 2619
1399 1400
1399 3073
1400 3508
1400 2027
1400 3397
1401 2119
1401 2623
1402 1404
1402 4565
1403 2840
1403 4064
1403 4945
1403 1417
1404 3225
1404 2950
1404 4929
1405 1406
1405 1407
1405 3098
1406 4448
1407 1408
1407 1409
1407 2742
1408 1409
1408 2378
1409 1410
1409 1411
1410 1411
1411 3217
1411 4325
1412 1453
1412 2017
1412 3568
1413 1415
1413 2742
1413 2265
1414 1415
1415 1416
1415 1724
1416 2618
1416 3197
1417 1418
1418 1419
1418 4687
1418 1715
1419 2562
1419 3669
1419 4646
1420 1421
1420 1422
1421 1422
1421 3196
1421 2385
1422 1806
1422 2433
1422 4453
1422 4613
1423 2903
1423 3024
1424 1425
1424 1426
1425 1427
1425 3958
1425 2792
1425 3273
1426 2903
1426 2510
1426 3273
1427 1428
1427 1429
1427 3243
1428 1429
1428 1430
1429 1650
1430 1432
1430 1601
1431 1432
1431 3223
1431 2734
1432 1433
1432 1434
1433 1435
1433 4566
1434 1435
1435 1437
1435 2942
1436 1438
1436 2917
1436 1544
1436 2928
1437 4147
1437 4227
1437 2273
1438 1439
1439 1440
1439 1441
1440 1442
1440 2318
1441 3664
1442 1444
1442 3833
1443 1444
1443 1445
1443 3414
1443 2561
1444 1867
1445 1446
1445 3857
1446 1448
1446 4134
1446 4641
1447 1449
1447 3691
1447 3718
1447 4748
1448 3017
1448 2885
1448 2981
1449 1450
1449 2635
1449 1871
1449 4183
1450 1452
1450 3955
1450 4253
1450 2019
1451 1453
1451 1924
1451 4707
1452 1453
1452 1454
1452 4827
1453 1454
1453 2303
1453 3444
1454 1455
1454 1456
1454 4946
1454 4951
1454 3927
1455 1456
1455 1457
1456 1457
1456 2125
1456 3623
1456 2118
1456 2599
1457 3006
1457 4457
1457 1609
1458 1459
1458 4797
1458 4629
1459 1461
1459 2237
1459 2718
1459 4137
1460 4654
1460 3713
1460 3354
1461 3295
1462 4420
1462 2617
1463 1465
1463 4909
1463 4599
1464 1465
1464 1466
1465 2926
1465 4072
1466 1468
1466 2060
1466 2441
1467 1468
1467 1789
1468 4295
1468 3337
1468 3677
1469 1470
1469 1471
1470 1471
1470 1797
1471 3154
1471 2875
1472 1474
1472 2846
1472 4509
1473 1474
1473 1475
1473 4891
1473 3957
1474 3206
1474 1524
1474 2354
1474 3936
1474 3644
1475 1477
1475 2111
1475 1772
1475 3757
1476 1477
1476 4363
1476 2894
1477 1478
1478 1480
1478 3451
1478 2967
1478 4567
1479 1853
1479 2085
1480 1481
1480 1590
1480 4346
1481 1482
1481 3624
1481 2990
1482 1483
1482 1484
1482 3653
1483 1485
1483 4246
1484 1486
1484 1708
1485 1486
1485 3264
1485 3534
1485 4465
1486 1487
1486 1488
1487 1488
1487 1489
1487 2846
1488 4110
1488 3132
1488 4897
1488 1746
1489 1490
1490 1492
1490 1545
1491 1493
1491 2755
1492 1493
1492 1494
1492 1802
1492 3851
1492 2955
1493 1495
1493 2632
1493 4601
1494 1495
1494 2688
1495 1552
1495 3218
1495 4972
1496 1497
1496 2924
1496 2372
1496 2423
1497 2998
1497 1842
1498 3249
1498 1751
1499 1500
1499 4067
1500 4365
1500 3679
1501 1502
1501 4783
1502 1503
1502 1504
1502 3880
1503 1504
1503 1774
1503 3245
1503 3382
1504 1506
1504 2770
1504 4766
1505 1506
1505 1507
1505 2077
1506 1508
1507 1508
1508 1509
1508 1510
1508 1666
1508 3384
1508 3627
1510 2594
1510 3505
1510 1995
1511 1512
1511 1513
1512 1513
1512 2587
1513 2635
1514 1515
1514 1516
1515 1516
1515 3415
1516 1517
1516 1518
1516 3971
1517 1518
1517 1519
1517 4275
1518 1519
1518 1520
1519 1520
1519 3804
1519 3808
1519 3044
1520 1521
1520 1754
1520 3092
1520 4335
1521 1522
1521 1523
1521 4774
1522 1523
1522 2863
1523 1525
1523 4998
1523 3499
1524 1526
1524 4117
1525 1527
1525 3549
1525 2774
1525 4602
1526 1527
1527 1528
1527 3506
1527 2144
1528 1529
1528 1530
1529 1530
1529 1531
1530 1531
1530 1532
1530 4611
1531 1532
1532 1534
1532 2505
1533 1534
1533 1535
1534 1535
1534 1536
1534 2730
1535 1537
1535 3664
1535 2346
1535 4944
1536 1537
1536 1538
1537 1538
1537 1539
1537 3813
1538 1539
1538 1540
1538 4126
1538 1558
1538 2568
1539 1540
1539 2239
1539 1624
1539 2325
1540 1541
1540 1542
1541 1542
1541 1543
1542 1543
1542 1544
1543 1545
1543 4402
1544 3757
1544 3759
1544 2531
1545 1547
1545 3463
1545 1967
1546 2617
1547 1548
1547 2336
1547 4409
1548 1549
1548 4996
1548 2497
1548 4279
1549 1550
1549 1551
1549 3013
1550 1551
1550 1552
1551 1552
1551 1553
1552 1728
1553 2326
1553 2570
1553 4788
1554 4750
1555 1556
1555 1557
1556 4065
1556 4146
1557 1559
1557 4303
1558 1559
1559 3914
1559 2670
1560 1562
1560 3203
1561 1562
1561 1563
1562 1564
1562 1909
1563 1565
1563 3945
1564 1566
1564 2013
1564 4228
1565 1567
1565 1607
1565 2270
1566 1568
1566 2819
1567 1568
1567 2085
1567 4521
1568 1569
1568 1570
1569 1570
1569 1571
1569 2177
1569 3763
1570 1572
1570 3386
1571 1572
1571 1573
1572 1573
1572 1574
1572 2643
1572 4244
1573 1575
1573 4346
1574 1576
1575 2180
1575 2470
1575 3121
1576 1577
1576 4166
1576 3652
1577 1579
1577 2744
1577 2723
1577 4546
1579 1581
1579 3273
1579 3941
1580 1581
1580 1582
1580 3772
1581 1582
1581 1583
1582 1584
1582 4172
1582 4258
1583 1585
1584 1585
1584 4339
1584 1807
1585 2900
1585 4386
1585 3469
1586 3248
1587 2392
1587 4108
1588 1590
1588 3032
1588 3559
1589 1591
1589 3186
1590 1592
1590 3901
1590 3952
1590 3344
1590 4837
1591 1593
1591 4540
1591 2756
1591 4277
1592 1593
1592 1594
1592 3462
1593 1594
1593 4588
1594 1596
1594 4909
1594 2358
1595 1596
1595 1597
1596 1597
1597 1598
1597 3700
1597 3252
1598 1599
1598 1600
1598 3748
1599 1600
1599 1601
1600 1602
1600 3555
1600 2062
1600 4371
1601 1603
1601 4198
1602 1603
1602 4298
1603 1604
1604 1605
1604 1606
1604 4286
1605 1606
1605 1607
1605 4967
1605 4159
1606 1607
1607 1608
1607 1649
1608 1609
1608 3241
1608 1745
1609 1610
1609 1611
1609 4917
1610 1611
1610 1612
1611 2250
1611 2991
1611 4867
1612 1682
1612 3905
1612 2140
1612 4617
1613 1615
1613 2005
1613 3646
1613 4298
1614 1616
1615 3975
1616 2102
1616 3162
1617 1619
1618 3339
1618 2706
1619 1621
1619 4851
1619 3345
1619 2474
1620 2867
1620 3643
1621 1623
1622 1623
1622 2369
1623 1624
1623 4219
1623 3192
1623 4445
1624 1625
1625 1626
1626 1627
1627 1628
1627 1717
1628 4163
1628 4360
1628 1976
1629 2472
1629 4404
1629 4288
1630 1631
1630 1632
1630 3030
1630 3668
1630 2893
1631 1632
1631 2518
1632 1634
1632 4945
1633 1635
1633 2333
1634 1636
1635 2755
1635 3733
1636 4600
1636 4722
1637 4481
1638 1639
1638 1640
1639 1640
1639 1641
1640 1642
1640 3435
1641 1642
1642 2979
1642 2188
1643 1644
1643 1645
1644 1645
1644 1646
1645 1647
1645 4662
1646 1648
1646 3048
1646 3221
1647 1648
1647 4177
1647 3438
1648 2436
1648 2590
1649 1650
1649 3467
1650 4429
1651 1652
1651 2005
1652 3742
1652 1979
1652 2111
1652 3753
1653 1654
1653 1655
1654 1656
1654 3277
1655 1657
1655 2231
1656 1658
1656 2945
1657 1658
1657 1659
1657 2307
1658 2461
1659 1660
1659 1661
1660 1661
1660 1662
1661 1662
1661 1780
1662 1663
1662 2767
1663 1664
1663 4519
1664 3818
1664 2764
1665 2237
1665 3305
1665 4677
1665 4964
1666 1667
1667 1668
1667 1669
1669 1671
1669 1827
1669 2519
1670 1671
1670 1672
1670 3493
1671 3477
1671 3649
1672 1673
1672 1674
1673 1675
1673 1798
1673 4340
1673 4886
1674 1676
1674 3571
1675 2698
1675 2701
1675 3832
1676 4667
1676 4971
1677 1678
1677 1679
1677 1848
1678 1679
1678 1680
1679 1680
1679 1681
1679 2424
1679 3359
1679 3806
1679 3839
1680 1682
1680 1924
1681 1682
1681 4346
1681 3506
1682 3058
1682 1722
1683 1684
1683 1685
1683 4014
1684 1686
1684 3340
1685 1687
1686 1687
1686 1688
1687 1688
1687 1689
1687 2369
1687 2839
1687 4498
1688 1689
1688 1690
1689 1690
1689 4545
1689 2487
1689 2780
1690 1691
1690 2056
1690 3566
1691 1693
1691 4112
1691 2577
1692 1693
1692 1694
1693 1694
1693 2734
1694 1696
1694 2570
1694 4366
1695 1696
1695 1697
1695 3871
1696 1697
1696 4203
1697 1698
1697 1699
1698 2253
1699 4980
1699 4497
1700 1701
1700 2196
1700 3123
1701 4396
1701 3222
1701 3800
1702 3805
1702 3094
1702 4866
1702 4960
1703 2742
1703 2096
1703 2716
1704 1705
1704 2197
1705 1707
1705 2780
1706 1707
1707 1708
1707 1709
1708 3874
1708 4162
1709 1710
1709 1711
1710 1712
1710 2716
1711 1713
1711 1934
1712 1713
1712 2407
1713 1714
1714 1715
1714 4904
1715 4276
1715 1949
1715 3699
1716 1717
1716 1718
1716 2110
1716 2704
1716 4582
1716 4649
1717 1719
1717 3522
1717 2077
1717 4176
1718 2984
1718 1818
1719 3327
1720 1721
1720 4354
1721 1722
1722 1723
1723 1725
1723 2061
1724 1726
1725 4800
1725 2193
1725 3186
1725 4672
1726 1914
1727 1729
1727 2620
1727 3170
1728 1729
1728 1730
1729 1731
1730 3914
1730 2952
1731 1732
1731 1733
1732 1733
1732 1734
1733 1735
1733 4901
1734 3978
1734 4939
1734 4374
1735 1736
1736 1738
1736 4693
1736 3562
1737 1739
1737 2280
1738 1802
1738 2268
1739 4791
1739 2873
1739 2238
1739 3228
1739 4921
1740 1742
1740 3817
1740 1956
1741 4647
1741 2263
1742 1743
1742 4493
1742 2281
1743 1744
1743 1745
1743 1881
1744 1746
1744 4463
1745 1746
1745 4830
1746 2259
1748 1749
1748 1750
1748 1753
1748 4031
1749 1751
1749 2964
1750 1751
1751 1753
1751 2961
1751 4201
1752 2282
1752 2541
1753 3823
1754 4589
1756 1757
1756 2700
1757 1759
1757 3696
1758 1759
1758 1760
1758 3195
1759 1761
1759 2577
1760 1761
1760 1762
1761 1762
1761 1763
1762 1763
1762 2067
1762 1882
1762 3909
1763 1765
1764 1765
1764 1766
1764 3737
1765 4916
1765 4904
1765 2067
1766 1909
1766 2623
1767 1768
1767 1964
1767 3373
1768 1769
1768 1770
1769 2892
1770 1771
1771 1772
1771 1773
1772 1773
1772 3908
1773 1774
1773 1775
1774 1775
1775 1777
1775 3225
1775 2526
1776 1777
1776 1778
1776 4458
1777 1778
1777 4262
1778 1779
1778 1780
1778 4153
1778 3318
1778 4495
1779 1780
1780 1781
1780 1782
1781 1783
1781 4565
1781 2107
1781 3879
1781 4370
1782 1783
1782 2044
1782 3908
1783 1784
1783 3501
1783 4113
1783 2281
1784 1785
1784 2379
1784 2350
1785 1787
1785 4979
1785 3856
1786 1787
1786 1788
1787 1788
1787 2611
1788 1789
1788 2720
1788 3573
1789 1791
1789 4480
1790 1792
1790 2980
1792 1794
1793 4812
1793 2555
1793 3742
1794 4668
1795 1796
1795 1797
1795 4324
1796 1797
1796 1798
1797 1799
1797 1825
1798 1799
1798 1800
1799 1800
1799 2150
1800 1801
1800 1802
1801 1803
1801 2214
1802 4278
1803 3951
1803 1931
1803 3073
1803 3112
1804 1805
1805 1806
1805 3297
1806 1807
1806 3339
1806 2063
1806 3178
1807 1808
1807 1809
1807 1943
1807 2192
1807 3402
1808 1809
1808 3479
1809 4025
1809 3861
1810 2296
1810 4376
1810 1846
1811 4214
1811 3079
1812 1814
1812 4691
1813 1815
1813 3870
1813 2616
1814 1816
1814 2499
1815 1816
1815 2493
1816 1817
1816 3475
1816 3153
1817 1818
1817 2806
1818 1819
1819 1820
1819 1821
1819 4155
1819 3518
1820 1822
1820 4650
1820 1929
1821 1822
1821 1823
1822 1823
1822 1824
1822 4579
1823 1825
1823 1979
1824 1825
1824 4785
1824 3539
1825 1826
1825 2027
1825 2879
1826 1827
1826 2515
1827 1828
1828 1830
1828 3613
1828 4073
1829 2430
1830 1831
1830 1832
1830 2699
1831 1832
1831 1833
1832 1833
1832 2754
1832 4607
1833 1834
1833 3144
1833 4703
1834 1835
1834 3703
1834 4468
1835 1837
1835 4017
1836 1837
1836 1838
1836 2600
1836 3690
1837 1839
1837 3855
1838 1839
1838 2755
1838 3086
1838 3387
1838 4849
1839 1841
1839 3057
1840 1841
1841 1842
1841 3583
1842 1843
1842 4176
1842 4067
1843 1844
1843 1845
1843 4674
1844 1846
1844 3291
1845 1847
1845 4368
1845 3448
1846 2193
1846 4049
1847 1849
1848 1850
1848 4620
1849 1851
1849 2283
1849 4789
1850 1851
1850 2960
1851 1852
1851 1853
1851 3846
1852 1853
1852 2608
1852 3661
1853 1855
1853 4371
1854 1855
1854 1856
1854 3087
1854 4339
1855 3339
1856 1857
1856 1858
1856 4715
1857 1858
1857 3234
1858 1859
1858 1860
1859 2474
1859 3259
1860 1862
1860 3022
1860 3277
1860 4983
1861 1862
1861 3621
1861 3356
1861 2921
1862 1864
1862 3264
1862 4182
1863 1865
1863 3752
1864 1866
1864 1898
1865 1866
1865 1867
1865 3028
1866 1867
1866 2947
1866 3063
1867 1869
1867 3163
1868 1869
1869 1871
1869 2707
1870 1872
1870 4809
1871 4910
1872 1873
1872 4263
1872 3780
1873 1875
1873 2022
1874 1876
1874 4027
1875 1876
1875 1877
1875 4194
1876 1877
1877 1878
1877 1879
1877 3169
1878 3711
1879 2385
1879 4829
1879 4497
1880 1881
1880 1882
1880 3347
1881 3272
1882 1883
1882 3155
1883 1884
1883 4323
1884 2882
1885 4095
1885 3790
1886 1887
1886 1888
1887 1888
1887 1889
1888 1889
1888 1890
1889 1890
1889 2842
1889 3367
1889 3308
1890 1891
1890 1892
1890 3993
1890 4706
1891 2425
1892 1894
1892 4264
1893 1895
1893 1981
1894 4471
1894 3787
1894 3831
1894 4863
1895 1897
1895 3434
1896 4834
1897 1898
1897 4767
1898 1899
1898 1900
1899 1900
1899 4761
1900 1902
1900 3494
1901 1902
1901 4061
1901 4512
1902 2462
1902 2832
1902 2203
1903 1904
1903 1905
1904 3047
1906 2698
1906 4402
1907 1909
1907 4721
1908 1910
1909 1910
1909 1911
1910 1912
1910 4450
1911 1913
1911 4290
1911 4779
1912 1914
1912 3405
1913 1914
1914 4846
1914 4450
1914 2607
1915 1917
1915 2093
1915 4156
1916 1918
1916 3406
1916 2514
1916 4116
1917 1918
1917 1919
1917 3455
1918 4643
1918 4434
1918 2361
1919 1920
1919 4457
1920 3194
1921 1922
1922 1923
1922 1924
1922 3247
1923 1924
1923 1925
1924 1925
1924 3121
1924 2400
1924 2771
1925 1926
1925 3772
1926 1927
1926 1928
1926 2782
1926 3707
1927 1928
1927 1929
1927 4639
1927 2150
1928 1929
1928 2714
1929 1930
1930 1931
1930 4153
1931 3655
1932 1934
1932 3268
1933 1935
1934 1935
1934 2380
1934 4667
1935 1937
1935 3195
1936 1938
1937 1938
1937 1939
1937 4548
1937 2901
1938 1939
1938 1940
1939 3044
1939 3703
1940 1942
1940 4722
1941 1942
1941 4996
1942 1943
1942 1944
1943 2688
1943 4325
1944 1945
1945 1946
1945 3207
1946 1947
1946 1948
1947 1949
1947 4998
1948 1950
1948 3249
1948 4197
1949 2118
1950 4062
1950 3699
1951 1952
1951 1953
1952 1953
1952 3794
1953 2555
1953 4359
1954 1956
1954 3500
1954 2454
1954 4955
1954 2415
1955 3996
1955 4190
1956 3916
1956 2470
1957 1958
1957 1959
1958 2931
1958 2916
1958 3339
1959 1960
1959 1961
1960 1961
1960 4196
1961 1962
1962 1963
1962 2113
1962 3098
1963 1964
1963 1965
1963 4857
1964 1965
1964 2920
1964 3855
1964 4092
1965 1967
1966 1967
1966 1968
1966 2090
1967 1968
1967 3956
1968 3299
1969 1971
1970 1972
1970 4664
1971 1972
1971 1973
1971 3303
1972 1974
1972 3242
1973 1975
1973 3609
1974 1975
1974 1976
1975 4537
1975 2444
1976 1977
1977 1979
1978 2845
1978 2013
1978 3552
1979 2431
1980 1981
1980 2591
1981 2826
1982 1984
1983 1985
1983 4969
1983 3271
1983 4338
1983 2686
1984 1985
1985 1986
1985 1987
1986 1988
1986 2035
1986 2637
1987 1988
1987 1989
1987 3933
1988 1989
1988 3206
1988 1992
1989 4338
1990 2762
1990 2983
1991 4990
1991 2386
1992 1993
1993 1994
1993 1995
1994 1995
1994 2569
1995 3292
1996 1997
1996 3819
1997 1999
1997 2238
1997 4603
1998 2131
1998 2172
1999 2000
1999 2001
2000 3755
2000 3921
2001 2055
2002 2003
2002 2004
2002 4267
2003 2004
2003 2005
2004 2006
2005 2006
2005 2007
2005 2076
2006 2007
2006 2008
2007 2009
2007 2217
2008 4149
2008 3854
2008 3799
2009 2010
2009 2011
2009 4955
2010 2011
2011 2390
2011 4597
2013 2015
2014 2015
2014 4935
2015 2016
2016 2017
2016 2815
2016 3252
2017 2019
2017 4280
2018 2020
2018 4446
2019 2020
2020 2022
2021 2022
2021 4763
2022 2024
2023 2024
2023 2680
2024 2025
2024 2026
2024 2894
2024 2612
2024 3052
2025 2026
2025 3813
2026 2027
2026 2028
2027 4254
2028 2030
2028 3859
2029 2030
2029 2488
2030 2031
2031 4300
2031 3678
2032 2033
2032 2034
2033 2034
2033 2035
2033 2575
2034 4417
2034 2449
2035 2036
2035 2037
2036 2038
2036 3433
2037 4884
2037 2354
2038 3533
2038 4372
2039 2040
2039 2218
2040 2041
2040 2042
2041 2043
2042 3347
2042 2086
2043 2044
2043 2045
2044 2046
2045 2046
2045 2047
2045 3060
2046 2048
2046 2298
2047 2049
2048 2049
2048 2050
2049 2051
2049 3344
2049 2594
2050 4072
2050 4852
2051 2053
2051 4936
2051 3491
2051 4274
2051 4534
2052 2053
2052 2054
2053 2054
2053 3665
2054 2055
2054 2186
2054 3328
2054 3598
2055 2056
2056 4065
2057 4324
2058 2059
2058 2060
2058 3247
2059 2060
2059 3162
2060 2062
2060 4264
2060 4448
2061 2063
2061 4235
2061 2348
2063 2064
2064 3886
2065 2066
2065 2067
2065 2821
2066 2067
2066 2068
2068 4219
2068 4322
2069 2070
2069 2187
2069 2841
2070 2071
2070 2072
2071 2073
2071 2889
2071 4665
2072 2073
2072 3833
2073 2074
2073 3456
2073 3623
2074 2075
2074 2249
2075 2076
2075 4437
2075 4022
2075 4433
2076 2748
2076 2227
2076 3191
2078 3946
2079 2080
2079 2081
2079 3922
2080 2826
2080 4907
2080 3970
2081 2967
2081 2191
2081 2774
2082 2489
2083 2085
2083 4100
2083 3105
2083 4841
2084 2085
2084 3839
2085 4091
2086 2087
2086 2088
2087 2089
2087 3063
2088 4404
2088 3852
2088 3241
2089 2090
2089 3152
2091 2093
2091 2133
2092 2889
2092 3734
2093 2490
2094 2096
2094 2103
2095 2097
2096 4545
2097 2098
2097 2099
2097 4301
2098 2099
2099 2100
2100 2101
2100 4181
2101 2102
2101 2103
2102 2103
2102 2446
2102 3108
2103 2104
2104 4258
2104 4737
2104 4772
2105 2106
2105 3663
2106 2107
2106 2680
2107 2109
2107 3308
2108 2109
2108 2110
2108 2155
2109 2942
2109 3568
2111 3147
2112 2373
2112 3062
2113 2115
2114 2115
2114 4923
2115 2116
2115 2879
2115 4718
2116 2117
2116 2118
2116 3369
2117 2119
2118 2119
2118 3478
2119 2333
2119 4327
2120 2121
2120 2122
2120 3800
2120 4352
2121 2123
2121 2290
2122 4377
2122 2157
2123 2125
2123 4988
2123 2723
2124 2125
2124 3438
2125 4214
2125 3516
2126 3538
2126 2643
2127 2128
2127 2129
2127 4077
2127 3040
2128 2130
2128 3977
2129 3938
2130 2131
2130 4405
2131 2400
2131 3306
2131 2592
2131 4492
2132 2133
2132 2134
2133 2134
2133 4037
2134 2135
2134 2136
2135 2136
2135 4095
2135 2285
2136 2138
2136 3789
2136 3519
2137 2138
2137 2139
2138 2139
2138 2140
2138 2615
2139 2141
2139 3342
2140 4543
2140 2363
2141 2142
2141 3279
2142 2144
2142 4048
2143 2144
2143 2662
2143 4232
2143 4648
2143 4899
2144 2145
2144 2146
2145 2146
2145 2147
2146 2148
2146 2471
2146 2310
2147 2149
2147 2396
2148 2149
2148 2150
2149 2150
2149 3254
2150 2151
2151 2153
2152 3396
2152 4159
2153 2154
2153 2155
2154 2155
2154 2156
2155 2156
2156 2157
2156 2158
2156 3568
2156 4827
2157 2159
2158 2160
2158 3783
2158 3513
2159 2160
2159 4763
2160 2161
2160 2162
2160 2778
2161 4433
2161 4011
2162 3607
2163 4080
2163 3327
2164 4323
2164 2503
2164 4727
2165 2167
2165 3723
2166 2167
2166 2168
2166 4352
2167 2169
2167 2685
2168 2169
2168 4140
2169 2171
2169 3415
2170 2172
2170 2861
2171 2172
2171 2173
2172 2174
2172 2261
2173 2174
2173 3320
2173 2334
2174 2176
2174 4533
2175 2176
2175 2177
2175 3100
2176 2177
2176 2178
2178 2179
2179 2180
2179 4528
2180 3666
2181 4284
2182 2184
2182 4121
2182 4570
2182 2319
2182 4353
2182 4834
2182 4958
2183 2184
2183 2185
2183 4334
2184 2185
2184 3476
2184 4440
2185 2905
2186 2188
2186 3935
2187 2953
2188 2189
2189 2191
2190 2192
2191 2193
2192 3257
2193 2729
2194 3331
2194 4100
2195 3875
2195 4830
2196 2198
2196 2332
2197 2198
2197 4175
2198 2199
2198 4582
2199 2200
2200 2201
2200 2202
2200 3587
2201 4724
2201 4821
2201 3254
2201 4959
2202 2203
2202 2204
2203 2204
2203 2536
2203 3608
2204 2205
2205 2206
2205 2207
2206 2207
2206 2208
2207 2208
2207 2209
2208 4288
2208 4917
2210 2212
2210 4373
2211 3383
2211 4471
2212 2213
2213 2215
2213 2854
2213 4728
2214 3702
2214 3742
2214 4378
2214 4549
2214 4774
2215 2216
2216 2640
2217 4817
2218 2220
2218 2488
2219 2220
2219 2221
2219 3498
2219 3562
2220 2221
2221 2691
2221 3512
2221 3682
2222 3560
2223 2224
2224 2225
2224 2226
2225 2227
2225 2402
2225 4157
2225 4470
2226 4924
2226 3743
2227 2910
2227 4581
2228 2229
2228 3490
2228 3354
2228 3563
2229 2230
2229 2231
2230 4497
2230 2939
2231 2741
2231 4426
2231 4689
2232 2233
2232 2234
2233 2234
2233 2235
2233 2304
2234 4730
2234 4896
2235 2236
2235 2237
2236 2237
2236 2255
2236 4835
2237 2239
2237 3166
2238 4946
2238 2397
2238 3812
2238 3078
2238 3507
2239 2241
2239 4882
2240 4814
2240 3019
2241 2242
2241 2815
2242 2243
2242 3249
2243 2244
2244 2245
2244 2246
2245 2247
2245 2880
2246 2247
2246 4556
2247 2248
2248 2250
2248 4893
2249 2251
2249 4004
2250 2252
2250 3333
2251 2252
2251 2253
2252 2253
2252 2254
2253 3613
2253 2753
2254 2255
2254 3026
2254 4074
2255 2256
2256 2257
2256 2258
2257 2258
2257 2259
2257 2815
2258 2259
2258 2260
2259 2261
2259 4723
2259 3413
2260 2261
2260 2760
2260 3274
2261 2263
2261 3745
2261 3662
2262 4830
2262 3478
2262 2658
2263 3564
2264 4103
2265 2266
2266 2267
2266 2268
2267 2268
2267 2269
2268 2270
2268 2427
2269 2271
2269 3019
2269 4178
2270 2372
2271 3514
2271 4410
2271 2813
2271 4795
2272 2273
2272 2274
2272 4332
2273 2274
2274 2275
2274 2276
2275 2276
2275 2277
2275 3309
2276 2277
2276 2278
2277 2279
2277 2364
2277 3174
2278 2280
2279 2280
2279 2281
2280 2281
2280 2392
2281 2282
2282 2283
2282 2284
2282 2383
2283 2284
2284 2285
2284 2286
2284 2923
2285 2286
2285 4138
2286 2288
2286 4449
2287 2288
2287 2289
2288 2289
2288 4309
2289 2291
2289 3383
2289 3227
2290 2291
2290 2292
2291 2292
2291 2293
2291 3301
2292 2293
2292 2294
2293 2294
2293 2295
2294 4361
2294 2977
2294 2553
2295 2296
2295 2297
2295 3101
2296 2632
2297 2299
2298 2300
2299 2300
2299 2301
2299 4410
2300 2302
2300 4159
2301 2302
2301 2303
2301 4631
2301 3630
2303 2304
2303 3547
2304 3476
2305 2306
2305 4287
2305 3929
2306 2307
2306 2308
2306 3088
2307 4287
2308 2309
2308 2310
2309 2311
2309 3498
2310 2467
2310 2745
2310 4597
2311 2313
2312 2313
2312 4421
2313 2314
2313 2315
2315 2316
2315 2317
2316 2317
2316 2318
2317 2319
2317 4917
2317 4623
2318 2319
2318 3938
2318 3947
2319 2940
2320 2321
2320 2322
2320 2537
2320 3417
2321 2322
2322 2323
2323 2324
2323 2325
2324 2325
2324 2326
2325 2326
2325 3196
2326 2327
2326 2328
2327 2328
2327 2329
2328 2330
2328 4530
2329 2331
2329 4509
2330 2331
2330 2332
2331 2332
2331 2333
2332 2333
2332 2334
2333 2335
2333 2737
2333 4748
2333 4574
2333 4786
2335 2336
2335 2337
2335 2344
2336 2338
2336 4778
2337 2339
2337 4742
2337 4363
2338 3795
2339 2340
2339 2341
2340 2973
2340 2715
2341 4148
2341 4837
2342 2343
2342 4378
2343 2345
2343 3414
2344 2345
2345 2347
2345 3486
2347 2348
2347 2349
2348 2349
2348 3789
2349 2351
2349 4936
2350 4880
2351 2352
2351 2353
2352 2354
2352 3974
2352 4718
2353 2354
2353 3991
2353 3735
2354 3787
2355 2356
2355 2357
2356 2357
2356 2358
2356 3999
2357 2359
2357 4076
2358 2490
2359 2360
2359 2361
2359 2393
2360 2362
2360 3049
2360 4938
2361 2362
2361 3532
2362 2363
2362 2397
2363 2364
2364 2365
2364 4807
2365 3274
2366 2367
2367 2368
2367 4954
2368 2370
2370 2371
2370 3646
2371 2372
2371 2373
2372 2374
2373 2374
2374 2376
2374 3477
2374 2869
2375 4436
2375 4648
2376 2378
2376 3662
2376 3305
2376 3799
2377 2379
2377 3480
2378 2380
2379 2380
2379 3169
2379 3313
2379 3346
2379 4212
2380 3959
2381 2382
2381 4018
2381 4195
2381 4543
2382 2383
2382 2384
2382 3685
2383 2385
2384 2386
2384 4800
2384 4580
2385 2386
2385 4612
2386 2387
2386 2668
2386 2874
2387 2388
2387 2389
2388 3590
2388 2465
2388 2512
2389 2390
2389 2391
2390 2391
2390 4152
2391 2393
2392 2775
2392 3101
2393 2395
2394 2395
2394 2396
2395 3070
2396 2397
2398 2400
2398 4406
2399 2401
2401 2403
2402 2522
2402 4745
2403 2404
2403 3588
2404 2406
2404 3326
2404 2736
2405 4298
2406 2408
2406 3883
2407 2409
2407 3436
2407 2652
2408 2409
2408 2410
2409 2410
2410 2412
2410 2598
2411 2412
2411 2413
2412 2413
2412 2414
2413 2414
2413 2415
2413 4932
2414 2415
2414 3730
2415 2416
2416 2417
2416 3620
2417 2418
2417 2419
2418 2947
2419 2421
2419 2683
2420 2421
2420 2422
2421 2423
2421 4783
2422 2423
2422 3931
2423 2424
2423 4039
2424 2425
2425 2427
2426 2427
2426 2428
2427 2429
2428 3754
2428 3713
2429 2430
2430 2431
2430 2432
2431 2433
2432 4213
2432 2565
2433 4324
2433 3117
2434 2435
2434 2436
2435 2436
2435 2437
2436 2437
2436 2438
2436 4615
2437 4393
2437 3442
2438 2439
2438 2585
2438 4305
2439 2440
2440 2442
2440 3725
2441 2443
2442 2443
2442 2444
2443 2444
2443 2445
2444 2445
2444 3434
2444 2933
2445 2446
2445 2447
2446 4796
2446 3728
2447 2449
2447 4282
2447 3563
2447 2824
2448 2449
2448 2450
2448 3572
2449 2450
2449 2451
2450 2451
2450 3440
2450 2869
2451 4469
2452 2453
2452 2454
2453 2455
2454 2456
2455 2457
2456 4600
2457 2459
2457 4387
2458 2460
2458 2522
2458 2540
2459 2460
2459 2952
2460 2461
2460 2462
2461 2463
2461 3389
2461 4610
2462 3068
2462 2965
2463 2464
2463 2465
2463 2725
2464 2465
2466 2468
2466 3611
2467 2469
2468 2469
2468 2470
2468 2883
2468 2819
2469 2470
2469 2471
2470 4876
2471 2473
2471 4883
2472 2473
2472 2474
2472 4977
2473 2474
2473 4353
2474 2475
2474 2684
2475 2476
2475 2917
2476 2477
2476 3302
2477 2478
2477 2479
2477 3487
2478 2479
2478 3868
2479 2480
2479 2481
2479 4323
2480 4645
2481 4639
2483 2485
2483 4957
2483 2602
2484 2485
2484 4374
2485 2486
2485 3019
2485 4925
2486 4726
2486 3056
2486 3272
2487 4572
2489 2491
2489 2828
2490 3586
2491 2492
2491 2493
2491 3538
2491 4327
2492 2493
2492 2494
2492 3704
2493 4677
2493 4952
2493 4071
2494 2495
2494 2636
2495 2497
2495 4643
2496 2498
2496 3752
2497 2499
2498 2499
2498 2500
2499 2501
2499 4067
2500 2502
2500 4167
2501 2502
2501 2503
2501 4271
2502 2503
2502 4021
2503 4964
2504 3357
2505 4628
2505 2628
2506 2508
2507 3819
2507 3982
2508 2509
2508 4101
2509 2510
2509 2511
2509 2698
2510 2512
2511 2512
2511 2513
2512 3053
2513 2832
2514 2515
2514 3249
2515 3913
2516 2518
2516 2894
2517 2518
2517 3484
2517 3706
2517 4685
2518 2519
2518 2520
2519 2520
2520 2521
2520 3665
2520 2707
2520 4166
2520 4194
2521 2522
2522 2523
2522 2629
2523 2524
2523 2561
2524 2525
2525 2526
2525 2721
2525 4742
2526 2528
2526 4646
2526 3605
2527 2528
2527 2529
2528 2530
2528 4413
2529 2530
2529 4046
2530 4332
2532 4765
2532 3133
2533 2534
2533 4864
2534 2535
2534 2536
2535 2536
2535 4583
2536 2537
2537 4062
2538 2539
2538 2540
2538 3168
2538 4167
2539 2540
2539 2541
2540 3293
2541 2542
2541 2543
2542 2543
2543 2545
2543 4625
2543 4424
2544 2546
2544 2819
2544 2641
2544 2817
2545 2546
2545 3781
2546 2548
2546 3554
2546 3365
2547 2548
2547 4028
2548 2550
2548 2918
2548 3395
2549 2550
2549 2551
2549 4473
2550 2551
2550 2552
2551 2552
2551 2553
2552 2553
2552 3327
2553 2554
2553 2846
2554 2555
2556 2557
2556 2558
2557 3801
2557 2737
2558 2559
2558 3579
2559 2560
2559 4115
2559 3588
2560 2561
2560 3167
2560 3388
2561 2562
2562 2563
2562 2564
2562 4115
2562 4416
2563 2564
2563 2565
2564 2565
2564 3320
2564 2675
2565 2566
2565 2758
2566 4065
2566 3851
2567 2569
2567 2916
2568 2569
2569 2570
2569 2571
2571 2572
2571 2573
2572 2574
2574 2575
2574 2576
2576 2578
2576 3773
2577 2578
2577 3936
2577 4686
2578 3977
2579 2580
2579 3285
2579 4666
2580 3993
2581 2583
2581 4258
2582 2583
2582 2584
2583 4677
2584 2586
2584 3828
2584 4862
2585 2586
2585 4951
2586 2588
2586 3888
2587 2588
2587 2589
2588 3739
2588 3114
2588 4430
2589 2590
2589 2591
2590 2592
2591 2592
2591 2593
2592 2593
2593 2594
2593 2595
2594 4681
2595 2596
2596 2597
2596 2598
2597 2598
2597 4510
2597 3900
2598 2599
2599 4765
2600 2602
2600 2881
2601 2602
2601 2603
2601 3020
2602 4980
2603 2604
2603 2605
2604 2606
2604 4575
2604 2719
2605 2606
2605 2607
2605 2700
2606 2607
2606 4875
2606 3801
2607 2609
2607 3911
2608 2690
2609 2996
2609 3903
2609 3477
2610 2611
2610 2612
2610 2750
2610 4942
2611 2612
2611 4379
2612 3852
2612 3931
2613 4708
2613 2684
2614 3961
2615 2616
2615 2664
2616 2617
2616 4333
2617 3544
2617 2805
2618 2619
2618 4611
2618 4085
2619 3596
2619 3627
2620 2621
2620 3591
2621 2622
2621 2623
2622 3168
2622 3357
2623 4825
2624 2625
2624 4504
2625 2626
2625 3245
2626 2627
2626 2628
2626 3909
2627 2628
2627 2629
2627 3753
2628 4458
2629 2829
2630 2631
2630 2632
2631 2632
2631 4714
2632 3738
2632 4596
2633 2634
2633 2635
2633 2861
2634 3018
2634 3871
2635 2636
2635 3230
2636 4804
2637 2638
2638 2639
2639 3704
2639 4993
2639 3804
2640 3859
2641 2642
2642 2643
2642 4303
2642 4632
2644 2646
2645 2646
2645 2647
2646 2648
2646 4513
2647 3328
2649 2650
2649 2651
2649 3110
2650 3737
2650 2819
2650 4503
2650 4231
2650 4767
2651 2653
2651 3912
2651 3788
2652 2654
2652 3837
2652 3629
2653 2654
2653 3695
2654 2655
2654 2656
2655 2656
2655 2657
2655 3057
2656 2657
2656 2658
2657 2659
2658 2659
2658 3991
2659 4389
2660 2661
2660 2662
2661 2662
2661 3115
2662 2663
2662 4937
2662 4601
2662 4563
2663 2665
2663 2873
2664 2666
2664 4560
2665 2667
2665 2832
2666 2668
2666 4747
2667 2669
2667 3267
2667 4169
2668 2669
2668 4874
2668 2768
2669 2670
2669 2671
2669 3230
2670 3038
2671 2672
2671 3488
2671 4596
2671 4391
2672 2673
2672 2674
2672 3944
2673 2674
2674 2676
2674 3980
2674 2910
2675 2677
2675 3263
2676 2678
2676 4131
2677 2679
2677 3880
2678 3189
2678 3047
2679 2680
2679 2681
2679 4024
2680 4302
2680 4115
2680 4604
2681 2682
2681 2683
2682 2683
2683 2684
2683 2685
2683 4673
2684 2686
2685 2686
2685 2687
2686 2687
2687 3280
2687 3689
2688 2689
2689 2690
2689 2691
2689 4358
2689 4035
2690 2691
2691 2692
2691 2693
2692 2693
2692 2694
2692 3546
2692 3594
2693 2694
2693 4370
2693 4446
2693 4838
2694 2696
2694 3766
2695 2696
2695 2769
2696 2698
2696 3919
2697 2698
2698 2699
2698 4163
2699 2700
2700 2702
2701 2703
2702 2703
2702 2704
2703 2704
2703 4680
2703 3677
2704 2705
2705 2706
2705 2707
2706 2707
2706 4715
2707 2708
2708 2710
2708 4643
2708 3043
2708 4357
2709 2711
2710 2711
2710 2712
2711 2853
2712 2713
2712 2714
2712 3384
2713 2714
2713 2715
2714 2716
2714 2953
2715 2799
2716 2718
2717 2719
2718 2720
2719 2720
2719 3825
2720 3836
2720 2926
2721 2722
2721 2723
2722 2723
2722 2724
2724 2726
2724 3481
2725 2727
2725 4318
2725 4259
2726 2728
2726 4631
2727 4696
2728 2729
2728 2730
2729 2730
2729 2731
2730 2906
2730 4672
2731 3438
2731 3089
2732 2733
2732 4005
2732 3265
2733 2734
2733 2735
2734 2735
2734 2736
2735 3143
2735 3170
2735 4177
2736 3724
2737 3588
2737 3624
2738 3947
2738 3516
2739 2740
2739 2741
2740 2741
2740 2742
2741 2743
2742 2744
2743 2744
2743 2745
2744 2745
2744 4307
2744 2943
2744 4890
2745 4069
2745 4402
2746 2747
2746 2748
2747 2748
2747 2749
2747 3293
2748 2750
2748 3441
2749 2750
2749 2751
2750 4770
2750 4256
2750 4811
2751 2753
2752 2753
2752 2754
2753 2754
2753 3823
2754 3571
2755 2757
2755 3867
2757 2758
2757 2759
2757 2787
2758 2759
2758 2760
2758 4366
2759 2760
2759 2761
2760 3850
2761 2762
2762 2763
2762 2764
2762 4377
2763 2764
2763 2962
2764 2765
2764 3427
2765 3430
2766 2768
2767 2768
2767 3502
2768 2769
2768 2770
2768 2773
2769 2770
2770 2772
2771 2772
2772 2774
2773 3892
2774 2776
2775 2776
2775 2854
2776 3624
2776 3450
2777 2778
2777 2779
2777 2987
2778 2780
2779 2781
2779 3608
2779 3420
2780 2781
2780 4552
2781 2783
2781 3014
2782 2783
2782 3205
2783 2785
2784 2786
2784 3506
2784 2857
2785 2786
2785 2787
2786 2788
2786 4727
2786 4670
2787 2789
2788 2790
2788 3452
2788 4502
2789 2790
2789 2791
2790 2792
2790 4884
2791 2792
2791 2793
2791 4503
2792 2793
2792 3622
2793 2794
2794 2795
2794 2796
2794 4529
2795 2797
2796 2798
2796 4123
2797 2799
2797 4639
2797 3222
2798 2799
2798 2914
2799 2801
2799 3227
2800 2801
2800 2802
2800 3304
2801 4498
2801 3865
2801 3983
2802 2803
2802 2804
2803 2804
2803 2805
2804 2806
2804 4662
2804 4756
2805 2807
2806 4400
2806 3434
2806 3684
2807 3446
2808 2809
2808 3106
2809 2810
2809 2811
2810 2811
2810 4647
2811 2812
2811 3182
2812 2813
2812 2814
2812 4538
2813 2814
2814 2815
2814 3296
2815 4950
2815 4409
2815 4866
2816 2817
2816 3931
2817 2818
2818 2820
2818 4337
2818 3779
2819 3181
2820 2821
2820 2822
2821 2823
2822 2823
2822 2941
2823 2824
2823 4021
2824 2825
2825 3178
2825 4467
2826 2827
2826 2828
2826 4199
2827 2828
2827 4741
2828 2829
2830 2831
2830 4308
2831 2832
2832 3801
2833 2834
2833 2835
2833 3268
2833 3921
2834 2835
2834 2836
2835 2837
2835 3853
2836 2837
2836 4332
2836 4778
2837 2838
2838 2839
2838 4961
2839 2840
2840 2841
2840 4267
2841 4676
2842 2844
2843 2844
2844 2846
2844 4779
2845 2846
2845 2847
2845 3171
2847 2848
2848 2849
2848 2850
2849 2850
2849 2851
2849 4057
2850 2851
2850 2852
2851 2852
2852 2854
2853 2854
2853 2855
2853 2995
2854 2855
2854 2856
2855 2856
2855 2857
2855 4935
2856 2857
2856 2858
2856 4106
2857 3093
2857 4464
2858 4597
2859 2861
2859 3078
2860 2862
2860 4665
2861 2863
2862 2864
2862 4021
2862 3692
2863 2864
2863 2865
2864 2866
2865 2866
2865 2867
2865 4049
2865 4753
2866 2867
2866 2868
2867 2869
2867 4889
2868 2869
2868 3111
2868 4187
2870 2871
2870 2872
2871 2872
2871 2873
2871 4596
2872 4752
2873 2875
2875 2876
2875 3962
2876 2877
2876 2878
2877 2879
2877 4923
2880 2882
2881 2987
2881 3355
2882 2883
2882 2884
2883 2885
2883 4284
2884 2885
2884 4103
2885 2887
2885 4076
2886 2887
2886 3713
2886 4185
2887 2889
2887 3448
2887 3877
2888 2889
2888 2890
2888 2925
2889 2890
2889 2891
2890 2891
2890 4723
2891 4072
2892 2894
2893 3789
2894 4971
2894 4299
2895 4365
2896 3672
2897 2898
2897 2899
2898 4001
2899 2900
2900 2902
2900 4244
2902 2903
2902 4880
2902 4593
2903 2905
2903 3317
2903 4133
2904 2905
2904 2906
2904 4802
2905 2906
2905 2907
2906 2908
2907 2909
2908 2909
2908 2910
2910 2911
2911 2912
2911 4785
2912 4550
2912 3922
2913 2914
2913 2915
2914 2915
2914 4443
2914 4657
2915 2916
2915 4203
2916 2918
2917 2918
2917 4893
2918 2919
2918 2920
2919 2920
2919 2921
2920 2922
2920 3758
2920 3870
2921 4727
2922 2924
2922 3871
2923 2925
2924 2926
2926 2927
2926 2928
2927 3537
2928 2929
2929 2930
2929 2931
2929 4408
2929 4694
2930 2931
2931 2932
2931 4256
2932 2933
2935 2936
2935 2937
2936 2938
2936 3382
2937 2939
2938 2939
2938 2940
2939 2940
2939 2941
2939 4562
2940 2941
2940 2942
2940 3916
2941 2942
2941 2943
2941 4020
2942 3762
2942 3821
2943 2944
2943 2945
2944 2945
2944 2946
2945 2947
2946 3783
2947 2949
2947 4089
2948 2949
2949 2951
2949 3682
2949 3466
2949 3151
2950 4208
2951 3660
2951 3922
2952 2953
2952 2954
2953 2954
2953 2955
2954 2956
2954 3513
2954 3836
2955 2956
2956 2958
2956 3943
2957 2959
2958 3470
2958 3803
2959 2960
2959 2961
2959 4220
2959 4278
2960 2961
2961 2962
2961 4198
2962 2964
2963 2964
2963 2965
2963 4188
2964 4376
2965 2966
2965 2967
2966 4156
2967 3951
2968 2970
2968 4479
2969 2970
2969 3120
2970 2971
2970 4549
2971 3166
2973 4865
2974 3505
2974 3660
2975 2976
2975 3095
2976 2977
2976 2978
2977 2979
2978 2979
2978 2980
2978 3969
2979 3534
2979 4349
2979 4747
2980 2982
2980 3896
2981 2982
2981 2983
2982 4140
2982 4143
2982 4196
2983 4250
2984 2985
2984 2986
2985 3087
2985 4081
2986 3295
2987 3161
2988 2989
2988 3172
2988 3144
2988 3005
2989 2990
2989 2991
2989 3763
2989 4999
2990 4983
2990 3550
2991 4194
2991 3201
2992 2994
2992 3775
2992 4924
2993 2994
2993 2995
2995 4767
2995 3259
2995 3709
2996 4027
2997 2999
2998 2999
2998 4995
2999 3000
2999 3054
2999 4847
3000 3002
3000 3585
3001 3002
3001 4483
3002 3003
3002 4861
3003 3005
3003 4242
3003 3447
3004 3005
3005 4900
3006 3007
3007 4280
3007 4729
3008 3009
3008 3010
3008 3681
3008 4105
3009 3011
3009 4749
3010 4657
3010 4628
3011 3013
3011 3483
3012 4039
3012 4357
3013 3014
3013 4575
3013 3156
3014 3015
3015 3017
3016 3017
3016 3570
3017 3019
3017 3463
3018 3020
3018 3538
3019 4962
3019 3715
3020 4242
3020 4777
3021 3022
3021 3023
3021 4046
3022 3024
3023 3025
3023 4882
3023 4471
3024 3025
3024 3471
3024 4624
3024 3301
3024 3474
3025 3026
3025 3027
3026 3766
3030 3032
3030 3076
3030 4824
3031 3032
3031 3033
3031 4884
3032 4010
3032 4698
3033 3035
3033 4932
3034 3035
3034 3036
3034 3164
3035 3036
3035 3037
3036 3037
3036 3038
3037 3038
3037 4735
3040 4180
3040 4184
3041 3042
3041 3043
3042 3043
3042 3044
3042 3497
3044 3045
3044 4928
3045 3602
3045 4819
3046 3047
3046 3517
3046 3546
3047 3048
3048 3049
3048 3050
3049 3100
3050 4828
3051 3052
3051 3053
3051 4170
3052 3053
3052 4023
3053 3055
3054 3055
3054 4230
3055 3057
3055 3716
3056 3058
3057 3059
3057 3188
3058 3060
3058 3741
3058 4884
3059 3060
3060 3061
3061 3063
3061 3297
3062 4844
3064 3065
3064 3066
3065 3066
3065 3067
3066 3068
3066 3084
3067 3068
3067 3069
3068 3069
3068 4162
3069 3070
3069 3071
3070 3072
3071 3073
3071 4098
3071 3867
3072 3073
3072 3074
3072 3140
3073 3074
3073 3075
3074 3076
3074 4109
3075 3076
3075 3366
3075 3167
3076 3996
3076 3319
3077 3079
3077 4309
3077 4140
3078 3079
3079 3081
3080 3081
3080 3082
3080 4653
3081 3083
3082 3083
3082 4161
3083 3483
3084 3085
3085 3086
3085 3087
3086 4784
3087 3089
3088 3089
3089 4398
3090 3091
3090 4970
3091 3092
3091 3093
3092 3767
3093 3094
3093 3095
3094 3096
3094 3758
3095 3097
3095 3142
3096 3098
3096 4188
3096 3356
3097 3099
3098 3225
3099 3101
3099 3617
3100 3101
3103 3104
3104 3105
3104 3106
3105 3106
3106 3107
3106 3108
3107 3109
3108 3109
3108 4643
3109 3110
3109 3111
3109 4769
3110 3271
3111 3113
3111 4913
3111 4876
3111 4181
3112 3113
3112 3531
3113 3115
3114 3116
3115 3117
3116 3117
3116 3118
3117 4037
3118 3120
3118 4468
3118 3747
3119 3120
3119 3121
3119 3710
3120 3121
3120 3122
3122 3123
3122 3124
3122 4404
3122 4683
3123 3124
3124 3267
3124 3380
3125 3127
3125 4953
3126 3128
3126 4354
3127 3128
3127 3129
3128 3129
3128 3807
3129 3130
3129 3131
3130 4489
3130 4259
3131 3132
3131 3133
3132 3134
3133 3135
3134 4426
3135 3136
3135 4378
3136 3137
3136 3138
3137 3138
3137 3139
3138 3140
3139 3140
3139 3141
3140 3142
3140 3199
3141 3142
3141 3143
3142 4383
3142 3641
3143 3145
3143 4593
3144 3146
3145 3146
3146 4441
3147 3149
3147 3213
3148 3149
3148 3150
3148 4163
3149 3150
3149 3151
3150 3151
3150 3152
3151 3993
3152 3153
3152 3154
3153 3155
3153 3770
3153 3771
3153 4099
3154 3156
3155 4525
3155 3830
3156 3157
3157 3158
3157 3159
3158 3159
3158 3959
3159 3160
3159 3161
3159 4805
3160 3161
3160 4394
3160 3928
3161 3163
3162 4585
3162 4952
3163 3165
3164 3168
3164 3549
3167 3168
3167 3256
3169 3171
3171 3173
3172 3174
3172 4907
3173 3174
3173 3175
3174 3176
3175 3176
3175 3177
3176 3178
3177 4093
3177 4302
3177 3808
3179 3180
3179 3181
3179 4172
3180 3181
3181 3183
3182 3183
3182 3255
3183 3184
3184 3185
3184 3316
3185 3187
3185 3636
3185 4745
3186 3188
3186 3865
3187 3188
3188 3314
3188 3251
3189 3190
3189 3191
3190 3191
3190 3192
3191 3192
3191 4118
3192 3193
3192 3578
3192 3619
3193 3194
3193 3195
3193 4501
3194 4236
3194 4482
3196 3982
3196 4496
3197 3198
3197 3533
3197 3537
3198 3199
3198 3200
3200 3201
3200 3202
3200 3798
3201 3202
3201 3407
3202 3204
3202 4549
3202 4732
3203 3204
3203 3205
3204 3206
3204 3852
3205 3207
3206 3208
3207 3208
3207 3209
3208 3209
3208 3869
3209 4452
3210 3212
3210 4547
3210 3437
3211 3212
3211 3213
3212 3214
3212 4788
3213 3215
3213 4381
3214 3216
3215 3216
3215 4436
3215 3450
3216 3217
3216 3218
3217 3219
3217 4153
3217 4761
3219 3220
3220 3221
3220 3222
3220 4729
3221 4447
3221 4095
3223 4645
3224 3225
3224 4418
3225 3227
3225 4709
3225 4226
3225 4340
3226 4680
3227 3966
3229 3230
3229 3231
3230 3232
3231 3609
3232 3233
3232 3234
3233 3234
3233 3235
3234 3235
3234 3236
3234 4228
3234 4908
3235 3236
3235 3237
3235 3518
3236 4293
3236 3354
3237 3239
3237 4935
3238 4224
3238 3644
3238 4844
3239 3240
3239 3867
3240 3241
3240 3242
3240 3986
3241 4968
3242 3243
3243 3245
3244 3245
3244 3246
3245 4285
3245 4480
3246 3247
3246 3248
3248 3250
3248 4344
3248 4892
3249 4571
3249 4743
3250 3251
3250 3252
3251 4574
3252 3253
3252 3465
3253 3255
3254 4635
3255 3257
3256 4557
3257 3258
3258 3260
3258 3672
3260 3792
3261 3262
3261 3263
3262 3263
3262 3264
3263 3264
3263 3265
3263 4999
3264 3266
3266 3268
3266 4554
3268 3270
3269 3270
3269 3271
3270 3271
3270 3272
3271 4828
3272 3273
3272 4431
3274 4736
3275 3276
3275 3277
3276 3277
3276 3278
3278 3279
3278 3280
3279 3280
3279 3281
3280 3282
3280 3460
3280 4394
3281 3283
3281 4612
3282 3283
3282 3741
3282 3601
3283 3284
3283 4937
3284 3285
3284 4993
3285 3287
3286 3287
3286 3288
3286 3407
3286 4122
3287 4221
3288 3290
3289 3291
3290 3291
3290 3292
3291 3293
3291 4798
3292 3294
3292 4292
3293 3294
3294 3295
3295 3296
3295 3297
3296 3298
3296 4036
3297 3299
3298 3300
3298 4804
3299 3301
3299 4205
3300 3301
3300 3302
3300 3437
3301 3303
3302 3304
3302 3647
3303 3304
3303 4755
3304 3305
3305 3306
3306 3308
3307 3369
3309 3311
3309 4499
3310 3311
3310 4371
3310 3840
3310 4029
3311 3567
3311 3910
3312 3313
3313 3314
3314 3315
3315 3316
3315 3317
3316 3401
3317 3868
3317 4994
3318 4927
3319 3320
3320 3322
3321 3322
3321 4110
3322 4136
3323 3324
3324 3325
3324 3326
3324 3777
3325 3326
3325 3327
3326 3582
3327 3328
3327 3329
3328 3330
3328 4682
3329 3330
3329 3331
3330 3331
3330 4312
3331 3333
3332 3333
3332 3334
3334 3335
3334 3336
3335 3337
3336 3338
3336 3760
3337 3441
3338 3340
3339 3439
3341 3342
3341 3343
3342 3344
3342 3488
3342 4578
3343 4388
3344 4675
3345 3347
3346 4153
3347 3349
3347 4117
3348 3349
3348 3821
3349 3350
3349 3351
3350 3351
3350 4225
3351 3353
3352 3353
3352 3354
3352 4165
3353 3354
3353 3910
3355 3357
3355 3734
3356 3357
3357 3358
3357 3359
3358 3359
3358 3360
3359 4367
3360 3361
3360 3362
3361 3362
3361 4938
3361 4405
3362 3363
3362 3364
3363 3364
3363 3365
3364 3365
3364 3366
3365 3367
3366 3367
3366 3368
3367 3369
3367 4439
3370 3372
3370 3779
3370 3868
3370 4894
3371 3373
3372 3373
3374 3855
3374 4881
3375 3377
3375 4122
3376 3377
3377 3378
3377 3379
3378 3572
3378 3750
3378 4027
3379 3380
3379 3381
3380 3381
3380 3382
3381 3382
3381 4720
3382 3383
3383 3384
3383 3385
3385 3387
3386 3387
3387 3389
3388 3389
3389 3390
3389 3391
3390 3391
3391 3392
3392 3393
3392 3394
3392 4305
3393 3394
3393 3395
3394 3396
3394 4425
3394 3423
3395 3397
3396 3397
3396 3398
3397 3398
3398 3399
3399 4231
3399 3791
3399 4623
3400 3401
3400 3402
3400 4462
3401 3403
3401 3581
3401 3567
3402 3403
3403 3404
3404 3406
3405 3648
3405 4978
3406 3407
3406 4583
3408 3409
3409 3721
3409 3410
3410 3411
3410 3412
3411 3412
3411 4047
3412 3414
3412 4853
3414 3416
3415 3416
3415 3417
3416 3658
3417 3419
3418 3420
3418 4593
3418 3749
3419 3420
3419 3733
3419 4651
3420 4756
3420 4493
3421 3422
3421 3515
3421 4683
3422 3424
3423 4874
3424 3425
3424 3426
3425 3426
3425 3427
3425 4905
3426 3428
3427 3429
3428 3429
3428 3430
3429 3430
3429 3431
3430 3598
3430 3858
3431 3433
3432 3433
3432 3564
3432 3883
3432 4204
3433 3434
3433 3435
3433 3714
3435 4382
3435 4644
3436 3437
3436 3438
3438 3439
3439 3440
3439 3441
3439 3616
3440 4273
3440 4696
3441 3442
3442 4018
3442 4467
3442 4132
3443 3444
3443 3445
3444 4262
3445 3446
3445 4738
3446 3973
3446 3919
3448 4430
3449 3451
3450 3451
3450 4771
3451 4384
3451 4290
3451 3997
3453 3454
3453 3455
3454 3456
3454 3529
3455 3457
3456 3458
3457 3458
3457 3459
3458 4552
3459 3908
3459 4305
3459 4342
3460 3461
3461 3462
3461 4957
3462 3463
3463 3465
3464 3465
3465 3467
3466 3468
3467 3468
3467 3906
3467 4719
3469 3470
3469 4125
3469 4800
3470 3723
3470 4292
3472 4456
3472 3491
3473 3474
3473 3475
3474 4205
3474 4002
3476 3478
3477 3479
3478 4409
3479 3481
3481 3482
3481 3483
3481 4703
3482 3483
3482 3484
3483 3485
3483 3812
3483 4240
3484 3486
3485 3487
3485 3987
3486 3487
3487 3488
3487 4061
3488 4567
3489 3490
3489 3491
3489 3533
3490 3492
3491 3493
3492 3494
3492 4897
3493 3494
3494 3495
3494 4364
3494 4345
3495 3802
3496 3497
3496 3498
3497 3499
3499 3501
3499 4727
3500 3502
3500 4083
3501 4571
3501 4624
3502 3504
3503 3504
3503 3505
3504 3506
3504 3526
3504 4440
3505 3506
3505 3507
3507 3508
3509 3510
3509 3511
3509 4918
3509 4973
3510 3512
3511 3512
3511 3513
3512 3514
3512 4081
3513 4309
3514 3516
3515 3516
3516 3517
3516 3518
3517 3518
3519 3659
3520 3521
3520 3522
3521 3523
3522 3524
3523 3524
3523 3525
3523 4522
3524 3526
3524 4214
3525 3526
3525 3527
3525 4879
3526 4299
3527 3528
3527 3529
3528 3529
3528 3530
3529 3530
3529 3531
3530 3532
3530 3611
3533 4549
3534 3536
3535 3536
3535 4212
3536 3537
3536 3538
3537 3538
3537 4277
3539 3540
3539 4220
3540 3542
3540 4743
3541 3542
3541 3543
3541 3926
3541 4860
3542 3544
3542 4012
3543 3602
3543 4536
3544 3545
3544 3546
3544 3848
3544 4185
3545 3546
3545 3547
3547 3548
3547 4011
3548 3549
3548 3550
3548 4510
3549 3550
3549 3551
3550 3551
3550 3552
3551 3553
3552 3858
3552 3717
3553 3555
3553 3835
3554 3555
3554 4596
3555 4923
3555 3875
3556 3557
3556 3826
3557 3559
3557 4691
3558 3559
3558 3560
3560 4404
3561 3562
3561 3563
3563 3620
3564 3566
3564 4098
3565 3566
3566 3567
3567 4434
3568 3569
3569 3570
3569 3571
3570 4606
3570 3792
3571 3899
3572 3574
3573 3574
3574 3575
3574 3576
3575 3576
3576 3578
3577 3916
3577 3894
3579 3580
3580 3581
3580 4958
3581 3582
3581 3583
3582 3584
3582 4765
3583 3584
3583 3585
3584 3585
3584 3586
3585 3586
3585 3587
3586 4355
3586 4216
3587 3588
3588 4415
3589 3590
3589 3591
3590 3591
3590 3592
3591 3592
3591 4573
3592 3593
3592 3594
3593 3594
3593 3595
3595 3596
3595 3597
3596 3597
3597 3598
3597 3599
3598 3599
3599 3600
3599 3601
3599 4610
3600 4844
3600 4785
3601 3602
3602 3603
3602 4863
3602 4606
3603 3604
3603 3605
3604 3606
3605 4035
3606 3608
3607 3608
3607 3918
3609 3610
3609 3611
3610 3611
3610 3612
3611 3613
3611 4701
3612 3613
3612 3614
3613 3615
3614 3616
3615 3616
3615 3617
3616 3618
3617 3618
3617 4658
3617 4673
3618 3619
3618 3620
3621 3623
3623 3624
3625 3626
3626 3627
3626 3628
3626 4940
3627 3628
3628 3629
3628 3630
3629 3630
3630 4223
3631 3633
3632 3633
3632 3634
3633 3635
3634 4610
3635 3636
3635 4646
3636 3637
3636 4640
3637 3638
3637 3639
3637 3912
3638 3640
3639 3934
3640 3641
3640 3642
3641 3643
3641 3683
3642 3643
3642 3644
3643 3645
3644 3645
3644 4976
3645 3646
3645 3772
3646 3647
3646 4495
3647 3648
3647 3649
3648 3649
3648 3650
3649 3932
3650 3651
3650 3652
3651 3653
3652 3653
3652 3654
3652 4450
3652 4804
3653 3655
3654 3656
3654 4812
3655 4709
3655 4461
3655 4615
3655 3719
3656 3658
3656 4656
3657 3702
3657 4491
3658 3659
3659 4211
3660 3661
3660 3662
3661 3662
3661 3663
3661 4385
3662 3664
3663 4514
3663 4356
3664 3665
3664 3666
3666 3667
3666 3668
3667 3668
3667 3783
3668 4327
3669 3670
3669 3671
3669 3775
3669 4306
3670 3672
3670 4576
3671 3672
3671 3673
3672 3674
3672 4814
3673 3674
3673 3675
3674 3675
3674 4026
3675 3676
3675 3677
3675 4216
3676 3677
3676 3678
3677 3678
3677 4277
3678 3679
3678 3680
3679 3680
3679 3681
3680 3681
3680 3682
3681 3683
3682 3683
3682 3684
3683 4491
3684 3685
3684 4334
3685 4045
3686 3687
3686 3688
3686 4857
3687 3688
3687 4944
3687 4199
3688 3689
3688 3690
3688 4845
3689 3855
3690 3691
3690 4268
3691 3692
3691 3693
3691 4923
3693 3695
3693 3955
3694 4510
3694 4713
3695 3696
3695 3697
3697 3698
3697 4944
3698 3700
3699 3700
3700 3702
3701 3702
3701 4473
3702 3704
3702 4291
3703 3705
3703 4695
3704 4732
3705 3706
3705 3707
3706 3708
3706 4836
3706 4044
3707 3708
3708 3709
3708 3710
3709 3710
3710 3712
3712 3713
3714 3715
3714 4097
3715 3716
3716 3717
3716 4261
3717 3718
3717 3719
3718 3993
3719 3720
3720 3721
3720 4649
3720 4577
3721 3722
3721 3723
3722 3724
3723 3725
3723 3778
3724 3725
3725 3726
3726 3727
3726 3728
3727 3728
3727 3729
3728 3730
3728 4302
3729 3730
3729 3731
3729 4713
3730 3731
3730 3732
3731 3733
3731 3981
3732 3734
3733 3735
3734 3735
3734 4429
3735 3736
3735 4965
3737 3738
3738 3740
3738 4319
3739 3740
3739 3741
3740 3741
3740 3775
3741 3742
3741 3743
3741 4421
3741 3820
3743 3744
3743 3745
3744 3745
3744 4868
3744 4761
3744 4989
3745 3746
3745 3747
3746 3748
3746 4615
3746 4505
3747 3748
3748 4120
3749 3905
3749 3873
3749 3893
3751 3752
3752 3754
3752 3821
3753 4644
3754 3755
3754 3756
3755 3756
3755 3757
3755 3773
3756 3757
3756 3758
3759 4216
3759 4663
3760 3762
3761 3762
3761 3763
3762 3764
3763 4452
3764 3766
3764 4952
3765 3766
3765 3767
3765 4875
3766 3767
3766 3768
3767 3768
3768 3769
3768 3770
3769 3771
3769 4134
3769 4242
3769 4693
3770 3771
3770 3772
3771 3773
3771 4046
3773 3775
3773 4486
3774 3938
3775 3777
3776 3778
3778 3779
3778 3901
3778 4846
3779 3780
3780 4390
3781 3782
3782 3783
3782 3784
3783 3785
3783 4572
3784 3786
3785 3787
3785 3999
3786 3787
3786 3788
3787 3788
3787 4801
3788 3790
3788 4125
3789 4405
3791 4692
3792 3793
3793 4787
3793 4416
3794 3795
3795 4933
3795 4317
3795 4928
3796 4895
3797 4642
3798 3800
3799 3800
3799 4856
3800 3801
3801 3802
3802 3804
3803 3805
3804 3806
3804 4652
3805 4091
3805 4637
3806 4559
3807 3809
3809 3810
3809 3811
3810 3811
3810 3812
3811 3812
3811 3813
3812 3814
3813 4465
3814 3937
3815 3816
3815 3817
3816 3817
3816 3818
3817 3820
3817 4964
3818 3819
3818 3820
3819 3820
3819 3821
3820 3821
3821 3822
3822 3823
3822 3824
3823 3824
3824 3825
3824 3826
3825 3833
3826 3827
3826 3828
3827 3828
3827 3829
3828 3829
3828 3830
3829 3830
3829 3831
3830 3831
3830 3832
3831 4554
3831 4114
3832 3833
3832 4653
3834 3836
3834 3895
3835 3836
3837 3839
3837 4397
3838 3839
3838 3840
3839 3840
3840 3841
3840 4813
3841 3842
3841 3843
3841 4719
3842 4800
3843 3845
3843 4322
3844 4826
3845 3846
3845 3847
3845 3906
3846 3847
3847 3848
3847 3849
3848 3850
3849 3850
3849 4345
3850 3851
3853 3854
3853 3855
3854 4510
3855 4736
3856 4681
3857 3859
3857 4011
3858 3859
3858 3860
3859 3861
3859 4963
3860 3861
3860 3862
3860 4654
3861 3862
3862 3863
3862 3864
3863 3864
3863 3865
3864 3865
3864 3866
3866 3868
3866 4861
3869 3871
3870 4179
3871 4092
3871 4494
3872 3873
3872 3874
3874 4788
3875 3877
3875 4739
3876 3877
3877 3878
3877 4846
3878 3880
3879 3881
3881 3882
3881 3883
3882 3884
3883 3884
3884 3886
3885 3886
3885 3887
3886 3887
3887 3888
3887 3889
3888 3889
3889 3891
3889 4443
3890 3891
3890 3892
3890 4690
3891 3892
3891 4384
3892 3893
3892 3894
3892 4403
3892 4819
3894 3895
3894 3896
3894 4466
3895 3896
3895 4624
3897 3898
3897 4616
3898 3900
3900 3901
3900 4460
3900 4978
3901 4774
3902 3903
3902 4013
3903 3905
3904 3905
3904 4979
3907 3909
3907 4434
3908 3909
3910 4621
3911 3913
3911 4381
3912 3914
3912 4691
3913 4701
3914 3916
3915 3916
3915 3917
3916 3917
3917 3918
3917 3919
3918 3920
3919 3921
3920 3922
3921 3922
3923 3924
3923 3925
3924 3925
3925 3926
3925 3927
3925 4540
3927 3928
3928 3929
3928 3930
3929 3931
3930 3931
3930 4769
3932 3934
3933 3935
3934 4246
3935 3936
3936 3938
3938 4526
3939 3940
3940 3941
3940 3942
3940 4750
3941 3943
3942 3943
3942 3944
3943 3945
3943 4586
3946 3948
3946 4817
3947 3949
3947 4851
3947 4995
3948 3950
3948 4160
3949 3950
3949 4954
3950 3952
3950 4943
3951 3952
3952 3954
3953 3954
3953 3955
3954 3956
3955 3956
3955 3957
3956 3958
3957 3958
3958 3959
3958 4104
3960 3961
3960 3962
3961 4897
3962 3964
3963 3964
3963 3965
3964 3966
3964 4985
3965 3966
3965 3967
3966 4223
3967 4955
3967 3999
3968 3970
3968 4568
3969 3970
3970 3971
3970 3972
3971 4012
3972 3974
3974 3976
3975 3977
3975 4069
3976 3978
3977 3978
3978 3980
3978 4892
3979 3980
3979 3981
3980 3981
3980 4251
3981 3982
3981 3983
3982 3983
3982 3984
3982 4193
3983 3984
3983 3985
3984 3985
3984 3986
3985 4136
3985 4862
3986 3987
3987 4302
3988 3989
3989 3990
3989 3991
3989 4211
3990 3991
3990 3992
3991 3992
3992 3994
3993 3994
3994 4023
3995 3996
3995 4099
3996 3997
3997 3998
3997 3999
3998 3999
3998 4000
3999 4001
4000 4002
4000 4910
4001 4003
4002 4004
4003 4005
4003 4015
4005 4007
4006 4007
4006 4008
4007 4009
4007 4280
4008 4009
4009 4011
4009 4558
4010 4012
4010 4893
4012 4793
4013 4014
4013 4015
4014 4015
4015 4323
4016 4017
4016 4018
4017 4018
4018 4019
4018 4020
4019 4020
4019 4021
4020 4021
4021 4692
4021 4664
4022 4213
4023 4626
4024 4026
4025 4026
4025 4027
4025 4930
4026 4028
4026 4236
4026 4411
4027 4028
4027 4293
4027 4356
4028 4029
4029 4030
4030 4031
4030 4032
4030 4773
4031 4033
4031 4595
4032 4034
4032 4401
4033 4035
4034 4035
4034 4036
4035 4036
4036 4037
4036 4038
4037 4039
4038 4039
4038 4040
4039 4040
4040 4619
4041 4043
4042 4043
4042 4044
4043 4045
4044 4045
4045 4047
4045 4687
4046 4997
4047 4049
4048 4049
4048 4050
4049 4449
4050 4051
4050 4052
4051 4774
4052 4053
4052 4060
4052 4763
4053 4054
4054 4055
4055 4057
4055 4330
4056 4057
4056 4058
4058 4059
4058 4060
4059 4060
4059 4061
4061 4062
4062 4064
4062 4962
4063 4064
4063 4065
4064 4135
4065 4067
4066 4067
4066 4068
4068 4412
4069 4070
4069 4599
4070 4071
4070 4072
4071 4072
4071 4073
4072 4476
4074 4075
4074 4218
4075 4076
4075 4077
4076 4077
4077 4079
4078 4079
4078 4080
4079 4081
4079 4526
4080 4081
4080 4082
4081 4083
4082 4084
4082 4291
4083 4084
4084 4085
4084 4086
4085 4086
4085 4170
4086 4088
4087 4089
4087 4480
4087 4933
4088 4089
4088 4090
4089 4091
4090 4091
4090 4330
4091 4093
4091 4962
4092 4522
4093 4095
4094 4095
4094 4096
4095 4317
4095 4518
4096 4097
4096 4098
4097 4850
4098 4099
4100 4101
4100 4102
4101 4102
4101 4103
4102 4796
4104 4105
4104 4106
4107 4108
4107 4109
4108 4110
4109 4111
4110 4111
4111 4113
4112 4113
4112 4114
4113 4115
4114 4115
4116 4117
4116 4680
4119 4120
4119 4121
4120 4121
4121 4417
4122 4123
4123 4124
4124 4125
4124 4889
4126 4128
4127 4128
4127 4129
4127 4865
4129 4131
4130 4131
4130 4132
4131 4681
4132 4133
4132 4935
4134 4135
4134 4136
4136 4138
4137 4138
4138 4140
4139 4140
4140 4142
4140 4933
4141 4143
4141 4347
4142 4143
4142 4276
4143 4642
4143 4173
4144 4145
4144 4173
4145 4146
4146 4148
4147 4148
4147 4149
4148 4149
4148 4150
4148 4183
4148 4717
4149 4150
4149 4532
4150 4151
4150 4152
4151 4152
4151 4153
4151 4444
4152 4153
4153 4155
4154 4156
4158 4159
4158 4160
4159 4160
4160 4161
4160 4162
4161 4762
4162 4163
4162 4164
4164 4165
4164 4166
4164 4712
4165 4462
4167 4168
4168 4169
4168 4170
4169 4170
4170 4171
4171 4712
4174 4176
4174 4288
4175 4176
4175 4177
4177 4179
4179 4181
4180 4181
4180 4817
4181 4182
4182 4183
4185 4186
4186 4187
4186 4188
4187 4188
4188 4482
4189 4190
4189 4465
4190 4191
4191 4192
4191 4193
4192 4193
4192 4194
4193 4194
4195 4196
4196 4229
4197 4198
4197 4214
4198 4199
4199 4201
4200 4201
4200 4202
4201 4202
4202 4203
4202 4204
4203 4204
4204 4205
4204 4297
4205 4767
4206 4208
4206 4240
4207 4209
4207 4707
4208 4209
4209 4211
4210 4211
4210 4212
4212 4213
4212 4587
4213 4853
4215 4216
4215 4217
4217 4218
4218 4219
4218 4220
4219 4221
4220 4222
4221 4222
4221 4223
4222 4223
4224 4225
4224 4226
4224 4942
4225 4227
4226 4227
4226 4293
4227 4229
4229 4230
4229 4321
4230 4231
4230 4232
4231 4232
4233 4234
4234 4235
4234 4236
4235 4236
4235 4237
4236 4237
4236 4238
4238 4651
4238 4639
4239 4240
4239 4241
4240 4602
4241 4242
4241 4243
4242 4243
4242 4320
4243 4244
4244 4245
4245 4246
4246 4247
4247 4248
4247 4249
4248 4249
4248 4250
4248 4287
4249 4250
4249 4251
4250 4858
4251 4252
4251 4253
4251 4617
4252 4253
4252 4254
4253 4255
4254 4256
4254 4470
4255 4256
4255 4257
4257 4258
4257 4259
4258 4259
4259 4260
4260 4261
4260 4858
4261 4262
4262 4263
4263 4265
4264 4265
4265 4266
4265 4267
4266 4268
4268 4412
4269 4270
4269 4271
4269 4598
4270 4271
4271 4272
4272 4273
4272 4274
4273 4379
4274 4276
4275 4276
4275 4850
4276 4277
4276 4278
4279 4280
4280 4281
4281 4282
4282 4283
4282 4284
4282 4936
4283 4284
4283 4285
4283 4989
4285 4480
4286 4288
4286 4744
4288 4289
4289 4290
4289 4291
4290 4292
4291 4293
4291 4593
4292 4294
4294 4295
4294 4296
4295 4296
4296 4297
4296 4298
4297 4298
4299 4300
4300 4301
4300 4925
4301 4302
4303 4304
4303 4305
4304 4305
4304 4306
4306 4308
4307 4309
4309 4311
4310 4311
4310 4312
4311 4499
4312 4313
4313 4314
4313 4416
4314 4316
4315 4316
4315 4358
4316 4317
4316 4318
4319 4320
4319 4321
4320 4962
4320 4735
4321 4322
4322 4693
4324 4326
4325 4326
4326 4327
4326 4811
4327 4328
4328 4329
4328 4330
4329 4330
4329 4331
4330 4332
4330 4879
4331 4332
4331 4333
4333 4335
4334 4336
4335 4337
4336 4338
4337 4338
4337 4339
4341 4342
4342 4343
4343 4344
4343 4345
4344 4346
4345 4346
4345 4347
4347 4349
4348 4350
4349 4350
4349 4351
4350 4351
4351 4352
4351 4353
4354 4355
4355 4356
4355 4357
4356 4358
4357 4358
4358 4360
4359 4360
4359 4361
4359 4384
4360 4361
4361 4362
4362 4363
4362 4364
4364 4366
4365 4832
4367 4368
4368 4370
4369 4370
4369 4371
4371 4373
4372 4373
4372 4374
4373 4375
4374 4375
4375 4376
4375 4377
4376 4698
4379 4381
4380 4381
4380 4653
4381 4382
4381 4383
4382 4384
4383 4384
4383 4385
4384 4386
4386 4388
4386 4880
4387 4388
4387 4389
4388 4389
4388 4390
4389 4390
4389 4796
4390 4391
4390 4392
4391 4392
4392 4393
4392 4394
4392 4739
4393 4395
4393 4980
4395 4396
4395 4397
4396 4397
4396 4398
4397 4399
4398 4400
4399 4400
4399 4401
4400 4402
4401 4402
4401 4403
4402 4404
4403 4404
4404 4406
4405 4582
4405 4657
4406 4676
4407 4409
4408 4479
4410 4412
4411 4413
4412 4413
4412 4414
4413 4414
4414 4415
4414 4416
4415 4861
4416 4682
4417 4419
4417 4669
4418 4419
4419 4421
4420 4422
4421 4423
4422 4423
4422 4424
4423 4424
4423 4864
4423 4847
4424 4426
4425 4426
4427 4428
4428 4429
4428 4699
4429 4430
4430 4431
4431 4432
4432 4433
4432 4434
4433 4434
4433 4950
4435 4436
4435 4437
4435 4760
4436 4760
4437 4438
4437 4439
4438 4439
4438 4440
4439 4440
4440 4442
4441 4442
4441 4443
4442 4443
4442 4444
4443 4445
4444 4446
4445 4446
4446 4448
4448 4449
4449 4450
4451 4452
4451 4453
4453 4454
4453 4455
4454 4455
4454 4456
4454 4553
4455 4456
4455 4457
4456 4457
4456 4458
4458 4460
4459 4460
4459 4461
4460 4462
4461 4463
4463 4464
4464 4465
4466 4468
4467 4469
4467 4692
4468 4470
4468 4944
4469 4470
4469 4471
4469 4479
4471 4473
4472 4473
4474 4475
4475 4476
4476 4477
4476 4478
4477 4478
4477 4479
4478 4479
4478 4480
4479 4542
4482 4483
4483 4485
4484 4485
4484 4697
4485 4487
4486 4487
4487 4488
4487 4489
4488 4489
4488 4490
4489 4490
4489 4491
4490 4492
4491 4560
4492 4493
4494 4495
4494 4930
4496 4497
4497 4498
4499 4500
4500 4501
4500 4502
4501 4502
4501 4959
4503 4504
4504 4505
4504 4666
4505 4506
4506 4507
4506 4508
4507 4509
4507 4608
4508 4509
4508 4510
4509 4511
4510 4511
4511 4512
4511 4513
4512 4513
4513 4515
4514 4515
4514 4516
4514 4674
4515 4516
4515 4517
4516 4688
4517 4519
4518 4520
4519 4521
4519 4945
4520 4521
4520 4522
4520 4753
4521 4523
4522 4523
4523 4524
4523 4525
4524 4526
4525 4527
4527 4529
4528 4529
4528 4530
4529 4531
4530 4531
4531 4532
4531 4533
4532 4533
4532 4534
4533 4535
4534 4535
4534 4928
4534 4568
4535 4536
4535 4537
4536 4537
4536 4538
4538 4539
4539 4540
4539 4541
4541 4542
4542 4640
4542 4595
4543 4544
4544 4546
4545 4546
4545 4547
4546 4766
4547 4548
4547 4549
4548 4550
4550 4551
4550 4552
4551 4552
4551 4553
4551 4998
4552 4553
4553 4554
4554 4555
4555 4556
4556 4558
4557 4558
4558 4559
4559 4560
4559 4561
4561 4562
4562 4563
4563 4564
4564 4566
4565 4566
4565 4756
4565 4995
4566 4567
4566 4568
4569 4571
4570 4572
4572 4573
4573 4575
4573 4704
4575 4577
4576 4578
4577 4578
4578 4579
4579 4821
4580 4582
4581 4582
4583 4584
4584 4585
4584 4586
4586 4587
4586 4588
4587 4589
4588 4589
4588 4590
4589 4590
4589 4591
4590 4591
4590 4592
4591 4592
4591 4593
4592 4594
4594 4595
4594 4596
4594 4754
4595 4597
4595 4896
4597 4656
4598 4600
4600 4601
4600 4602
4601 4602
4601 4663
4602 4604
4603 4605
4604 4605
4605 4606
4605 4607
4607 4608
4608 4610
4609 4610
4612 4920
4613 4614
4614 4615
4614 4616
4615 4616
4616 4618
4618 4619
4618 4620
4619 4620
4620 4622
4621 4622
4622 4623
4622 4624
4623 4624
4624 4626
4625 4626
4625 4627
4626 4627
4626 4628
4627 4628
4627 4629
4628 4629
4628 4630
4628 4817
4629 4970
4630 4631
4630 4632
4631 4633
4632 4633
4633 4634
4633 4635
4634 4635
4634 4636
4636 4637
4636 4955
4638 4639
4638 4640
4639 4641
4640 4641
4640 4642
4642 4644
4643 4645
4645 4647
4647 4649
4650 4652
4651 4656
4653 4655
4653 4767
4654 4655
4655 4657
4657 4658
4657 4659
4658 4660
4660 4661
4661 4663
4661 4974
4662 4663
4662 4664
4663 4665
4664 4665
4664 4666
4665 4666
4666 4667
4668 4669
4669 4941
4669 4781
4670 4671
4671 4672
4671 4673
4675 4676
4676 4677
4678 4680
4681 4682
4681 4683
4684 4686
4685 4686
4685 4687
4685 4987
4686 4687
4687 4689
4688 4690
4689 4690
4689 4691
4690 4692
4691 4692
4692 4693
4692 4694
4693 4694
4694 4695
4695 4696
4696 4697
4697 4699
4698 4700
4698 4830
4699 4700
4700 4701
4700 4702
4701 4702
4701 4703
4702 4704
4702 4875
4703 4704
4705 4707
4705 4875
4706 4707
4707 4709
4709 4711
4709 4780
4710 4711
4710 4712
4711 4712
4714 4715
4714 4716
4715 4716
4716 4718
4717 4719
4718 4720
4720 4722
4720 4933
4722 4724
4723 4724
4723 4725
4724 4725
4724 4726
4725 4912
4725 4828
4726 4727
4727 4729
4728 4730
4730 4731
4730 4732
4730 4839
4733 4734
4733 4735
4733 4982
4734 4735
4734 4736
4735 4758
4736 4737
4737 4739
4738 4739
4738 4740
4740 4741
4740 4742
4740 4758
4741 4742
4741 4919
4742 4743
4742 4963
4743 4744
4745 4747
4746 4747
4746 4748
4747 4748
4749 4751
4750 4752
4750 4829
4751 4752
4751 4753
4752 4753
4754 4755
4755 4756
4757 4758
4757 4804
4759 4761
4759 4994
4762 4763
4762 4764
4763 4764
4763 4765
4764 4765
4764 4766
4765 4767
4766 4767
4768 4769
4768 4770
4769 4770
4770 4771
4770 4772
4773 4774
4775 4776
4775 4777
4776 4777
4776 4778
4779 4780
4780 4782
4781 4782
4781 4783
4782 4783
4782 4784
4783 4785
4785 4787
4787 4788
4787 4789
4788 4789
4788 4983
4790 4791
4790 4792
4791 4792
4792 4793
4793 4794
4793 4795
4794 4795
4794 4796
4795 4796
4797 4799
4800 4801
4801 4915
4802 4803
4803 4804
4803 4805
4805 4807
4806 4807
4806 4808
4807 4808
4807 4809
4808 4809
4808 4810
4809 4810
4809 4811
4810 4812
4811 4813
4812 4814
4813 4815
4814 4815
4815 4816
4815 4817
4816 4817
4816 4818
4817 4904
4818 4997
4820 4821
4820 4822
4822 4823
4822 4824
4823 4825
4825 4826
4826 4827
4826 4850
4828 4829
4830 4832
4831 4832
4831 4833
4833 4834
4833 4835
4835 4836
4836 4838
4837 4838
4838 4839
4838 4840
4838 4922
4839 4841
4840 4841
4840 4842
4841 4842
4842 4843
4843 4844
4843 4845
4844 4880
4847 4848
4848 4849
4848 4850
4849 4850
4849 4851
4850 4915
4851 4852
4852 4853
4852 4854
4853 4931
4854 4855
4854 4856
4855 4856
4855 4857
4856 4858
4858 4860
4859 4861
4860 4861
4861 4862
4862 4864
4864 4866
4865 4867
4867 4868
4867 4869
4868 4870
4869 4870
4869 4871
4870 4871
4870 4872
4871 4873
4872 4873
4872 4874
4873 4875
4874 4876
4875 4876
4876 4878
4877 4878
4877 4879
4878 4880
4879 4881
4881 4882
4882 4884
4883 4884
4885 4886
4885 4887
4886 4888
4887 4888
4887 4889
4888 4889
4889 4890
4889 4891
4890 4891
4892 4893
4893 4895
4894 4896
4895 4896
4895 4897
4897 4898
4897 4899
4898 4899
4900 4901
4900 4902
4901 4902
4902 4903
4902 4904
4903 4904
4903 4905
4904 4906
4905 4924
4906 4908
4908 4910
4909 4911
4910 4911
4910 4912
4911 4912
4912 4913
4912 4914
4913 4914
4914 4916
4915 4916
4915 4917
4916 4917
4916 4918
4918 4920
4920 4921
4922 4924
4923 4924
4924 4925
4926 4927
4926 4928
4927 4928
4929 4931
4931 4933
4932 4934
4934 4935
4934 4936
4936 4938
4937 4939
4939 4941
4940 4942
4941 4942
4941 4943
4943 4944
4943 4945
4945 4946
4945 4947
4947 4948
4948 4949
4948 4950
4949 4950
4949 4951
4950 4952
4951 4953
4953 4955
4954 4955
4956 4958
4957 4959
4960 4961
4961 4962
4961 4963
4964 4965
4965 4966
4966 4967
4966 4968
4968 4969
4969 4970
4969 4971
4970 4971
4970 4972
4971 4972
4971 4973
4972 4973
4972 4974
4973 4974
4974 4975
4974 4976
4975 4976
4976 4977
4977 4979
4978 4980
4979 4980
4979 4981
4980 4982
4981 4983
4982 4983
4983 4984
4984 4985
4984 4986
4985 4986
4986 4988
4987 4989
4988 4990
4991 4992
4991 4993
4992 4994
4993 4995
4994 4995
4998 4999
