1000 2000
0 753
0 838
1 226
1 977
1 322
1 415
1 987
2 3
2 4
2 236
3 4
3 5
3 271
4 5
4 265
4 405
4 933
4 434
4 658
4 941
5 7
5 863
6 7
6 253
6 527
6 416
7 8
7 9
7 753
7 438
8 9
8 10
8 401
9 11
9 728
9 998
10 11
10 816
10 260
10 479
11 13
11 412
11 454
12 13
12 14
12 285
12 694
13 990
13 513
13 783
13 892
14 15
14 172
14 740
14 854
15 16
15 17
16 677
16 674
17 18
17 19
17 805
18 20
18 825
19 21
19 486
19 281
19 605
19 588
20 22
20 968
20 332
21 22
21 883
21 348
22 664
22 360
22 246
23 25
23 881
24 26
24 226
24 465
25 27
25 422
26 28
26 672
26 38
26 573
27 964
27 849
27 390
27 743
28 184
28 660
29 30
29 842
29 647
30 31
30 32
30 406
30 990
31 32
31 33
31 287
32 388
32 400
33 34
33 468
33 268
34 35
34 785
34 178
35 37
35 91
36 771
36 558
36 862
37 38
37 394
38 40
38 760
39 40
39 41
39 138
40 973
40 708
40 165
40 105
41 42
41 43
41 389
42 44
42 878
42 259
43 44
43 45
43 571
43 71
44 45
44 46
45 47
45 62
46 47
46 333
46 834
47 48
47 49
47 828
47 466
48 50
48 725
49 885
49 622
50 51
50 52
51 152
51 563
51 747
52 53
52 54
53 54
53 55
54 55
54 547
55 56
55 57
55 336
56 58
56 261
56 770
56 680
57 59
57 153
57 731
58 59
58 60
58 881
59 220
59 68
59 564
60 61
60 608
61 62
61 745
61 732
62 63
62 763
63 993
63 255
63 536
64 65
64 66
64 490
65 67
65 669
65 285
66 771
66 623
66 924
66 713
67 68
67 121
67 715
67 814
68 145
68 231
69 71
69 808
69 813
70 71
70 72
71 345
71 113
72 75
72 349
73 690
73 337
74 76
74 618
74 91
75 76
75 545
76 78
76 839
76 776
76 995
77 79
77 857
77 375
78 446
78 849
78 205
79 80
79 81
79 689
80 81
80 215
80 818
81 83
81 311
81 915
82 83
82 84
83 133
83 600
83 551
83 339
84 86
84 921
84 758
85 430
85 491
85 585
85 646
85 995
86 615
86 138
87 88
87 89
87 603
88 89
88 90
89 90
89 312
90 91
90 92
90 929
91 995
91 334
91 107
91 779
92 93
92 663
93 94
93 677
94 833
94 520
94 240
95 96
95 97
96 97
96 98
97 98
97 815
97 364
97 597
98 100
98 317
98 637
99 100
99 126
99 520
100 379
100 208
101 103
101 736
101 234
102 103
102 863
103 104
103 408
104 315
104 292
104 420
105 836
105 316
106 107
106 108
106 161
106 509
107 108
107 111
108 588
108 444
109 795
109 352
109 502
110 929
110 472
110 707
110 895
110 663
111 112
111 938
112 113
112 114
112 817
113 115
114 115
114 134
114 137
115 116
115 511
116 117
116 118
117 118
117 119
117 428
117 832
118 119
118 559
119 120
119 121
119 134
120 121
120 122
121 123
122 123
122 124
123 124
123 572
124 125
124 126
125 126
125 127
126 250
126 276
126 592
126 878
126 136
127 128
127 280
127 667
127 459
128 130
128 809
129 130
129 131
129 956
130 131
130 132
131 132
131 733
132 134
132 910
133 134
133 723
133 299
134 662
134 273
134 413
135 137
135 704
136 137
136 998
137 138
138 880
139 732
139 631
139 464
140 141
140 142
141 142
141 143
141 949
141 775
142 143
142 144
143 683
143 472
144 145
144 604
144 435
145 146
145 922
145 980
146 148
146 481
147 149
147 368
147 193
147 747
148 149
148 150
148 244
148 503
148 473
149 150
149 881
149 617
150 151
150 152
150 879
151 153
151 162
151 527
152 153
152 154
153 154
153 155
154 156
154 425
155 812
155 548
156 157
156 556
156 570
157 158
157 464
158 159
158 160
158 849
159 161
159 974
160 161
160 452
160 884
160 581
160 878
160 940
161 163
161 263
162 163
162 833
163 164
163 831
163 402
163 451
164 166
164 261
164 976
165 166
165 167
166 167
166 168
166 981
167 169
167 567
167 253
168 170
168 181
168 245
168 413
169 171
169 526
170 465
170 418
170 275
171 172
171 173
171 833
172 937
172 859
172 871
173 175
173 591
173 843
174 175
174 176
174 617
174 925
175 799
175 207
175 632
175 958
176 177
176 916
176 369
177 179
177 856
178 566
178 213
178 639
179 180
179 970
179 412
180 181
180 577
180 987
180 688
181 182
181 183
181 497
182 300
182 635
182 970
183 185
183 838
183 377
183 729
184 186
184 755
185 389
185 643
185 559
186 187
186 188
186 548
186 593
187 188
187 189
188 189
188 190
188 274
188 912
189 261
189 637
190 191
190 192
190 508
190 853
191 192
191 193
191 702
192 194
192 651
193 278
193 361
194 196
194 492
194 347
195 676
195 277
195 894
195 264
196 198
196 277
196 812
197 199
197 765
198 199
198 533
198 287
199 201
199 424
200 201
200 202
200 360
201 202
201 203
201 582
202 204
202 889
202 678
203 204
203 205
203 737
204 206
204 488
204 854
205 206
205 911
205 476
206 964
206 972
207 806
207 982
208 209
208 210
208 330
208 753
209 210
209 211
209 384
209 493
210 400
210 724
211 212
211 213
211 754
212 213
212 214
212 460
213 215
213 992
214 215
214 216
214 742
215 217
215 560
215 653
216 217
216 907
216 443
216 842
217 664
217 700
217 564
218 219
218 521
218 629
218 410
219 527
219 955
219 549
220 221
220 365
221 223
221 710
222 223
222 224
223 225
223 768
223 486
224 225
224 226
225 226
225 227
225 717
225 892
226 337
226 244
227 229
227 750
227 427
227 749
228 230
228 741
228 328
228 356
229 230
229 231
229 932
230 231
230 648
230 551
231 233
231 665
232 234
232 503
233 234
233 235
233 537
234 235
234 612
234 795
235 236
235 237
236 238
236 723
237 238
237 239
238 239
238 240
239 775
239 248
239 307
240 794
241 242
241 502
242 243
242 244
242 343
242 919
243 332
243 983
244 609
244 667
244 430
245 247
246 248
246 417
246 454
247 248
247 249
247 523
247 785
248 249
248 250
249 250
249 251
250 251
250 683
250 290
251 252
251 545
251 606
251 796
252 253
252 254
254 256
254 562
254 769
255 257
255 591
255 344
255 661
256 258
256 282
256 953
256 920
257 258
257 906
258 260
258 701
259 660
260 262
260 578
260 503
261 943
261 997
261 824
261 440
262 263
262 336
263 265
264 355
264 660
265 267
265 822
266 389
266 301
266 932
266 444
267 861
267 437
267 612
268 551
269 270
269 375
270 272
270 529
270 479
270 718
271 273
271 885
272 273
272 274
273 275
273 536
273 558
274 276
275 277
275 946
276 278
277 592
278 280
278 719
279 280
279 863
279 993
279 879
279 507
280 282
281 528
282 777
282 957
282 700
283 285
283 362
284 426
284 722
284 481
285 478
286 288
286 307
286 407
287 916
287 775
287 789
288 290
288 425
289 290
289 615
290 291
291 293
291 829
291 866
292 293
292 462
292 305
292 396
293 565
293 356
293 457
294 295
294 296
294 737
294 767
294 949
295 297
295 705
296 487
296 533
296 672
297 299
297 893
298 299
298 981
298 395
299 762
299 473
300 301
300 302
300 656
301 509
301 496
302 303
302 304
303 305
303 334
304 306
304 838
305 306
305 943
306 511
306 959
306 792
307 308
307 709
308 808
308 867
309 311
309 883
309 750
310 866
310 761
311 313
311 758
312 313
312 477
313 314
313 315
314 315
314 994
314 889
314 707
315 404
315 741
316 318
317 319
317 839
317 540
318 578
318 953
319 321
319 972
319 445
320 493
320 356
320 553
321 322
321 323
321 709
322 324
322 877
322 734
323 324
323 325
324 325
324 935
325 327
325 925
326 327
326 328
326 626
327 329
327 806
327 568
328 775
329 330
329 331
330 331
330 572
330 788
331 913
331 606
331 905
332 687
333 761
333 613
333 541
334 335
334 810
335 336
335 731
335 472
336 337
337 338
337 339
337 611
338 340
338 855
339 340
339 547
340 342
340 443
341 343
341 729
342 343
342 344
343 344
344 369
344 575
344 623
345 346
345 347
345 539
345 955
346 348
346 944
347 505
347 529
347 777
348 350
348 575
348 748
349 350
349 351
350 351
350 406
351 352
351 353
352 354
352 740
353 354
353 754
354 356
354 712
354 528
354 825
355 872
355 663
355 731
355 826
355 730
357 358
357 515
358 360
358 843
359 601
359 967
361 563
362 488
362 483
362 658
363 364
363 369
363 872
364 365
364 366
365 366
365 468
365 598
366 367
366 368
366 654
367 368
367 369
368 369
368 370
368 841
369 370
369 371
369 715
369 908
370 947
370 588
370 521
371 372
371 373
371 804
372 374
372 641
373 375
373 401
373 928
373 979
374 375
374 596
375 377
376 377
376 857
376 682
377 379
377 837
378 379
378 706
379 380
379 381
380 381
380 382
381 382
381 943
381 778
382 383
382 384
382 996
383 834
383 727
383 682
384 385
385 387
385 460
386 387
386 900
386 807
387 389
387 816
387 394
387 423
387 798
387 907
388 389
388 913
388 708
389 391
390 391
390 448
390 792
391 968
391 808
391 982
392 393
392 394
392 832
392 715
393 718
393 465
394 396
395 396
395 624
396 585
397 398
397 439
397 411
398 709
398 642
398 641
399 796
399 829
399 840
400 579
400 718
400 432
401 836
402 403
402 765
402 951
402 850
403 404
403 952
404 406
404 968
404 728
404 777
405 965
406 408
406 616
407 408
407 952
408 918
408 855
409 410
409 411
410 412
410 950
410 957
411 412
411 413
411 576
411 793
412 413
412 448
414 415
414 651
414 574
415 416
415 814
416 417
417 418
417 419
417 745
418 420
418 824
419 420
419 421
419 889
420 421
421 422
421 423
421 900
422 987
422 735
423 425
424 425
424 426
424 796
425 427
425 928
425 870
426 656
426 904
426 959
427 429
428 651
429 430
429 514
430 583
430 897
431 432
431 742
432 433
432 434
432 938
433 435
433 728
434 651
434 918
435 436
435 437
436 437
436 438
437 643
438 439
438 980
439 441
440 986
441 443
441 779
442 444
442 831
442 607
443 445
443 597
443 828
443 979
444 929
445 446
445 861
446 978
446 530
447 448
447 449
447 526
448 610
448 975
449 450
449 709
450 452
450 685
451 452
452 454
452 517
452 759
453 454
453 762
453 535
453 652
453 666
455 457
455 740
455 463
456 457
456 515
457 458
457 670
458 459
458 460
458 763
459 901
459 487
459 845
460 662
461 462
461 727
462 463
462 464
463 465
464 466
464 490
464 859
464 910
465 467
466 467
466 535
467 468
467 469
467 562
468 469
468 470
469 471
469 572
470 608
470 772
471 472
471 473
472 934
472 595
474 476
474 731
474 594
475 477
475 601
475 867
476 477
476 478
477 478
477 914
477 942
478 496
478 565
478 795
478 541
480 481
480 482
480 782
481 483
481 652
482 483
482 484
483 485
484 485
484 486
485 487
485 614
485 633
486 487
487 488
487 489
487 783
488 489
488 490
489 490
489 491
490 492
490 695
490 952
490 512
491 493
492 493
492 494
492 973
493 494
494 495
494 997
495 497
495 819
495 527
496 930
497 498
497 987
497 511
498 499
498 500
498 889
499 501
499 877
499 716
500 501
500 502
501 502
501 503
502 503
504 505
504 506
504 891
505 507
505 966
506 507
506 992
506 914
506 787
507 508
507 898
508 510
509 636
510 512
510 976
511 512
512 513
513 514
513 677
513 740
514 515
514 516
514 981
515 516
515 517
515 556
516 517
516 518
516 519
517 518
518 519
518 520
519 521
519 758
520 521
520 923
521 523
522 524
522 967
522 675
523 782
524 932
524 663
524 699
525 527
525 636
526 887
526 812
528 686
528 741
529 531
529 584
529 985
530 531
530 532
531 532
531 918
532 533
532 534
533 868
534 535
534 536
535 869
537 681
537 748
537 655
538 539
538 540
538 645
539 541
539 767
540 542
541 542
542 543
542 895
543 544
543 702
544 996
544 832
545 995
545 762
545 869
545 967
546 547
546 665
547 943
548 550
549 550
549 551
549 769
550 551
550 552
550 583
551 552
552 553
552 554
552 669
553 554
553 555
553 962
554 555
554 556
555 557
555 890
556 558
557 558
557 559
559 624
559 602
559 727
560 562
560 826
561 562
561 563
561 564
562 844
563 565
563 967
565 567
566 568
566 570
566 649
566 726
566 725
567 569
567 705
568 570
568 724
569 570
569 571
570 571
571 573
571 609
571 806
572 573
573 575
574 575
574 736
575 576
575 896
576 578
577 579
577 888
578 579
578 580
579 581
579 624
579 710
580 581
580 692
581 582
581 644
581 991
582 584
583 585
583 596
583 997
584 585
585 587
586 587
586 937
587 588
587 589
588 972
589 591
589 668
590 591
590 592
591 592
591 593
592 698
593 818
593 807
594 825
595 596
596 598
597 598
598 899
599 600
599 601
600 928
601 602
601 603
602 604
602 851
603 604
603 766
604 606
604 754
604 855
605 607
605 977
605 994
606 862
606 896
606 667
607 925
608 609
608 668
608 847
609 724
610 612
611 613
612 614
612 622
613 906
613 770
614 615
614 724
615 616
615 617
616 758
618 619
618 788
618 943
618 966
619 620
619 984
620 621
620 622
621 622
621 623
622 624
622 893
624 625
625 626
625 627
626 628
626 970
627 628
627 629
628 710
628 879
628 827
629 631
630 632
630 807
630 770
631 633
632 962
633 635
634 636
634 639
635 637
636 637
637 639
638 639
638 939
639 811
640 641
640 642
641 642
641 834
642 644
643 644
643 645
644 646
645 647
646 648
647 830
648 649
648 650
649 651
650 651
650 652
651 652
651 957
651 679
651 786
652 653
652 890
652 969
653 714
653 765
654 764
654 720
655 657
655 941
656 657
657 658
657 872
658 659
658 673
659 660
659 661
660 661
660 662
660 735
661 662
662 663
662 664
662 989
663 665
663 848
664 665
664 666
665 666
665 667
666 667
668 669
668 670
669 670
669 838
670 671
671 984
671 721
672 673
672 698
673 674
673 791
674 675
674 676
675 676
675 781
676 677
676 678
677 678
677 795
678 679
679 680
679 681
680 681
680 706
680 881
681 683
682 683
682 684
683 684
683 685
684 685
684 686
685 686
685 687
686 687
686 688
687 688
687 978
688 779
689 691
690 691
690 803
691 692
691 795
691 839
692 693
692 694
692 829
693 694
693 746
694 908
695 697
696 697
696 698
696 947
697 699
697 769
698 699
699 700
699 920
700 780
701 702
701 703
702 704
703 704
703 705
703 752
703 882
704 705
704 706
704 999
705 706
705 707
706 708
707 823
710 712
711 712
711 823
712 713
712 714
713 714
713 746
714 715
714 716
716 718
716 794
717 719
717 797
719 720
719 999
719 787
720 722
721 722
721 723
722 957
723 804
725 726
726 728
726 951
727 810
728 730
729 731
730 731
732 733
732 734
733 735
733 987
733 894
734 736
735 940
736 737
738 739
738 740
739 741
739 749
739 984
741 743
742 895
743 744
744 745
744 746
745 799
746 747
747 785
749 751
750 752
751 752
751 753
752 983
752 858
755 756
755 757
756 757
756 758
757 758
757 907
759 760
760 761
761 991
761 804
762 763
762 773
763 764
764 766
764 894
765 827
765 951
766 768
766 899
767 862
768 780
768 983
768 856
771 772
771 773
772 773
772 774
773 774
773 775
774 776
774 904
775 901
776 794
777 778
778 779
779 933
779 843
779 805
780 782
781 782
782 783
784 785
784 786
785 786
786 993
786 930
787 959
789 790
790 791
790 792
791 793
792 798
793 795
794 795
795 796
796 820
796 825
797 798
798 800
799 801
800 801
800 802
800 883
801 803
801 852
802 803
802 804
802 916
803 804
803 823
803 956
804 805
805 821
807 956
807 948
808 809
808 810
809 810
809 811
810 812
810 985
811 812
811 813
812 814
813 814
815 817
815 906
816 818
817 818
818 819
818 825
819 820
819 821
820 822
821 822
822 900
823 824
823 917
824 826
826 827
827 828
828 871
829 831
830 831
830 832
830 913
830 958
831 833
833 835
834 905
835 836
835 837
836 837
836 838
837 838
838 840
839 840
840 841
841 842
842 843
844 845
844 846
845 846
846 847
846 848
847 848
848 862
850 851
850 969
851 885
852 853
852 854
853 890
854 855
854 939
855 856
856 857
857 859
858 927
859 861
860 861
860 978
861 863
863 865
864 866
864 988
865 866
865 867
866 868
866 874
867 958
868 869
868 870
870 872
871 927
872 873
873 875
873 896
874 875
875 876
875 970
876 877
876 878
877 879
877 946
878 879
880 881
880 882
882 883
884 885
884 886
885 887
886 887
886 888
887 889
888 889
890 892
891 892
892 929
893 895
894 927
895 897
897 898
898 899
899 901
900 946
900 903
901 989
902 903
902 904
903 904
904 906
904 935
904 921
905 906
905 907
908 909
909 910
909 911
910 912
910 982
911 913
912 914
913 914
914 916
915 916
917 919
918 920
919 945
921 922
922 924
923 924
924 925
924 926
925 927
926 927
926 928
928 930
930 931
931 932
931 933
932 934
933 934
933 935
934 936
935 937
936 937
936 938
937 939
939 941
940 969
941 942
942 943
942 944
944 945
944 946
945 946
945 947
946 948
947 949
948 950
950 951
950 952
953 955
954 955
954 956
958 959
959 971
960 961
960 962
961 962
961 963
962 963
963 964
963 965
964 965
964 966
965 966
965 967
966 968
968 969
968 970
970 972
971 972
971 973
972 974
973 975
974 975
974 976
975 977
976 978
978 979
978 980
980 982
983 984
983 985
984 986
986 987
986 988
988 989
988 990
989 990
990 991
991 992
993 995
996 997
