4000 8000
0 1
0 2
0 2959
1 2
1 3999
1 1137
1 2118
2 3
2 3704
3 2743
3 406
4 6
4 2835
4 770
4 1786
5 6
5 3742
6 8
6 3084
6 1341
7 334
7 561
8 9
8 10
8 256
8 907
8 1460
8 1548
9 10
9 11
9 1305
9 3034
9 3186
10 11
10 12
10 191
11 13
11 3817
11 2075
11 2373
12 2739
12 2439
12 3076
12 2969
13 15
13 523
14 16
14 3801
14 713
15 16
15 2985
16 17
16 18
17 19
17 2787
17 144
17 1489
17 291
17 601
18 19
18 20
19 2598
19 1008
20 21
20 2552
21 22
21 115
22 1844
22 666
23 101
23 3648
24 26
24 1419
24 1120
24 3129
25 1458
25 1711
25 3099
25 3596
26 28
26 1314
26 2024
26 3184
27 28
27 29
27 1189
27 2449
27 3822
28 29
28 30
28 1447
29 31
29 1346
30 32
30 2790
31 32
31 3976
31 819
31 1424
31 1604
32 33
32 498
32 1165
32 3987
33 3464
33 1908
34 36
34 3678
34 1925
34 1123
34 1247
35 36
35 37
35 1680
35 3692
36 43
36 1633
36 3949
36 2348
37 38
37 3086
37 3006
38 812
38 2296
39 41
39 2492
39 3896
39 521
40 41
40 306
40 2882
41 43
41 2982
42 43
42 944
43 45
43 594
43 1057
43 1293
43 3443
44 46
44 2016
45 47
45 2400
45 3545
46 48
46 1267
47 991
47 1237
48 1447
48 1648
48 2636
49 50
49 2219
50 51
50 2228
50 3839
50 432
51 2295
51 1616
52 53
52 2719
53 54
53 3789
54 55
54 366
54 2732
54 1134
54 548
55 56
55 1790
55 3296
55 2934
55 2397
56 57
56 58
56 2345
57 58
57 793
58 60
58 2815
58 1434
58 3746
59 61
59 1888
60 62
60 1065
60 725
60 1799
60 171
61 62
61 63
61 2217
61 941
62 63
62 64
62 594
62 3111
63 65
63 1454
64 3288
64 2828
65 66
65 67
65 3615
65 669
66 2049
66 2820
67 68
67 2346
67 1137
68 1986
68 330
69 70
69 3123
69 1802
70 71
70 578
70 3787
70 3409
71 1989
71 3330
72 74
72 3448
72 2744
73 1777
73 3018
74 939
74 92
74 518
74 319
75 77
75 3245
76 2916
76 3632
76 3950
76 3555
76 702
77 78
77 79
77 954
77 3659
77 2664
78 3461
78 2527
79 80
79 3599
79 3374
80 81
80 2823
80 3661
81 82
81 1469
81 362
82 84
82 2913
83 84
83 85
83 126
84 86
84 2031
84 3098
85 86
85 818
85 2256
85 2529
86 87
86 88
86 2301
86 3094
87 88
87 1960
87 2412
88 90
88 2739
89 91
89 3053
89 2375
90 92
90 3961
90 434
91 92
91 93
92 2192
92 344
93 94
93 2733
93 1680
94 1642
94 1436
94 155
95 3817
95 1417
96 98
96 771
96 2719
97 98
97 99
97 2327
97 1418
98 99
98 100
99 100
99 101
99 1391
100 101
100 1995
100 108
100 1608
100 1678
101 103
101 371
102 103
102 104
103 104
103 2001
103 1641
103 3430
104 105
104 3306
104 1216
105 106
105 1030
105 514
105 3086
106 2935
106 854
107 109
107 1415
108 109
109 1228
109 3313
109 202
110 112
110 2939
110 2706
111 112
111 113
111 136
112 114
112 1342
112 3194
113 114
113 235
113 3262
114 115
114 116
114 3705
115 116
115 117
115 1675
116 118
116 1527
116 639
117 119
117 857
117 1753
117 3806
118 2934
118 3856
119 1081
119 896
120 121
120 122
120 664
120 1971
120 1549
120 2688
121 122
121 123
121 665
121 2318
122 123
122 124
122 1352
123 124
123 2289
124 3616
124 135
124 284
125 127
125 2293
125 1284
125 3052
126 127
126 1844
126 3389
126 3762
127 129
127 660
128 130
128 3977
128 3123
128 3660
129 3647
129 1125
130 131
130 1294
130 386
130 3299
130 3489
131 132
131 3970
131 3955
132 133
132 148
132 3814
132 3996
133 135
133 929
134 135
134 2185
134 1969
135 137
135 3357
135 167
135 768
136 2057
136 902
137 139
137 1870
138 139
138 686
139 2704
139 3070
139 3667
140 1272
140 1311
141 142
141 3850
141 3827
141 166
141 2613
142 3217
142 2638
142 1970
143 144
143 145
144 877
145 146
145 147
145 181
145 1094
146 148
146 3901
147 148
147 149
148 3834
148 1448
149 151
149 3417
149 1397
150 151
150 683
151 152
151 3923
152 154
152 2940
153 154
153 155
154 155
154 156
155 156
155 2633
156 158
156 1997
157 159
157 3488
157 260
157 3272
158 159
158 3109
158 3783
159 3083
159 1710
159 924
159 2358
159 3253
160 750
160 2051
160 217
161 162
161 163
162 1510
162 1235
162 2704
162 3676
162 3711
162 3962
162 2323
163 1937
163 1851
163 2077
164 165
164 166
164 2463
165 166
165 167
166 167
167 1936
167 2704
167 3105
168 170
168 2369
169 2904
169 3979
170 172
170 1814
170 1085
171 1136
171 748
172 173
172 1961
173 174
173 3880
173 2371
174 175
174 176
174 1546
175 177
175 1067
176 177
176 2584
176 179
176 1367
177 178
177 179
178 1849
178 2859
178 1074
178 2098
179 180
179 1009
180 3580
180 1083
180 1089
181 183
182 184
182 3265
182 288
182 2238
182 3905
183 184
183 185
183 1452
184 186
184 392
184 3827
184 723
184 3046
185 186
185 2384
185 3424
186 187
186 188
187 188
187 189
187 2374
188 189
188 190
188 2454
188 898
189 519
189 3407
190 191
190 192
191 2900
192 193
192 1401
193 194
193 1696
193 1722
194 195
194 196
195 196
195 197
195 1342
195 3508
195 2339
195 3535
196 197
196 198
197 198
197 343
198 200
198 3086
198 1183
198 950
199 200
199 201
199 991
199 1387
200 201
200 2755
200 2205
200 2440
201 3886
201 1048
201 618
201 2394
202 204
202 2500
202 2084
203 205
203 703
204 1267
204 3040
204 1428
205 206
205 207
205 1803
206 208
206 1106
206 2027
207 208
207 613
207 794
208 210
208 3068
208 3802
208 1102
209 210
209 231
210 211
210 3319
210 2802
211 213
211 1122
211 2663
211 1686
212 214
212 1840
212 1692
213 2642
213 2316
214 215
214 216
214 1622
215 761
215 2012
216 217
216 218
216 1837
216 2880
217 3747
217 1284
217 1647
218 220
218 417
218 682
219 3083
219 2530
220 222
220 1389
220 520
220 2638
221 3528
221 1898
221 1767
222 223
222 809
222 3281
222 715
223 224
223 333
224 2332
224 1594
224 2320
225 226
225 227
226 227
226 2968
226 2780
227 331
227 1327
228 229
228 230
228 1289
229 230
229 231
230 231
230 1717
231 1982
231 554
231 2520
231 3353
232 233
232 1427
232 3372
233 235
233 3991
233 1119
234 3709
234 2653
234 2038
234 2330
235 3965
235 1959
236 237
236 238
236 3315
237 3838
237 3001
237 1120
237 3950
238 1724
238 1160
239 240
239 1263
240 3530
240 911
240 2844
240 979
241 242
241 2548
241 2902
241 2649
242 2126
242 1546
243 244
243 3537
244 246
244 749
244 2169
245 247
245 305
245 508
245 1559
246 248
246 1238
247 248
247 249
248 249
248 250
249 251
249 1812
250 251
250 576
250 3254
251 252
251 1192
251 2627
251 720
251 3300
252 253
252 748
252 3888
252 3333
253 254
253 518
253 562
253 2201
253 3257
254 256
254 984
254 3606
255 256
255 3704
255 2931
256 258
256 3430
256 3931
257 258
257 259
257 1271
257 3166
258 1329
258 2654
259 3817
259 3136
260 261
261 262
261 263
262 263
262 264
263 265
263 679
263 324
263 366
263 1046
264 266
264 1158
264 1741
264 3006
265 266
265 1435
266 3679
266 1131
266 3740
266 3208
267 269
267 582
268 269
268 270
268 375
269 270
269 271
269 1967
270 271
270 272
271 272
271 273
271 2405
272 2869
272 1796
272 1510
273 275
273 1128
274 2315
274 2601
274 2730
274 292
274 544
275 276
275 3055
275 1265
275 3391
276 278
276 3660
276 2080
277 279
277 1748
277 3977
278 279
278 3928
279 2054
279 1646
280 281
280 1535
280 1463
280 920
280 1057
281 1319
281 851
281 1573
282 283
282 284
283 284
283 2326
284 285
285 287
285 395
285 1194
285 2280
285 3314
286 287
286 296
286 1479
286 579
287 288
287 289
287 349
287 2504
287 1615
288 1508
289 291
289 550
289 1508
290 291
290 292
290 1268
291 3596
291 1585
292 2252
292 3069
293 2665
293 2507
293 3470
294 295
294 2192
295 296
295 297
296 298
297 298
297 299
297 3378
298 300
298 1764
299 300
299 301
300 301
300 3510
301 303
301 2970
302 304
302 1798
302 829
302 956
303 305
303 2222
303 2088
304 3723
304 2940
304 2947
304 1154
305 306
305 307
306 308
306 3182
307 309
307 3546
307 3234
307 3107
308 309
308 310
308 2030
309 310
309 311
309 1489
310 311
310 312
311 313
311 1679
311 964
312 313
312 314
313 315
313 2235
313 2331
314 315
314 3177
314 2159
315 960
315 2255
316 1124
316 3879
316 3776
317 319
317 3853
318 319
318 320
318 2748
319 320
319 1607
320 321
320 3826
321 322
321 373
321 2558
321 2949
321 2528
321 2106
321 3585
322 323
322 324
322 3774
323 325
323 547
324 3619
325 326
325 327
326 327
326 328
327 2846
327 1041
328 2281
328 1719
329 330
329 1915
330 2579
330 3941
330 412
331 333
331 1810
332 1413
332 487
332 995
333 335
333 615
333 2979
334 336
334 3935
335 336
335 337
335 3209
336 338
336 2932
337 339
337 3259
338 339
338 490
339 340
339 957
340 342
340 3013
340 3402
341 342
341 470
341 2148
342 1209
342 389
343 344
343 1417
344 345
344 1261
344 1602
344 2819
345 895
345 2624
345 1129
346 347
346 348
347 2740
347 1987
347 2977
348 350
348 1345
348 1301
349 2597
350 352
350 2152
351 353
351 3288
351 531
351 653
351 3057
352 353
352 354
353 355
353 2137
353 2057
354 355
354 356
355 2492
355 1701
355 365
355 1052
356 357
356 358
356 3375
357 1039
357 629
358 359
358 3277
358 1605
359 360
359 1578
359 2443
359 1073
359 2461
360 361
360 998
361 1987
361 929
362 979
362 474
363 364
363 595
364 365
364 2722
364 1627
365 366
366 2012
367 380
367 2544
367 2358
368 370
368 2351
369 370
369 371
369 2802
369 3841
370 371
370 372
371 372
371 373
372 3816
372 3612
373 3112
373 2753
374 375
374 376
375 2246
375 2122
376 377
376 3218
377 378
377 379
377 1746
378 379
378 3574
378 2889
378 2576
379 380
379 381
380 381
380 382
380 2226
381 382
381 1515
381 2986
381 1977
381 2265
381 3483
382 383
382 1685
382 3620
382 3819
383 384
383 385
383 1367
383 3576
384 1950
384 775
385 386
385 3362
385 681
386 388
386 1346
386 2960
386 3168
386 3137
387 388
387 389
387 957
387 2799
388 389
388 3557
388 1598
388 2970
389 390
389 475
389 2823
389 3405
390 392
390 2878
391 392
391 393
392 393
392 2749
393 394
393 395
393 506
394 2492
394 1562
394 1396
395 396
395 397
396 3707
396 3534
397 398
397 399
397 467
398 399
398 797
398 1441
398 3635
399 401
399 678
399 3165
400 3196
400 2564
400 3753
400 849
401 402
401 2248
401 2379
401 2165
402 403
402 404
402 721
402 3588
403 404
403 405
403 3855
404 406
404 2617
405 406
405 3674
405 3151
406 408
406 2313
406 981
407 408
407 409
407 1344
407 1490
408 410
408 1516
408 1589
409 410
409 411
410 3670
410 2874
410 3495
411 412
411 2955
412 413
412 414
413 3561
413 430
413 2523
414 416
414 3464
414 2590
414 2712
415 416
415 588
415 2316
416 417
416 1717
416 425
417 418
417 419
417 2934
418 419
418 420
419 420
419 421
419 1698
419 2616
420 422
420 2943
420 2185
421 422
421 2956
421 3805
421 1308
422 3891
422 2725
422 728
423 425
423 2683
424 425
424 929
425 426
425 1102
425 593
426 428
426 1548
426 1071
427 428
427 429
427 2111
428 1485
428 940
429 3479
429 3051
430 431
430 3304
431 2583
431 1219
432 953
433 435
433 2447
434 1162
435 437
435 3032
435 821
436 3859
436 2533
437 439
437 3299
437 1742
438 2859
438 2423
438 2702
439 3830
439 2968
439 2703
440 441
440 442
441 443
441 1943
442 444
442 3364
443 445
443 3465
443 2925
443 3791
444 445
444 446
444 2522
445 446
445 447
446 447
446 1862
446 1242
447 448
447 449
447 1347
447 1852
447 2599
448 449
448 2732
448 874
449 451
449 657
449 1263
450 451
450 1068
450 3487
451 453
451 2926
451 2604
452 454
452 2786
453 454
453 3716
453 1938
453 1124
453 2982
454 455
454 3132
454 896
454 3577
455 456
455 1148
455 1047
456 457
456 1269
457 739
457 3187
458 459
458 460
459 460
459 461
459 1160
459 3471
460 461
460 462
460 2444
460 3201
460 3880
461 462
461 2940
461 1945
462 896
462 811
462 2597
462 3149
462 3527
463 465
463 2132
464 466
464 3732
465 466
465 467
465 3080
465 3237
466 3692
466 3318
467 468
467 2310
467 3525
468 2827
468 783
468 2031
468 1875
469 470
469 2330
470 472
470 2052
471 3954
471 521
472 473
472 1757
473 474
473 475
474 476
474 3763
475 3783
476 2211
476 2691
476 1709
477 2832
477 3219
477 1591
478 2334
478 2926
478 2039
479 480
479 2616
480 481
480 482
481 1406
481 3977
482 483
482 484
482 3026
483 3070
483 2682
484 3539
484 1802
484 2393
485 3365
485 1499
486 488
486 3049
487 3296
487 1633
488 490
488 3168
489 491
489 863
489 2429
489 2585
490 491
490 492
491 493
491 1297
492 493
492 494
492 1969
492 749
492 1915
493 494
493 495
493 3140
494 495
494 496
495 496
495 497
495 3785
496 497
496 498
497 3974
497 2397
497 2568
498 3545
498 1762
499 500
499 501
500 502
500 3240
501 2948
501 3229
501 1893
502 504
502 3846
503 504
503 3710
504 505
504 506
505 506
505 507
505 1285
505 1433
505 2432
506 508
506 2869
507 508
507 509
507 2991
508 510
509 3289
509 3698
509 3146
510 1872
510 1632
511 512
511 513
511 601
511 2533
512 849
512 3815
512 3944
513 515
513 2875
514 2704
515 516
515 3073
515 2906
516 518
516 1692
516 906
516 3733
517 518
517 519
518 520
518 2216
518 1939
519 520
519 521
519 2457
519 3464
519 1920
520 521
520 3916
521 522
522 524
522 1977
522 645
523 525
523 2552
523 2546
524 526
524 2253
525 1607
525 2402
526 528
526 1879
526 3088
527 529
527 748
527 2953
528 530
528 2093
529 530
529 822
530 531
530 1721
531 533
531 1032
531 3925
532 533
532 534
533 534
533 1929
534 535
534 536
535 536
535 537
535 3809
536 537
536 538
536 2522
537 3383
537 840
537 1011
538 539
538 3965
539 541
539 2617
539 2757
540 541
540 542
541 542
541 543
541 2094
542 2376
542 3272
543 544
543 574
544 545
544 1644
545 546
545 547
545 1809
546 547
546 1997
546 2297
547 1613
547 2624
548 549
548 577
549 550
549 2166
550 2779
550 2649
551 552
551 1668
551 944
551 1053
551 3052
552 553
552 554
552 953
552 636
552 1092
553 554
553 555
553 1255
554 555
554 3031
554 1572
555 557
555 1001
555 817
555 1227
556 1447
556 3291
557 559
557 2749
557 1528
558 559
558 560
559 1911
559 1253
559 3364
559 3818
560 561
560 562
560 587
560 1151
561 562
561 2024
562 563
562 564
562 2489
563 565
563 2766
564 1854
564 3815
564 1254
565 566
565 3860
565 1542
566 568
566 1844
567 568
567 569
568 908
568 851
568 2345
568 1657
569 570
569 571
570 871
570 1373
570 2343
571 573
571 3762
572 574
572 1485
572 3114
573 574
573 575
574 575
574 576
574 2039
575 576
575 1694
576 3758
576 1906
576 3943
576 2153
577 847
577 3199
578 580
579 2257
580 2049
580 2264
580 2942
580 1378
581 582
581 583
581 3139
581 738
582 3598
582 1209
582 2535
582 3129
582 1434
583 584
583 585
584 3819
584 2908
585 586
585 3660
586 1821
586 3468
587 588
587 3533
587 3800
587 2833
588 590
588 1432
588 3056
588 3210
589 591
589 2458
590 591
590 1982
590 2738
591 592
591 1859
592 691
592 1096
593 594
593 3834
593 2136
594 596
594 1401
595 596
595 597
595 1152
595 1503
595 3372
596 597
596 3493
597 598
597 599
597 3952
597 1832
598 600
598 1625
598 2590
599 2618
599 2158
599 2181
599 1442
600 602
600 2739
600 1243
600 1693
600 2543
601 3009
602 2148
602 2656
603 2080
603 1005
603 3944
603 1067
603 3574
603 3828
604 605
604 866
604 2905
604 2937
605 606
605 607
606 607
606 608
607 609
607 1968
608 610
608 1449
608 3113
608 2014
609 3012
609 2157
609 1716
609 3503
610 2282
610 3767
611 2204
611 1237
612 613
612 614
612 2231
612 2658
613 614
613 3840
614 615
614 3076
615 616
615 617
615 1743
615 2531
615 3702
616 617
616 1708
617 1822
617 2625
617 1519
617 1281
618 620
618 1375
619 621
619 1331
620 621
620 622
620 1084
621 622
621 676
621 2809
621 2739
622 624
622 937
623 624
623 625
624 3851
624 1693
625 626
625 2391
625 3356
626 628
626 3430
627 629
627 1892
627 1673
627 3230
628 629
628 813
628 2554
628 2101
628 3206
629 630
629 631
630 631
630 632
631 632
631 633
632 633
632 3746
633 634
633 635
634 3934
634 2872
635 3360
635 1646
635 1479
635 3848
636 2781
637 638
637 639
638 3349
638 3110
638 3629
638 3973
639 641
639 2609
639 3622
640 1616
640 2998
641 642
641 3324
641 1158
642 643
642 644
643 1170
643 3873
643 2016
643 1082
644 645
644 2253
645 646
646 3128
646 2830
647 648
647 2789
647 1461
648 649
648 2561
648 3177
649 650
649 3819
649 1757
650 651
650 779
651 2170
651 3767
651 1793
652 654
652 2853
652 1580
653 654
653 1139
654 655
654 2622
655 657
655 1508
656 658
656 1676
656 3390
656 3710
657 3616
657 2363
658 659
658 660
658 2656
659 694
659 3456
659 844
660 661
660 662
661 1314
661 1122
662 664
662 3866
662 2365
663 834
663 3740
663 2938
664 2741
665 667
666 3795
666 3618
666 1367
667 1085
667 3688
667 2364
667 2449
668 670
668 2721
669 2433
669 1787
670 3453
670 2285
671 673
671 1488
671 2421
672 673
672 674
672 3355
673 674
673 675
674 3224
674 1645
674 3840
674 2880
675 677
675 2941
676 678
677 1098
677 2894
678 679
678 680
678 2040
679 1703
679 2963
679 1903
680 681
680 3685
681 682
681 3623
682 2420
683 684
683 685
683 2011
683 3530
684 685
684 2591
684 1207
685 687
685 1740
685 2846
685 3725
685 2885
686 688
686 1113
687 688
687 1102
688 689
688 690
689 690
689 2992
689 3845
690 691
690 692
690 2417
691 692
691 693
692 694
692 1173
693 695
693 1219
693 1729
694 1429
694 3290
694 3601
695 696
695 697
695 3506
695 760
695 3569
696 3235
696 1144
696 2881
696 2040
696 2483
697 698
697 3628
698 699
698 2186
699 701
699 2251
700 701
700 3648
701 702
701 703
702 703
702 2494
703 704
703 705
703 3082
704 3448
704 965
705 706
705 707
706 708
706 1379
707 708
707 2101
708 757
708 956
709 711
709 768
710 712
710 2576
710 3909
711 3521
711 3971
712 713
712 1131
712 1258
712 1705
713 715
713 1437
714 3005
714 1456
714 1901
715 716
715 717
715 1136
716 717
716 718
716 3570
717 3592
717 3716
717 1273
717 1679
717 2798
718 768
718 2428
718 3079
719 720
719 721
719 2466
719 2904
720 722
720 1065
720 3324
721 3060
721 2643
722 3219
722 2412
722 3178
722 2479
723 2594
723 3466
723 1324
723 3339
724 725
724 3544
725 1204
725 2484
726 727
726 2934
726 2805
726 1484
727 729
727 1591
728 729
728 2914
729 731
729 3812
729 2163
729 2559
730 3693
730 800
731 732
731 904
731 2144
731 1994
731 3085
732 733
732 2698
733 734
733 735
734 735
734 1340
734 1681
734 2635
734 1776
735 736
735 2982
735 1851
735 3221
736 737
736 3211
736 3839
737 739
737 1519
738 739
738 2314
739 740
739 741
739 2867
739 1873
739 2564
740 741
740 3156
741 742
741 743
742 743
742 744
742 2698
742 1699
743 744
743 745
744 3676
744 2501
744 1999
745 746
745 747
746 1583
746 2462
746 2433
747 748
747 3717
748 1150
749 2559
749 2448
749 3895
750 752
750 1563
750 2700
751 752
751 753
751 2171
752 2549
752 3381
752 2582
753 754
753 3462
754 2744
754 2162
755 756
755 1629
755 1908
756 2829
756 3946
757 758
757 759
757 1761
758 759
758 760
758 1623
759 760
759 2769
759 3904
759 1433
760 3397
761 762
761 3784
761 2562
762 764
762 2864
762 3415
763 764
763 765
764 765
764 3477
764 1243
765 766
765 2262
765 1860
766 767
766 1567
766 1319
767 769
767 3780
767 3530
767 3044
768 769
768 1612
769 770
769 771
769 1806
770 3543
771 772
771 3354
771 3003
772 774
772 3803
772 2342
773 3576
773 1621
773 1167
774 776
774 1541
775 776
775 1409
775 1530
775 2971
775 3675
776 777
776 1359
777 779
777 2032
777 1334
777 2620
778 780
778 1018
778 3867
779 781
779 1585
779 2437
780 781
780 782
780 2824
781 782
781 783
781 2056
782 784
782 2045
782 2286
782 2431
783 1220
783 2226
783 3626
784 785
784 1189
784 3374
785 786
785 787
786 787
786 2649
786 3994
787 788
787 1393
787 3306
788 790
788 1168
788 1661
788 2943
788 2224
789 791
789 2407
789 1524
790 791
790 1616
790 2098
790 2422
790 2704
790 3426
791 793
791 2502
792 793
792 794
793 794
793 1395
793 3750
794 795
794 1987
795 797
795 3787
795 3797
796 797
796 2178
796 2582
797 799
797 2117
797 904
798 3395
798 3467
799 833
799 3515
799 1340
800 801
800 802
801 802
801 803
802 804
802 2753
803 805
803 3075
803 1842
804 3761
804 1364
805 806
805 2442
805 3126
806 808
806 2998
806 3982
807 808
807 960
808 809
808 810
809 811
809 3180
810 1877
810 2969
811 813
812 814
812 2836
813 1682
814 815
814 2872
815 816
815 817
816 2285
816 1604
817 819
817 1593
818 2675
818 2443
819 820
819 821
820 821
820 822
821 3828
821 1282
821 3815
822 823
822 2155
823 824
823 825
824 826
824 2924
825 826
825 827
825 3613
826 828
826 2040
826 2892
826 3721
827 828
827 1895
827 2460
828 829
828 830
829 3438
829 2519
829 2253
830 831
830 3738
831 3026
831 3713
832 2003
832 1314
833 2700
833 1473
834 2349
834 3485
834 3679
834 2473
834 1822
835 836
835 3090
836 2125
836 2952
837 838
837 839
838 840
838 1733
839 3633
839 2035
839 1033
840 842
841 842
841 843
841 1195
842 843
842 844
842 3461
843 844
843 1051
843 2161
844 845
844 846
845 846
845 847
845 2164
846 3415
846 949
846 2741
846 3678
847 849
848 849
848 2630
849 851
849 3953
850 851
850 852
850 3147
850 1958
850 2407
851 1061
851 2765
851 1613
852 1279
852 1019
852 947
852 1889
853 855
853 2700
854 855
854 856
855 856
855 3799
856 857
856 858
856 1991
857 858
857 3503
857 1876
858 860
858 1303
859 860
859 861
859 3690
860 861
860 2368
860 2227
861 862
861 1506
862 863
862 2116
862 3586
863 864
863 1186
864 866
864 1109
865 867
865 3948
865 2196
866 867
866 868
866 2387
867 868
867 1243
868 870
868 3013
868 2176
869 871
869 1704
870 871
870 1145
870 2756
871 872
871 873
872 873
872 874
873 875
873 3348
873 1879
873 2520
873 3915
874 1957
874 1392
874 2127
875 877
875 2180
875 3027
876 2671
876 2970
877 879
877 3092
877 2774
878 879
878 880
879 880
879 1161
879 3718
879 2045
879 1406
879 3745
880 881
880 882
881 882
881 883
882 884
882 1534
882 3778
883 1329
883 3327
884 2272
884 2511
884 1577
884 2104
884 3402
884 3537
885 886
885 887
885 1735
886 887
886 888
886 1137
886 1516
887 888
887 2906
887 1173
888 889
888 1962
889 890
889 891
889 2771
890 891
890 3783
891 893
891 1701
891 1430
891 1286
891 3260
892 2333
892 2732
892 1567
893 895
893 3767
894 896
894 971
895 896
895 951
895 2295
895 2956
895 2409
896 897
896 898
896 3992
897 898
897 899
897 3118
898 1704
899 901
899 3168
900 901
900 902
900 1653
901 902
901 1352
902 1087
903 904
903 905
905 907
905 1667
905 3514
906 908
906 2749
907 909
908 909
908 3670
908 1267
908 2560
909 910
909 911
910 911
910 1070
911 2637
911 3698
912 913
912 914
912 1724
913 914
913 1347
914 915
914 916
914 3022
915 916
915 917
916 917
916 2108
916 2947
917 918
917 3480
917 2527
918 919
918 1884
919 921
919 3402
919 3122
920 1222
921 1119
921 1410
922 923
922 3832
922 1822
923 924
923 3047
923 2689
924 2407
924 2547
924 3179
924 2812
924 1307
925 926
925 927
926 927
926 928
927 928
927 929
928 929
928 1929
928 3305
929 930
929 931
929 1841
929 3292
930 932
930 1525
930 2671
931 933
931 2240
931 1499
931 1866
931 2020
931 3265
932 933
932 1198
933 935
933 2370
934 935
934 936
935 936
935 3059
936 2365
936 1247
937 3048
937 1153
937 1855
937 2257
937 3043
938 939
938 940
939 940
939 941
939 3414
940 941
940 3785
941 942
942 943
942 1807
942 3916
942 3322
943 944
943 945
944 946
944 1380
945 2583
945 1413
945 3516
946 947
946 948
946 1808
947 948
947 949
947 2275
948 949
948 950
948 1800
949 1385
949 1652
950 951
951 953
951 2073
951 3766
952 954
952 2031
952 3320
953 3356
953 3496
954 1143
954 3395
955 956
955 957
956 1529
956 2003
957 959
958 959
958 960
959 961
959 1786
959 2856
960 961
960 962
961 962
961 1231
962 3380
962 3488
962 3205
962 1358
963 3401
963 3383
964 966
965 966
965 967
965 2833
966 967
966 968
966 3568
967 969
967 3553
967 971
968 2932
968 2618
969 1209
969 1503
970 971
970 972
971 3015
971 3522
972 973
972 2812
973 975
973 2418
974 975
974 976
975 3612
975 3455
975 2763
976 977
976 978
976 3205
976 1294
977 3640
977 1035
978 979
978 980
979 980
979 2242
980 981
980 982
981 982
982 983
982 984
983 985
983 2263
984 985
984 986
985 987
985 2453
986 987
986 988
987 988
987 1506
987 1778
988 989
988 990
988 2212
988 2469
989 990
989 1670
990 2681
990 2713
990 2288
990 1179
991 3662
991 2406
991 3000
992 2270
992 1984
993 2922
993 2384
994 996
994 3356
995 2337
995 2837
996 997
996 998
996 2407
996 2003
997 1302
997 2325
998 1532
998 2759
999 1000
999 2610
999 2748
999 3463
999 2285
1000 2153
1000 2189
1000 2062
1001 1002
1001 1003
1002 3954
1002 2976
1002 2451
1003 1004
1003 1005
1004 1005
1004 3194
1004 3485
1005 3469
1005 3836
1006 1007
1006 1008
1007 1009
1007 2529
1007 2961
1007 3798
1008 1381
1008 2922
1008 3901
1008 2495
1009 1011
1009 1068
1010 1012
1010 3342
1011 1012
1011 1013
1011 1929
1012 2395
1012 3550
1012 3788
1013 1402
1013 3895
1013 2092
1013 3198
1013 3882
1014 1015
1014 1016
1015 1016
1015 1017
1016 1018
1016 2307
1017 1018
1017 1771
1017 3582
1017 3759
1018 3858
1018 3090
1018 3967
1018 2783
1019 1021
1020 2894
1020 1807
1021 1022
1021 1326
1021 2387
1022 1024
1022 3081
1022 1797
1023 1024
1023 2042
1023 1094
1024 1025
1024 1754
1024 3719
1025 1027
1025 2138
1026 1027
1026 1028
1026 1794
1026 3683
1027 1028
1027 1029
1028 1029
1028 1030
1029 1030
1029 1031
1029 2268
1030 1032
1030 3788
1031 2716
1031 2202
1032 1034
1033 3597
1033 2958
1033 3108
1034 1035
1034 2586
1034 2400
1035 1121
1035 3206
1035 1141
1036 1868
1036 2049
1036 1205
1037 2140
1037 2437
1038 1040
1038 2771
1038 3561
1039 3763
1039 2876
1040 1041
1040 3004
1041 1042
1041 1043
1041 3959
1042 2705
1042 3705
1043 1044
1043 1417
1043 3800
1044 1045
1044 1046
1044 1640
1044 3812
1045 1046
1045 1047
1045 2992
1046 3600
1047 1048
1047 3297
1047 1085
1048 1050
1049 1050
1049 2515
1050 1052
1050 2489
1050 1639
1051 1052
1051 3122
1052 1698
1053 1054
1053 2188
1054 1055
1054 3687
1054 1206
1054 1473
1055 1056
1055 1057
1055 2124
1055 3388
1056 1057
1056 1058
1056 1922
1058 1059
1058 1914
1059 1060
1059 1582
1060 1062
1060 2344
1060 2297
1060 2645
1061 1063
1062 1064
1062 2173
1062 2055
1062 2778
1063 1064
1063 3467
1064 3192
1064 2956
1065 1066
1065 1067
1066 1067
1066 3140
1067 1068
1067 1403
1067 2514
1067 3651
1068 1069
1068 2152
1069 1070
1069 1071
1069 2883
1070 1071
1070 1072
1070 2445
1070 3835
1071 2159
1072 1073
1072 2641
1072 1752
1073 1074
1074 1075
1074 2933
1074 3779
1075 1076
1075 1077
1076 1078
1076 2403
1077 1079
1077 1489
1077 2910
1078 1079
1078 1080
1078 3123
1079 1080
1079 1081
1080 1281
1080 1217
1080 1361
1081 1082
1081 1672
1081 2761
1082 1083
1082 3225
1083 2091
1083 2097
1084 2205
1085 1086
1086 1088
1086 2143
1086 3787
1087 1088
1087 1089
1088 1090
1088 2535
1089 1090
1089 1806
1089 1703
1090 1091
1090 1092
1091 1093
1091 1768
1091 1719
1091 3817
1092 1093
1093 1095
1093 3558
1094 3061
1095 1097
1095 1282
1095 2186
1096 1098
1096 2172
1096 1811
1096 3713
1096 2734
1097 1098
1097 1099
1097 2635
1098 1099
1098 1100
1099 1820
1099 1312
1100 1101
1100 1114
1100 1394
1100 2745
1101 1102
1101 1103
1102 2485
1102 1657
1103 1104
1103 1105
1103 3903
1104 3155
1104 1169
1104 2365
1104 1342
1105 2387
1105 1734
1105 2425
1105 3698
1106 1107
1106 1108
1106 3638
1107 1108
1107 1109
1108 3295
1108 3805
1108 3563
1108 1242
1108 1446
1109 1110
1109 1111
1110 1111
1110 1112
1111 1112
1111 3456
1111 1454
1112 1113
1112 3192
1113 1114
1113 1252
1114 3325
1115 1116
1115 1117
1115 2908
1115 3236
1115 3981
1116 1117
1116 1118
1116 2132
1116 2518
1117 1118
1117 1119
1117 2516
1117 1138
1118 1120
1118 3104
1118 3673
1119 1121
1120 1146
1120 3339
1120 2619
1121 2625
1121 3244
1122 1124
1122 2901
1123 3035
1124 2697
1125 1126
1125 1127
1125 3813
1126 1127
1126 1128
1126 3033
1127 3628
1127 2871
1128 3150
1128 2714
1128 3906
1129 1130
1129 2356
1129 3020
1130 1131
1130 1132
1130 3920
1131 2179
1132 3235
1132 1346
1132 2064
1132 3603
1133 3904
1133 2955
1133 1559
1134 1135
1134 1701
1135 1136
1135 2095
1135 3543
1135 2994
1135 2548
1136 1138
1136 1658
1138 1862
1139 1141
1140 1142
1140 3448
1141 1142
1141 3524
1142 1143
1142 2480
1143 1479
1144 1329
1144 2398
1145 1146
1145 1663
1145 2963
1146 1147
1146 1361
1146 3131
1146 2334
1147 1149
1147 1715
1148 1150
1149 2708
1149 3210
1149 1836
1149 3335
1150 1152
1151 1152
1152 1154
1153 2099
1154 1155
1155 1156
1155 2277
1155 1775
1156 1157
1156 1158
1156 2160
1157 1158
1157 3548
1157 3131
1158 2386
1158 2695
1159 2839
1159 2365
1160 1162
1160 3860
1161 1163
1162 1163
1162 1164
1163 1165
1163 3125
1163 1905
1164 1166
1164 2635
1164 1238
1165 1166
1166 1167
1166 1168
1166 2555
1166 2821
1167 1168
1167 1169
1168 1170
1168 2902
1168 1463
1169 1171
1169 3939
1170 1171
1170 2847
1170 2430
1171 1173
1171 2579
1172 1174
1172 2249
1173 1174
1173 1317
1173 2386
1174 1175
1174 1955
1174 1283
1175 1176
1175 2238
1175 1760
1176 1177
1176 1178
1176 3128
1177 1179
1177 3957
1177 3893
1178 1179
1178 2245
1178 2575
1178 1801
1178 1944
1178 2437
1179 1180
1179 1941
1180 1182
1180 3240
1180 1617
1180 3077
1181 3124
1181 1737
1182 1183
1182 1332
1182 1660
1182 1825
1183 1185
1183 2266
1184 1185
1184 1186
1185 1186
1185 3656
1186 1187
1186 1195
1186 2536
1187 1189
1187 2272
1188 1189
1188 1190
1189 1191
1189 3780
1189 3844
1190 1191
1190 1192
1190 3150
1191 1192
1191 1193
1192 1194
1192 1737
1192 3565
1193 1194
1193 2161
1194 1196
1194 1730
1196 1702
1196 3516
1196 1303
1196 2950
1197 1199
1197 2073
1198 1200
1198 2779
1198 3276
1198 1938
1199 1200
1199 1638
1200 1201
1200 1202
1200 1240
1201 1202
1201 1203
1201 3337
1202 1203
1202 2248
1203 1204
1203 1205
1204 1206
1204 2988
1204 2987
1205 1844
1206 1208
1206 3345
1206 1741
1207 1209
1207 3958
1208 1210
1208 2646
1209 1211
1210 1211
1210 1212
1210 1839
1210 3564
1211 1212
1211 1213
1212 1213
1212 1214
1213 1215
1213 2032
1213 3098
1214 1216
1214 1221
1214 1810
1214 2935
1215 1217
1215 1844
1215 2187
1215 1594
1216 1217
1216 2109
1216 3160
1216 2234
1217 2726
1218 1220
1218 1399
1218 2551
1219 1220
1219 1221
1219 1857
1219 3016
1220 2807
1220 2678
1220 3846
1221 1222
1221 3919
1222 1223
1222 1224
1223 1224
1223 3902
1224 3648
1224 3720
1225 1226
1225 1227
1225 3263
1226 1228
1226 3804
1227 1229
1227 3512
1227 3497
1228 1229
1228 2376
1228 3312
1229 1230
1229 3703
1229 1581
1230 1231
1230 2090
1230 2102
1230 2602
1231 1233
1231 3280
1231 3400
1232 1233
1232 3356
1233 1234
1233 2065
1234 1235
1234 1236
1234 3084
1235 1237
1235 2488
1236 1238
1236 3674
1237 1238
1237 1378
1238 1983
1239 1240
1239 1767
1239 2703
1240 3790
1240 2787
1241 1242
1241 1243
1241 3231
1241 3526
1242 2057
1243 1256
1244 1246
1244 1754
1244 1676
1245 1246
1245 1247
1245 1890
1245 3730
1246 1248
1246 1331
1246 2791
1247 1798
1247 1941
1247 3811
1248 1250
1248 2866
1248 3861
1249 1250
1249 1965
1249 3622
1250 1489
1250 2082
1251 1252
1251 1253
1252 1253
1252 2251
1252 2402
1253 1254
1253 1631
1254 1255
1254 1256
1255 1256
1255 1375
1255 3271
1256 1258
1256 3623
1256 3296
1257 1258
1257 1259
1257 2898
1258 1468
1258 1359
1259 2899
1259 3836
1259 2204
1260 1261
1260 1262
1260 3152
1261 1263
1262 1263
1262 1858
1262 1613
1263 1265
1264 1795
1264 2500
1265 1266
1265 3818
1266 1267
1266 3277
1266 2111
1267 3545
1267 3548
1267 3616
1268 1270
1269 1271
1269 2385
1270 1271
1270 1272
1270 3175
1270 3784
1271 2903
1272 1273
1272 1274
1273 1594
1274 1275
1274 1276
1275 1276
1275 1277
1276 1277
1276 1278
1276 2180
1277 1817
1277 3995
1277 1983
1278 1279
1278 1280
1279 1280
1279 1302
1280 1281
1280 1282
1281 1295
1282 3835
1282 3302
1283 1284
1283 1945
1283 2628
1284 1286
1285 1287
1286 2859
1287 1288
1287 1289
1287 1632
1288 1289
1288 1704
1289 1290
1290 1291
1290 1292
1291 1293
1291 2880
1291 2375
1292 1294
1292 2797
1292 2784
1292 2904
1293 2470
1293 2879
1293 3426
1293 1655
1293 3360
1294 3670
1295 1296
1295 1297
1295 2893
1296 1297
1296 1298
1296 2385
1296 3656
1297 1298
1297 1299
1298 1300
1298 3139
1299 1300
1299 1301
1299 2092
1299 2213
1300 1301
1300 3104
1301 3013
1302 1304
1302 2804
1302 2739
1303 1925
1303 3340
1303 1666
1304 1305
1304 1306
1304 1476
1304 2907
1305 3610
1306 1308
1306 3084
1306 1313
1307 3970
1307 2868
1308 1309
1309 1310
1309 2928
1309 3230
1310 1312
1310 3333
1310 2026
1311 1312
1311 1313
1311 1706
1312 1313
1312 1314
1313 1314
1313 2553
1314 1315
1314 1316
1315 1316
1315 1317
1315 2475
1316 1317
1316 1318
1316 2137
1317 1671
1317 1332
1317 2072
1318 1320
1318 2128
1318 2378
1319 1320
1319 1321
1320 1321
1320 3195
1321 2473
1321 1534
1322 3347
1322 3250
1323 1324
1323 1619
1324 1325
1324 3442
1324 3635
1325 1326
1325 1327
1326 3863
1326 3826
1327 1328
1327 1957
1328 1330
1328 3938
1329 1331
1330 1331
1330 1332
1330 2259
1331 1332
1331 1658
1332 1334
1332 1357
1332 3961
1333 1334
1333 1335
1333 3317
1334 1336
1334 1645
1335 1336
1335 1337
1336 1337
1336 1338
1336 3863
1337 1338
1337 1339
1337 2046
1338 1339
1338 2918
1338 2996
1338 1812
1339 1340
1339 2003
1340 1342
1341 1343
1342 3454
1343 1344
1343 1732
1344 3749
1344 2335
1345 1905
1345 2301
1346 1347
1346 1348
1346 2307
1346 3897
1347 1348
1348 3676
1348 2692
1349 1350
1349 1351
1350 1351
1350 1352
1351 1353
1351 3610
1352 3872
1353 2136
1353 3777
1354 3725
1354 2250
1355 1356
1355 1357
1356 1357
1356 1358
1357 1358
1357 2750
1357 1539
1358 1359
1359 1360
1359 2580
1360 1361
1360 1362
1360 3943
1361 1363
1361 2711
1362 1363
1362 1364
1362 1900
1362 2021
1363 1364
1363 1914
1363 3215
1364 1365
1364 3187
1364 2861
1365 1366
1365 1367
1365 3050
1366 1367
1366 1368
1368 1369
1368 1606
1369 2440
1369 2946
1369 1942
1370 1371
1370 1372
1370 3831
1371 1373
1371 2954
1372 1374
1372 2455
1372 1997
1372 2195
1373 1375
1373 2883
1374 1376
1374 2704
1374 3463
1374 3479
1375 1377
1376 1377
1376 3454
1376 2638
1377 1379
1377 1488
1378 1379
1378 1380
1379 3641
1379 2707
1380 1381
1380 3874
1381 1383
1381 1634
1382 1383
1382 1384
1382 3866
1382 2898
1382 3652
1383 1385
1383 2745
1384 1385
1384 1386
1385 3919
1385 2743
1386 1387
1386 1388
1387 1388
1387 3149
1388 1389
1388 1390
1388 2166
1389 1390
1389 1391
1389 3194
1390 1392
1390 2503
1391 1392
1392 1393
1392 3070
1393 1395
1393 2171
1394 1395
1394 1396
1395 2388
1396 1397
1396 3320
1397 2672
1397 3797
1398 1400
1398 3894
1398 1557
1399 1400
1399 1401
1400 1401
1400 2351
1400 3429
1400 1624
1401 2491
1401 1471
1402 1403
1402 1404
1403 1405
1403 3411
1404 1406
1404 2623
1404 3630
1405 1406
1405 1407
1405 3138
1405 2326
1406 1407
1406 2068
1407 1408
1407 1409
1408 1410
1408 2821
1408 3658
1409 2932
1409 2705
1410 1411
1410 1412
1411 1412
1411 1413
1412 1413
1412 1414
1413 1415
1413 1687
1414 1415
1414 1416
1414 1587
1414 3213
1415 1417
1415 3300
1416 1417
1416 1418
1417 1418
1417 1419
1418 2933
1418 2489
1419 3583
1419 2296
1420 1421
1420 1422
1421 2665
1421 3012
1422 1424
1422 1779
1423 1425
1423 2771
1423 3589
1423 2967
1424 1425
1425 1426
1425 1427
1426 1428
1426 3764
1426 3419
1427 1478
1427 3037
1427 3966
1427 2474
1428 1430
1428 3844
1429 1430
1429 1431
1430 1432
1430 2050
1431 1432
1431 2225
1431 1521
1432 1434
1432 1968
1433 2545
1434 3935
1435 1437
1435 2943
1436 1437
1436 1506
1437 1438
1438 1439
1438 1440
1438 2502
1438 3998
1439 2383
1439 2833
1440 1442
1440 2332
1441 1442
1441 1443
1441 2923
1441 3655
1442 1443
1443 3262
1443 2667
1443 1612
1443 3122
1443 3965
1444 1445
1444 1446
1445 1446
1445 1447
1445 1948
1446 1447
1446 1632
1446 1625
1447 1449
1447 3972
1448 1449
1448 1934
1448 2063
1449 1451
1449 3329
1450 1452
1450 2656
1451 2539
1451 3714
1452 2773
1452 2676
1453 1454
1453 2392
1453 1481
1454 2989
1454 1702
1455 1457
1455 2966
1455 1930
1456 1458
1456 2121
1456 2640
1457 1459
1457 1801
1457 2010
1458 2242
1458 2870
1458 2067
1458 3893
1459 1460
1459 1461
1460 1883
1461 2006
1462 1463
1462 1464
1462 2612
1463 1464
1464 2738
1464 1926
1465 1467
1465 3427
1465 1983
1466 1467
1466 2353
1466 3697
1467 3333
1467 1862
1468 1470
1468 2456
1469 1471
1469 1505
1470 1471
1470 1472
1471 1473
1471 1618
1471 2622
1472 3472
1472 2570
1473 1474
1474 1476
1474 3591
1474 3470
1474 3660
1475 1476
1475 1477
1475 3768
1476 1478
1476 3974
1477 1478
1477 1530
1478 2071
1478 2813
1479 1480
1480 1482
1480 2143
1480 3970
1481 1482
1481 2340
1482 1484
1482 2897
1483 1485
1483 3856
1483 1944
1483 3947
1484 1485
1485 1486
1485 2018
1486 1488
1486 3905
1486 2177
1486 2383
1487 2395
1487 3983
1487 2021
1488 1489
1488 1490
1490 1492
1491 1492
1491 1691
1491 1712
1492 1493
1492 1494
1493 1494
1493 1923
1493 2539
1494 1495
1494 1496
1494 2159
1495 1496
1495 3473
1496 1497
1496 1498
1496 2912
1496 3091
1497 1498
1497 1499
1497 2900
1498 2610
1498 1610
1499 3782
1500 1501
1500 1502
1500 3169
1501 1502
1501 1503
1502 2555
1502 3743
1503 1505
1503 3204
1503 3691
1504 1506
1504 3555
1504 3624
1505 1507
1505 2800
1506 1508
1507 1508
1507 1509
1507 2282
1507 1819
1508 1896
1509 1511
1509 3554
1510 1512
1510 3928
1510 3532
1510 1737
1510 2414
1511 1512
1511 1869
1512 1514
1512 3639
1512 2349
1512 3645
1513 3417
1513 3451
1514 1515
1514 2375
1515 1517
1516 3527
1517 1518
1517 1519
1517 2685
1517 1895
1517 3154
1518 1519
1518 3569
1518 3280
1519 1521
1519 3172
1519 1770
1520 1522
1520 3662
1521 1867
1521 1785
1522 2923
1522 2469
1522 2107
1522 2886
1523 1524
1523 1525
1524 1526
1524 3595
1525 2844
1525 3045
1525 3855
1526 1528
1526 3625
1527 1529
1527 2645
1527 2413
1527 3747
1528 1530
1528 1550
1529 1530
1529 2201
1529 3786
1530 1531
1530 1532
1531 2045
1531 2074
1532 2665
1532 3163
1533 1535
1533 3883
1534 1535
1534 1536
1535 2774
1535 3755
1536 1537
1536 3727
1536 3898
1537 1538
1537 2849
1538 2424
1538 3823
1539 1540
1540 1542
1540 2561
1540 1926
1540 2859
1541 1542
1541 1543
1542 1543
1542 1544
1543 1544
1543 3143
1543 2703
1544 1546
1544 1761
1545 1546
1545 3738
1545 3053
1545 3092
1546 1773
1547 1548
1547 3889
1547 2541
1548 1549
1549 1550
1549 2316
1549 3372
1550 1552
1550 3006
1551 1552
1551 1553
1552 1553
1552 2498
1552 3491
1553 2045
1553 2347
1554 2770
1554 3775
1554 2613
1555 1556
1555 1557
1556 1557
1556 1951
1557 1559
1557 3862
1557 3320
1558 1559
1558 1560
1558 3109
1559 1560
1559 3293
1559 3945
1560 3226
1560 2011
1561 1562
1561 3951
1562 3780
1562 2807
1563 1565
1563 3971
1564 1565
1564 2641
1565 1566
1565 3584
1566 1567
1566 1568
1568 2967
1568 2912
1569 1570
1569 2667
1569 3309
1570 1572
1570 3814
1571 1572
1571 1573
1571 3627
1572 1574
1572 2222
1573 1574
1573 2046
1574 3050
1574 3115
1574 2258
1575 1577
1575 3729
1576 1577
1576 2777
1576 3300
1576 3510
1577 1624
1578 1580
1579 1580
1579 1581
1579 3119
1580 3690
1581 1582
1581 1583
1582 1583
1582 1584
1583 1584
1583 1585
1584 1585
1584 1586
1585 1587
1586 1587
1586 1588
1586 1631
1587 1588
1588 2283
1588 3344
1588 3798
1588 1807
1588 3116
1589 2480
1589 3911
1590 1592
1590 3502
1590 3467
1591 1593
1591 2691
1592 1593
1592 1594
1593 2405
1594 1595
1595 1597
1595 2224
1595 2755
1596 1598
1596 3667
1596 3612
1597 2053
1597 1637
1597 3710
1597 3625
1598 1599
1598 2447
1598 2565
1598 2862
1598 3546
1599 1601
1599 1914
1599 3356
1600 1602
1600 2134
1601 1602
1601 3734
1602 1604
1603 1604
1603 2057
1603 2290
1604 3911
1604 1905
1604 3138
1605 2039
1605 1978
1606 1607
1606 1608
1607 1609
1608 1953
1609 1610
1609 1611
1610 1611
1610 3920
1611 1612
1611 1883
1612 2557
1613 3785
1613 2287
1614 1615
1614 1616
1615 1616
1615 2004
1616 1618
1616 1978
1616 2131
1617 1619
1617 1960
1618 1620
1618 2435
1618 3657
1619 1620
1619 1621
1620 1621
1620 1948
1621 2840
1621 3843
1621 3499
1622 1624
1623 1624
1623 1724
1624 1626
1624 2643
1624 1674
1625 1626
1626 2734
1626 2713
1627 1629
1627 2312
1628 1630
1628 3884
1629 3961
1629 2419
1630 1632
1630 1984
1630 3367
1630 2395
1630 2663
1631 1633
1632 3757
1633 2082
1634 1635
1634 1636
1635 1636
1635 1637
1635 3693
1635 2960
1636 1637
1636 1638
1637 2337
1638 1639
1638 1640
1639 1640
1640 2331
1640 1866
1641 2706
1641 2225
1642 1643
1642 1644
1642 3039
1643 1644
1643 1645
1643 2133
1644 1646
1646 1647
1646 2156
1646 2426
1646 2324
1647 1648
1647 1928
1647 2868
1648 1650
1648 2660
1648 3723
1649 1651
1649 2824
1649 1739
1650 1651
1650 1652
1650 3153
1651 1652
1651 1653
1651 3478
1652 2892
1652 3196
1653 1655
1654 1655
1654 1656
1655 3520
1656 1658
1656 2436
1656 3980
1657 1659
1657 2524
1658 2428
1658 3761
1658 2610
1659 1660
1659 3926
1660 1661
1660 1973
1660 2691
1661 1663
1661 2598
1662 1663
1662 1664
1663 1665
1663 1924
1664 1665
1664 1666
1665 1666
1665 2453
1666 1667
1666 2614
1667 1669
1667 2519
1667 2055
1667 3503
1668 1670
1669 1670
1669 2085
1669 2675
1669 2445
1670 1671
1670 1672
1670 2795
1671 1673
1671 3956
1671 3426
1671 2956
1672 1673
1672 1674
1673 1674
1674 1675
1674 2459
1675 3296
1676 1678
1677 1678
1677 1679
1678 3923
1679 1680
1679 2536
1680 1682
1681 1683
1682 3419
1682 2514
1682 2653
1683 2233
1683 2405
1683 2914
1684 1686
1684 1792
1684 2609
1685 2956
1685 2409
1686 1687
1687 1688
1688 3577
1688 3504
1688 1905
1689 1690
1689 1691
1689 2269
1690 2886
1690 3806
1691 2965
1691 2238
1692 1693
1693 1694
1693 1716
1694 1696
1694 1779
1694 1748
1694 3601
1695 1696
1695 1697
1696 1697
1696 3648
1696 3234
1697 1698
1697 2456
1697 2790
1698 1699
1698 2751
1699 1700
1700 1702
1700 1898
1701 1702
1701 1703
1701 1725
1702 1897
1703 2952
1704 1706
1704 3816
1705 1706
1706 1876
1706 3101
1706 2560
1706 1774
1707 1708
1707 1709
1708 1710
1708 2645
1709 1710
1709 2485
1710 1712
1711 3112
1711 3563
1712 1714
1712 1901
1712 2910
1713 1714
1713 1715
1713 2683
1714 1715
1714 1716
1714 3330
1714 3120
1715 1717
1715 3692
1715 3580
1716 2433
1717 1719
1717 1799
1718 1719
1718 1720
1719 1721
1720 1721
1720 1722
1721 1722
1721 1723
1722 1723
1723 1725
1723 2307
1724 2377
1725 1726
1726 1727
1726 1728
1726 2476
1727 1729
1727 3619
1728 1730
1728 2274
1728 2858
1729 1731
1730 1731
1730 3417
1730 2070
1731 2630
1731 2895
1732 1733
1732 1734
1733 1735
1733 3814
1733 1834
1734 3803
1734 3355
1735 1737
1736 1737
1736 1738
1736 2972
1736 1788
1738 2208
1738 2654
1738 1874
1739 3073
1740 1742
1740 2072
1740 2368
1742 1743
1743 3052
1743 2352
1743 2364
1744 2248
1744 2075
1745 1746
1745 1747
1746 1748
1747 1748
1747 1749
1747 3548
1748 2482
1748 3870
1748 2214
1749 1750
1749 1751
1749 2806
1750 1979
1750 2495
1751 3475
1751 3831
1752 2363
1752 2997
1752 3357
1752 1872
1752 2423
1752 3259
1753 1754
1754 1756
1754 2615
1755 1757
1755 2989
1755 3736
1756 1757
1756 1758
1757 2402
1757 2448
1758 1931
1758 3614
1759 1760
1759 1761
1760 2986
1761 1762
1762 1764
1762 3762
1763 1764
1763 2367
1763 3396
1764 1766
1764 2719
1764 2890
1765 1766
1765 1767
1766 3689
1766 2853
1767 1769
1767 3164
1768 1769
1768 1770
1769 1770
1769 1771
1770 1771
1770 2964
1771 1772
1771 1773
1772 1774
1772 3698
1773 1774
1773 1775
1774 1775
1774 3090
1775 1776
1776 1777
1776 3303
1777 1779
1777 2207
1778 1780
1778 3511
1778 3446
1779 1780
1779 1781
1780 1781
1780 3869
1781 2351
1781 2077
1782 1783
1782 1784
1783 1784
1783 1785
1784 1785
1784 2203
1784 2360
1785 1786
1785 1787
1785 3740
1786 1788
1786 3874
1787 1789
1788 2790
1789 1790
1789 2483
1790 1792
1791 1792
1791 1793
1792 1793
1792 1803
1793 1794
1793 3967
1794 2260
1795 1796
1795 1797
1795 2785
1795 3513
1796 1805
1797 2120
1798 1799
1798 1800
1798 2362
1798 3417
1800 1801
1800 2233
1801 1802
1801 2615
1801 3094
1801 3465
1803 3614
1803 3316
1803 1963
1804 1806
1804 2300
1804 3028
1805 3577
1805 3871
1805 2746
1805 3403
1806 1808
1807 2825
1808 1809
1809 2704
1809 2851
1810 1812
1810 2392
1811 3711
1812 3727
1812 1816
1813 1815
1813 3999
1814 1815
1814 1816
1815 1816
1815 2276
1815 2856
1815 3189
1816 1817
1816 3629
1816 3222
1817 1818
1817 1819
1817 2419
1818 1819
1818 1820
1818 2717
1818 3942
1819 2373
1819 2775
1820 1822
1820 3772
1821 1822
1821 2816
1821 1943
1822 2755
1822 3493
1822 3689
1822 3429
1823 1824
1823 1825
1824 1825
1824 1826
1825 2690
1826 1827
1826 1828
1827 1828
1827 1829
1828 1829
1828 1830
1829 1831
1829 1957
1830 1832
1830 3301
1831 1832
1831 1833
1832 3677
1833 2718
1833 2966
1834 3434
1834 3500
1835 1836
1835 3796
1836 1837
1837 2329
1837 2764
1838 1839
1838 3194
1839 3935
1839 2462
1840 1841
1840 1842
1841 1843
1841 3868
1842 1844
1843 1844
1843 1845
1844 2936
1845 1846
1845 3257
1846 1847
1846 1848
1847 1848
1847 1849
1848 1850
1848 3810
1849 1850
1849 1851
1849 3836
1850 1851
1850 2557
1851 3320
1852 1853
1852 3398
1853 1855
1853 2839
1854 1855
1854 1856
1854 2666
1854 3420
1855 1857
1855 2204
1856 3137
1856 2626
1857 1859
1858 1859
1858 1860
1859 1861
1859 3154
1859 3698
1859 3720
1860 1861
1861 1862
1861 3986
1861 2789
1862 1864
1862 3361
1863 1864
1863 2526
1864 1865
1864 3144
1864 3618
1865 1867
1865 3640
1867 1868
1867 3347
1868 2198
1868 2338
1868 2459
1869 1871
1869 2441
1869 2359
1870 1872
1870 3704
1870 3286
1871 1872
1871 1873
1871 3284
1872 1873
1872 3724
1873 2497
1873 2577
1874 1875
1874 1876
1874 3481
1874 3650
1875 1876
1875 2173
1877 1878
1877 1879
1877 2371
1877 3598
1878 1879
1878 3523
1879 1881
1880 1881
1880 1882
1880 2948
1881 1882
1881 1883
1881 3462
1882 1883
1882 1884
1882 3608
1883 1884
1883 2263
1884 1886
1884 2447
1885 1886
1885 3142
1886 1888
1886 2206
1886 2511
1887 1889
1887 3219
1888 1889
1888 1890
1889 1890
1890 1891
1891 1892
1891 1893
1891 3161
1892 1893
1892 1894
1892 2174
1893 1894
1894 1895
1894 1896
1895 1896
1895 2089
1896 1897
1896 1898
1897 2656
1897 3529
1897 2498
1898 3743
1898 3735
1899 1900
1899 2529
1900 1901
1901 1902
1901 1903
1902 1903
1902 1904
1902 3165
1902 3783
1902 2173
1903 3311
1904 1905
1904 2204
1905 1962
1906 3837
1906 2582
1907 1908
1907 1909
1908 1909
1908 2378
1908 3567
1909 1910
1909 2929
1910 3220
1910 2450
1910 2434
1911 1912
1911 1913
1911 2154
1912 1913
1912 1914
1912 2680
1913 1914
1913 1915
1914 1915
1914 1916
1915 3949
1915 2561
1916 1917
1916 1918
1916 2939
1917 1918
1917 2282
1918 2329
1918 3357
1919 1920
1919 2978
1919 3393
1919 3482
1919 3704
1920 1921
1921 1922
1921 1923
1922 2066
1922 2079
1922 2779
1923 1925
1924 1926
1925 1927
1926 1927
1927 1928
1927 1929
1928 2945
1928 2617
1928 3682
1929 1931
1929 3911
1930 3625
1930 2599
1931 3314
1931 1975
1931 3745
1932 1933
1932 3395
1933 1934
1933 1935
1933 2674
1934 1935
1934 1936
1935 3317
1935 1977
1935 2662
1936 3704
1937 1938
1937 1939
1938 2118
1939 3945
1940 1942
1940 3503
1940 3958
1942 3623
1942 2300
1943 1944
1943 2636
1943 2283
1946 1947
1946 1948
1946 2125
1947 1949
1947 2563
1947 3561
1948 2952
1948 3784
1949 1951
1949 3590
1950 1952
1950 2843
1950 2267
1950 2762
1951 1952
1951 3944
1951 2341
1952 1954
1952 2795
1953 1954
1953 3015
1954 1955
1954 1956
1955 1956
1955 1957
1955 3226
1955 1994
1956 1957
1956 3498
1957 2988
1957 3573
1957 2314
1957 3734
1958 2107
1959 1960
1959 3391
1961 1962
1961 2399
1962 1964
1963 3323
1963 2175
1963 2986
1964 1966
1964 3500
1965 2055
1965 2206
1965 2594
1966 1967
1966 3458
1967 1969
1967 3290
1968 1970
1969 1971
1969 3861
1970 1971
1970 2972
1971 1973
1971 3535
1972 1973
1972 1974
1973 3761
1974 1975
1974 1976
1975 1977
1975 2472
1976 2443
1976 2775
1977 1978
1979 1980
1979 1981
1979 3974
1980 1981
1980 1982
1981 1983
1981 3396
1981 2432
1981 3931
1982 1984
1982 3603
1984 1986
1984 3269
1985 1986
1985 1987
1986 1987
1986 1988
1987 2052
1988 1989
1988 1990
1988 2202
1988 3836
1989 1991
1989 2269
1990 1991
1990 1992
1990 3471
1990 3681
1991 2948
1992 1993
1992 1994
1993 1994
1993 1995
1993 2083
1994 2318
1995 1996
1995 1997
1995 2355
1996 1997
1996 1998
1997 1998
1998 1999
1998 2472
1999 2001
1999 2994
2000 2363
2000 3690
2001 2002
2001 2003
2001 2168
2002 2004
2002 2432
2002 3708
2004 2409
2005 2007
2005 3770
2006 2007
2006 2008
2007 2009
2007 3149
2007 3247
2008 2009
2008 2010
2009 2010
2009 2011
2009 3074
2009 3415
2010 2011
2010 2944
2011 3638
2011 3754
2011 2452
2012 2014
2013 2014
2013 2015
2014 2015
2014 3309
2014 2650
2015 2016
2015 2017
2016 3020
2016 2017
2017 2018
2017 2019
2017 2420
2018 2019
2018 2020
2018 3249
2019 2020
2019 2021
2020 2022
2021 2022
2022 2024
2022 2213
2023 2024
2023 2025
2023 2694
2024 2025
2025 2026
2025 2027
2025 2939
2026 2027
2026 3760
2026 2793
2027 3981
2028 2030
2028 2532
2029 2031
2029 2716
2030 2032
2030 3776
2031 3926
2031 2514
2032 2033
2032 2034
2033 2035
2033 2942
2033 3518
2034 2035
2034 2036
2035 2556
2036 2037
2036 2038
2036 2281
2037 2038
2037 2039
2038 2615
2038 2551
2039 2041
2040 2041
2041 2042
2041 2043
2042 2043
2042 2044
2042 3499
2043 2044
2043 3974
2044 2045
2044 2046
2045 2046
2045 3244
2045 2410
2047 2048
2047 3544
2047 2658
2048 2049
2048 2050
2048 2086
2049 2050
2049 3329
2050 2051
2051 3391
2052 2054
2052 2531
2053 2055
2053 2330
2054 2055
2054 2056
2054 2840
2056 2058
2058 2059
2058 2060
2058 2735
2058 3097
2059 2061
2059 2623
2060 2061
2060 2062
2060 3401
2061 2062
2061 2063
2062 3697
2063 2780
2064 3139
2065 2066
2065 2067
2065 2710
2066 2067
2066 3787
2066 3176
2067 2068
2067 2866
2067 2156
2068 2070
2068 2488
2069 2071
2069 3523
2070 2071
2071 2073
2072 2073
2072 2074
2073 2074
2074 2075
2074 2076
2075 2076
2075 3913
2075 3616
2076 2077
2076 2078
2076 2575
2076 3468
2077 2078
2078 2079
2078 2080
2079 2081
2080 2081
2080 2579
2081 2082
2081 2083
2082 2084
2083 2085
2084 2085
2084 2151
2085 2087
2086 3460
2087 2088
2087 2713
2088 2090
2089 3975
2090 2845
2090 2792
2091 2092
2091 2093
2092 2437
2092 2367
2093 2094
2093 3726
2094 2095
2095 2097
2096 2097
2096 2098
2097 3081
2097 3495
2099 2100
2099 2269
2100 2916
2100 2615
2101 2692
2101 2920
2102 2231
2103 2832
2103 3749
2104 2105
2104 2291
2105 2107
2105 2750
2106 2107
2106 2698
2107 2108
2107 3298
2108 2109
2108 2110
2108 3269
2109 2111
2109 2599
2110 2111
2110 2112
2110 3362
2110 2480
2111 2727
2111 2154
2112 2113
2112 2114
2113 2114
2113 2115
2114 2115
2114 2116
2115 2116
2115 2117
2116 2117
2116 2118
2116 2866
2117 2648
2118 2931
2119 2121
2119 3979
2120 2121
2120 2122
2121 2122
2121 2743
2122 2124
2122 2917
2122 3012
2123 2124
2123 3682
2124 2912
2125 2126
2126 2127
2126 2128
2127 2128
2128 2129
2128 2130
2128 3036
2129 2130
2129 2131
2129 3441
2130 2131
2130 2132
2131 2132
2132 2134
2133 2134
2133 2221
2134 2135
2134 2136
2135 2136
2135 2137
2136 2249
2137 2139
2137 2471
2138 2139
2138 2329
2139 2140
2139 2141
2140 2141
2140 2142
2140 3602
2141 2142
2141 2143
2142 2143
2142 2144
2143 2144
2143 2667
2144 2146
2144 2577
2145 2146
2145 2147
2146 2147
2146 3147
2147 2148
2147 2149
2148 3025
2148 2709
2149 2150
2149 2151
2149 2526
2149 3580
2150 2151
2150 2152
2150 2390
2151 2152
2151 3168
2152 3536
2153 2154
2153 3845
2155 2156
2155 2157
2155 3721
2155 3344
2155 3617
2156 3141
2157 2158
2157 2159
2158 2160
2160 2346
2160 3968
2160 3470
2161 2824
2161 2885
2162 2163
2162 2164
2163 2165
2164 2165
2165 2166
2166 2167
2167 2168
2167 2706
2168 3595
2168 2750
2168 2446
2168 2773
2169 2170
2169 2751
2169 3705
2170 2171
2170 3393
2171 2467
2171 2932
2172 2399
2172 2694
2174 2176
2175 3545
2176 3535
2176 2805
2177 2179
2178 3462
2179 2180
2179 2896
2180 3558
2181 2182
2181 2183
2182 2183
2182 2184
2182 2860
2183 2184
2183 2185
2183 2278
2184 2185
2184 2186
2184 3308
2186 3018
2187 2189
2188 3833
2188 3584
2189 2863
2189 3507
2190 2191
2190 2192
2191 2192
2191 2193
2192 2193
2192 3687
2193 2194
2193 2901
2194 2196
2194 2648
2195 2745
2196 3910
2197 2199
2197 2927
2198 2199
2198 2200
2198 3866
2199 2200
2199 2201
2200 2201
2200 2202
2201 2525
2202 2204
2203 2204
2203 2205
2203 3946
2205 2206
2205 3992
2205 2627
2206 2207
2206 2843
2206 3189
2207 2208
2207 2724
2208 2210
2208 2831
2209 2210
2209 2211
2210 2211
2210 2212
2211 2212
2211 3342
2212 3118
2212 3652
2212 2675
2213 3569
2213 3108
2214 2215
2215 2216
2215 3203
2215 2539
2215 3201
2216 2218
2217 2219
2218 2219
2218 2220
2218 2603
2219 2221
2219 2763
2220 2221
2220 2222
2220 3682
2221 2222
2222 2223
2222 2224
2223 2224
2223 2225
2224 2225
2227 2229
2227 2917
2227 2515
2228 2230
2228 2299
2229 2231
2229 2383
2230 2231
2230 2232
2231 2233
2232 2234
2232 2726
2232 2494
2233 2234
2233 3975
2234 2235
2235 2237
2235 3714
2236 2237
2236 2238
2237 2238
2237 2239
2239 2240
2239 3623
2239 3261
2240 2241
2240 2242
2240 3547
2241 2242
2241 2243
2241 2624
2242 2243
2242 2244
2242 2923
2243 2244
2243 2245
2244 2246
2244 2273
2245 2247
2245 2528
2245 3936
2246 2248
2246 3283
2246 3578
2247 2248
2247 2249
2247 2435
2248 2250
2249 2250
2249 2768
2250 2252
2250 3622
2251 2920
2251 2333
2251 2936
2252 2253
2252 2254
2253 2254
2253 3422
2254 2255
2254 2417
2255 2256
2255 2495
2256 2258
2256 2649
2257 2259
2258 2259
2258 2260
2258 2852
2259 2261
2260 2262
2260 2284
2261 2262
2261 2263
2262 2263
2262 3001
2263 2973
2263 2421
2263 3354
2264 3061
2265 3833
2265 3607
2265 2680
2265 3492
2266 2267
2267 2269
2268 2270
2269 2270
2270 2271
2270 2272
2271 2272
2271 2273
2271 3753
2272 2273
2272 2274
2272 3486
2273 2274
2273 2275
2274 2275
2274 2438
2275 3118
2276 2278
2277 2278
2277 3762
2278 2279
2279 2280
2279 3813
2279 2943
2280 3677
2280 3340
2281 2470
2281 2835
2281 3262
2282 2284
2283 2284
2283 2285
2283 3160
2284 2286
2284 3066
2285 2583
2285 2758
2286 2288
2286 3654
2287 2289
2287 3239
2288 2290
2288 3730
2289 2290
2289 2724
2290 2292
2290 3590
2291 2293
2291 3352
2292 2294
2292 2965
2293 2295
2293 2795
2294 2296
2294 3839
2295 2297
2296 2353
2296 2324
2296 2498
2298 2299
2298 2351
2299 2301
2300 2302
2301 2930
2302 2303
2302 2501
2302 2591
2303 2304
2303 2305
2303 3924
2303 3945
2304 2305
2304 2306
2304 3146
2305 2907
2305 2446
2306 2307
2306 3678
2307 2579
2308 2309
2308 2310
2309 2310
2309 3284
2310 2311
2310 3141
2311 2312
2311 2313
2312 2314
2312 3980
2312 3369
2313 2314
2313 2315
2313 3267
2314 2530
2315 2316
2315 3717
2316 3629
2316 2853
2317 2318
2317 2319
2318 2320
2319 2321
2319 3300
2319 2500
2320 2644
2321 2323
2321 3474
2322 2323
2322 2324
2323 2324
2323 2643
2324 2325
2324 3752
2325 2326
2325 2327
2326 2327
2327 3358
2328 3656
2328 2354
2329 2330
2329 3265
2329 2646
2329 3250
2330 2331
2331 2596
2331 2812
2332 2333
2332 2334
2333 2335
2333 3906
2334 2335
2335 2336
2336 2337
2336 2338
2337 2338
2337 3206
2337 3473
2338 2339
2338 2340
2339 2644
2340 2342
2340 2999
2341 2342
2342 2343
2342 2393
2343 3980
2343 2810
2344 2345
2344 2346
2346 2348
2346 2421
2347 2348
2347 2349
2347 2451
2348 2349
2349 2351
2350 2351
2350 2352
2351 2353
2352 2353
2352 3135
2353 2954
2354 2356
2354 3154
2355 2356
2356 2357
2357 2358
2357 2359
2358 3519
2358 2946
2359 2361
2360 2361
2360 2752
2361 2362
2361 2363
2361 2819
2362 3777
2363 2365
2363 3605
2364 2983
2364 3108
2364 3230
2365 2713
2365 3065
2366 2367
2366 2368
2367 3231
2369 2370
2369 2371
2370 2371
2370 2372
2371 3225
2372 2373
2372 2374
2373 2374
2373 3849
2374 2376
2375 2861
2376 2377
2376 2378
2377 2976
2378 3369
2378 3434
2379 2380
2379 2381
2380 2381
2380 2552
2381 2790
2381 3539
2382 2748
2382 3994
2383 2384
2384 3927
2385 2387
2386 2387
2386 2456
2387 2388
2387 3963
2388 2390
2388 3482
2389 2390
2389 3567
2390 2391
2391 2393
2391 2687
2391 3249
2392 2393
2393 2750
2394 2395
2395 2396
2396 2397
2396 2398
2397 2398
2398 2399
2398 2400
2398 3048
2399 2400
2399 2401
2400 2401
2400 3622
2401 2402
2401 2403
2402 2403
2402 3935
2403 2619
2403 3288
2403 3508
2404 2405
2404 3358
2406 2408
2406 3487
2406 2692
2407 2572
2408 2410
2408 3063
2409 2410
2410 2411
2410 2639
2411 2412
2411 2657
2412 2414
2413 2415
2414 2415
2415 2416
2415 2417
2416 2417
2416 2821
2416 3749
2417 2419
2417 2634
2418 2419
2418 2420
2419 2421
2420 2422
2422 2423
2422 2530
2424 2425
2424 2688
2425 2427
2425 3403
2426 2428
2426 3005
2427 2428
2427 3374
2428 2430
2428 2765
2429 2430
2430 2431
2431 2433
2433 2435
2434 2435
2435 2436
2436 2437
2436 2438
2437 3765
2438 2439
2438 2454
2439 2441
2440 2936
2440 2882
2441 2443
2441 3134
2442 2982
2442 3131
2442 2681
2443 2444
2443 3532
2444 2446
2445 2447
2446 3840
2447 3794
2450 2451
2450 2452
2450 3719
2451 3172
2452 2453
2453 3845
2453 3852
2454 2456
2454 3642
2455 2457
2455 3960
2455 3018
2457 2546
2458 2459
2458 2460
2460 2461
2460 2808
2461 2462
2463 2464
2464 2465
2464 2466
2464 3019
2465 2466
2465 2898
2466 2468
2467 2468
2467 2518
2468 2469
2468 3172
2469 3124
2470 2472
2470 2999
2471 2472
2472 3519
2473 2474
2473 2475
2474 2475
2474 3513
2475 2476
2476 2478
2477 2479
2477 3955
2477 3726
2478 2479
2478 2480
2479 2741
2479 3004
2480 2481
2481 2483
2481 3188
2482 2840
2483 2484
2484 2485
2484 2486
2484 3005
2485 3797
2486 2487
2486 3036
2487 2488
2487 3630
2487 3385
2489 3291
2490 2491
2490 3519
2491 2493
2491 2655
2492 2494
2492 3648
2492 3781
2493 2494
2493 2495
2494 2907
2495 2496
2495 2645
2495 3862
2496 2498
2496 3916
2496 3181
2497 2498
2497 2499
2498 2499
2499 2501
2499 3663
2500 2502
2501 2503
2501 3609
2502 2503
2502 3238
2503 2504
2503 2505
2504 2857
2505 3859
2505 3036
2505 3976
2506 2508
2506 3675
2507 2508
2507 2550
2508 2510
2508 3717
2509 2510
2509 2636
2510 2511
2510 2512
2511 2512
2512 2513
2512 2514
2513 3806
2513 2944
2514 2516
2515 2858
2516 2518
2517 2518
2517 2519
2517 3775
2519 2520
2519 3732
2521 2523
2521 3180
2521 2690
2522 2947
2522 3476
2523 2524
2523 2650
2524 2745
2524 3996
2525 2526
2526 2527
2527 2711
2528 2529
2529 2530
2530 3822
2532 2533
2532 2534
2532 3591
2533 2535
2534 2536
2534 3677
2535 3854
2535 3968
2536 2538
2537 2539
2537 3819
2538 2539
2538 2540
2538 3707
2539 2541
2539 3367
2540 2541
2540 3016
2541 2542
2541 2543
2541 3724
2542 2543
2542 2544
2543 2544
2544 2546
2545 2546
2545 3000
2546 3579
2547 2549
2547 3022
2549 2550
2549 2551
2550 2552
2550 2999
2550 2963
2552 2553
2552 2554
2553 2554
2554 2555
2554 2556
2554 3460
2555 2557
2556 2558
2556 3818
2556 3492
2557 2559
2558 2692
2558 3231
2559 2561
2560 2829
2562 2563
2563 2564
2563 2566
2564 3135
2565 3297
2565 2762
2566 2567
2566 2568
2567 2569
2567 2687
2568 3981
2569 2570
2569 2571
2570 2571
2570 3156
2571 2572
2571 3069
2572 2574
2573 2574
2573 2575
2573 2588
2574 2575
2574 2576
2575 2577
2575 3963
2576 2577
2578 2579
2578 2729
2579 2581
2580 3356
2580 2730
2581 2582
2581 3105
2582 3774
2583 2585
2583 3066
2583 3018
2584 2586
2584 3957
2585 2586
2586 2588
2586 3971
2587 2588
2587 2589
2588 2590
2589 2768
2589 2804
2591 3413
2592 2593
2592 2594
2593 2595
2593 2800
2594 2595
2595 2596
2595 2620
2596 2597
2596 2598
2597 2599
2597 3032
2597 3771
2598 2600
2600 2601
2600 2602
2601 2603
2602 2603
2603 2604
2604 2605
2604 2781
2604 2889
2605 2606
2605 2607
2605 3539
2606 2607
2606 2608
2606 3271
2607 2608
2607 2609
2607 2954
2607 2983
2608 2609
2608 2610
2610 2612
2611 2612
2611 2613
2611 3333
2611 3914
2612 2961
2613 2614
2614 2697
2614 2964
2616 3418
2617 3615
2617 3536
2617 3585
2618 2619
2618 2620
2619 2620
2619 2829
2619 3934
2619 3315
2620 3264
2621 2623
2621 3083
2622 3588
2623 2624
2623 2625
2624 2626
2625 2627
2626 2627
2626 2628
2628 2630
2629 2630
2629 2631
2629 2879
2630 2631
2630 2632
2631 2632
2631 2633
2632 3575
2632 3107
2633 2634
2633 2843
2634 2636
2634 3514
2635 2636
2636 2638
2636 2718
2637 2638
2637 2639
2637 3748
2638 3872
2639 2640
2639 2641
2640 2641
2641 2642
2641 2643
2642 2644
2642 2741
2643 2645
2643 3859
2644 2645
2644 3477
2644 2690
2645 2647
2646 2647
2646 2648
2647 2648
2647 2819
2648 2649
2648 2650
2649 2651
2649 3291
2650 2976
2651 2652
2651 3809
2651 3756
2652 2653
2652 3391
2653 2654
2654 2656
2655 3093
2656 2951
2657 2658
2657 2659
2657 3433
2657 3606
2659 2660
2659 2661
2660 2662
2660 2706
2661 2662
2661 3015
2662 3164
2664 2665
2665 2667
2665 3386
2666 2668
2666 3241
2666 3223
2667 2668
2667 3819
2668 2670
2668 2934
2668 3690
2669 2670
2669 2671
2670 2671
2670 2682
2671 2672
2672 2674
2672 3762
2673 2674
2673 2675
2674 2675
2674 2822
2675 2801
2676 3263
2677 2678
2677 2679
2678 2679
2679 2680
2679 2681
2681 2683
2681 3343
2681 3999
2682 2683
2682 2684
2682 2826
2683 2684
2684 2685
2684 2914
2685 3118
2686 2688
2686 3103
2687 2688
2687 2689
2687 3130
2688 2689
2688 3571
2689 2691
2689 3497
2690 2853
2691 2692
2693 2694
2693 2695
2694 2695
2695 2697
2695 2782
2696 2697
2696 2698
2696 2708
2696 2827
2697 2699
2697 3748
2698 3352
2698 3728
2699 2700
2699 2701
2699 3863
2700 3494
2700 2779
2701 2702
2701 2703
2702 2704
2702 3768
2703 3405
2703 3670
2704 3741
2705 2706
2705 3220
2707 2708
2707 2709
2707 3597
2708 2710
2709 2710
2709 3365
2710 2886
2711 2713
2711 3024
2712 2713
2713 2715
2713 2834
2714 2716
2715 2717
2715 3193
2715 3644
2716 2717
2716 2718
2717 2719
2717 3347
2718 2719
2719 2720
2720 2774
2720 3980
2721 2722
2721 2723
2722 2874
2722 3132
2723 2724
2723 3442
2724 2726
2724 3626
2725 2726
2725 2727
2726 2727
2726 2728
2727 2729
2728 2729
2728 2730
2729 2731
2729 3851
2729 3110
2730 2882
2731 2733
2731 3051
2732 2734
2733 2735
2734 2735
2734 3575
2735 2737
2736 2737
2736 2799
2737 2738
2737 2739
2738 2739
2739 2742
2739 2949
2739 3008
2740 2741
2740 2742
2741 2742
2742 2744
2743 2744
2743 2962
2744 2746
2746 2747
2747 2749
2747 3766
2748 3699
2749 2750
2750 2752
2752 3398
2752 3030
2753 2754
2754 2755
2754 3001
2755 3286
2755 3112
2756 2757
2757 2759
2758 2759
2759 2761
2759 3134
2760 2762
2760 3073
2761 2762
2763 2764
2763 2765
2764 2765
2766 2767
2766 2768
2766 3902
2767 2768
2767 2769
2768 2769
2768 2770
2769 2771
2769 3444
2770 2771
2770 2772
2770 3275
2771 2773
2772 2773
2772 2774
2772 3865
2773 2774
2774 2776
2775 2777
2776 2777
2776 3125
2777 3848
2777 3440
2778 3659
2780 2781
2781 2783
2782 2783
2783 2784
2784 2785
2784 3746
2785 2786
2786 2787
2786 2953
2787 2788
2788 2790
2788 3750
2788 3776
2789 2790
2789 2791
2790 2792
2790 2825
2791 2793
2791 3255
2792 2794
2792 3072
2792 3644
2793 2794
2794 2795
2794 2796
2795 3142
2796 2797
2796 2798
2797 2798
2797 2799
2798 2799
2799 2801
2800 2801
2800 3567
2801 2802
2802 2804
2803 3096
2803 3091
2803 3260
2803 3913
2804 2805
2804 2806
2805 2807
2805 2845
2806 2856
2806 3649
2807 2808
2807 3949
2808 2809
2809 2811
2810 2811
2811 2812
2811 2813
2812 2814
2813 2814
2813 2815
2814 2815
2814 2816
2815 2816
2815 2817
2816 2818
2817 2819
2817 3751
2818 2819
2818 2820
2820 2821
2820 2822
2821 2822
2822 2823
2823 2824
2823 2825
2824 2826
2824 3072
2825 2827
2826 2828
2827 2829
2828 2829
2828 2830
2828 3289
2829 2831
2829 3264
2830 2915
2830 2999
2831 2832
2831 2833
2831 3197
2832 2833
2832 2834
2834 2836
2835 2952
2836 2837
2836 2838
2836 3397
2837 2838
2837 2839
2838 2840
2838 3241
2839 2841
2839 3927
2839 2914
2841 2842
2841 2843
2842 2843
2842 2844
2843 3490
2843 3069
2844 2846
2845 2847
2846 3171
2846 3765
2847 2849
2847 3449
2848 2849
2848 3555
2848 3398
2849 3178
2849 3129
2850 2851
2850 2852
2851 2853
2851 3572
2852 3564
2853 3484
2854 2855
2854 2856
2855 2856
2855 2857
2855 3377
2857 3838
2857 2963
2858 2859
2859 2860
2859 3997
2860 2861
2861 3370
2862 2864
2863 2865
2863 3482
2864 2866
2864 3419
2865 2867
2865 3186
2865 3085
2867 2869
2867 3890
2869 2870
2870 2872
2870 3747
2871 2872
2871 2880
2872 2873
2872 2874
2872 3749
2873 2874
2873 2875
2874 2876
2875 2876
2875 3025
2875 3308
2876 2877
2876 2878
2876 2927
2876 3504
2877 2879
2877 3585
2878 2879
2878 2880
2879 3756
2880 2881
2881 2883
2881 3129
2881 3443
2882 2884
2883 2885
2884 2885
2884 3160
2884 3136
2886 3868
2887 2888
2887 2889
2887 3467
2888 2889
2888 2890
2889 2890
2890 2892
2891 2892
2891 2893
2891 3317
2892 2894
2893 3792
2894 2895
2894 2896
2895 2896
2895 2897
2896 3458
2896 3342
2896 3785
2897 2927
2897 3868
2899 2900
2899 3828
2899 3049
2900 2901
2901 2902
2901 2903
2902 2904
2902 3928
2903 2904
2903 2905
2905 3492
2906 3836
2908 2910
2909 2910
2909 2911
2910 3907
2911 2912
2911 3479
2912 2913
2913 2915
2913 3540
2915 2916
2915 2917
2916 2918
2916 3119
2917 2918
2917 2919
2918 3651
2918 3789
2919 2921
2919 3011
2920 2921
2921 2922
2921 2923
2922 2924
2924 2925
2924 2926
2925 2927
2926 2928
2927 3968
2928 3345
2929 2930
2929 2931
2929 3293
2930 2931
2930 2932
2931 2932
2932 3540
2933 2935
2935 3053
2936 2938
2936 3924
2937 3249
2938 2939
2940 2942
2941 2942
2941 2943
2942 2944
2944 3455
2945 2947
2945 3610
2946 2948
2946 2966
2946 3228
2947 3822
2948 2949
2949 3685
2949 3964
2950 2951
2950 3923
2951 2953
2951 3353
2952 2953
2952 2954
2953 3515
2954 2955
2955 2957
2956 3584
2957 2959
2957 3157
2958 2959
2958 2960
2959 2960
2961 2962
2961 3891
2962 2964
2963 2964
2963 3940
2965 2966
2965 2993
2965 3935
2966 2967
2967 2968
2968 2970
2969 2970
2969 3807
2970 2971
2971 2972
2973 2974
2973 3794
2974 2976
2974 3297
2975 2976
2975 2977
2976 2978
2977 2978
2977 2979
2978 2980
2979 2981
2980 2981
2980 2998
2980 3332
2981 2983
2981 3072
2982 2983
2982 3668
2983 2984
2984 2985
2984 2986
2985 2986
2985 2987
2986 3619
2987 3406
2988 2990
2989 2990
2989 3957
2989 3786
2990 2992
2990 3950
2991 2993
2993 2995
2994 2995
2994 2996
2995 2996
2995 2997
2995 3973
2996 2998
2997 2999
2998 3564
2998 3251
2998 3778
2999 3500
2999 3557
3000 3002
3000 3323
3001 3003
3002 3003
3002 3004
3002 3055
3003 3004
3003 3005
3004 3006
3005 3006
3005 3188
3007 3008
3007 3009
3008 3009
3009 3010
3009 3151
3010 3011
3010 3012
3010 3260
3011 3012
3011 3301
3012 3014
3013 3014
3013 3015
3014 3015
3014 3016
3015 3016
3015 3017
3016 3018
3017 3018
3017 3019
3017 3766
3019 3020
3020 3946
3020 3712
3021 3022
3021 3023
3021 3777
3023 3024
3023 3025
3024 3026
3024 3730
3024 3342
3025 3026
3025 3027
3026 3027
3026 3392
3027 3231
3027 3133
3028 3460
3029 3030
3029 3031
3030 3032
3031 3033
3032 3034
3033 3034
3034 3036
3035 3036
3035 3644
3036 3284
3037 3039
3038 3168
3038 3570
3039 3854
3040 3042
3041 3043
3041 3462
3042 3043
3042 3044
3043 3044
3043 3975
3044 3045
3045 3047
3046 3047
3047 3049
3048 3427
3049 3050
3049 3051
3050 3051
3051 3052
3051 3636
3053 3054
3054 3055
3054 3056
3056 3058
3057 3322
3058 3059
3058 3060
3059 3061
3059 3186
3060 3811
3060 3635
3061 3063
3062 3063
3062 3299
3062 3207
3063 3064
3063 3604
3064 3066
3064 3217
3065 3066
3065 3240
3065 3592
3066 3067
3066 3068
3067 3068
3067 3069
3068 3069
3068 3070
3068 3418
3070 3072
3071 3072
3071 3073
3072 3073
3073 3075
3074 3075
3075 3077
3075 3486
3076 3078
3077 3078
3078 3079
3078 3080
3079 3080
3080 3082
3081 3082
3081 3083
3082 3083
3083 3085
3083 3111
3083 3934
3084 3085
3087 3088
3087 3089
3087 3666
3088 3131
3089 3090
3089 3091
3091 3889
3092 3093
3093 3094
3093 3095
3095 3097
3095 3958
3096 3097
3096 3098
3097 3099
3099 3101
3100 3101
3100 3605
3101 3103
3102 3103
3102 3104
3103 3104
3103 3197
3104 3105
3104 3106
3105 3106
3106 3107
3106 3108
3107 3108
3107 3610
3111 3112
3113 3115
3114 3116
3115 3117
3116 3117
3117 3118
3117 3708
3118 3120
3119 3120
3120 3121
3121 3122
3121 3123
3124 3125
3125 3126
3125 3127
3126 3127
3126 3919
3127 3128
3127 3129
3127 3166
3128 3376
3130 3148
3132 3134
3133 3277
3134 3135
3134 3136
3135 3948
3136 3137
3137 3138
3139 3141
3139 3879
3140 3141
3142 3143
3142 3144
3143 3145
3144 3471
3144 3579
3145 3146
3145 3876
3147 3149
3148 3149
3148 3150
3150 3152
3152 3153
3153 3155
3154 3658
3155 3156
3155 3157
3156 3157
3156 3158
3156 3845
3157 3158
3157 3159
3158 3159
3158 3160
3158 3202
3159 3160
3159 3161
3160 3832
3161 3162
3162 3163
3162 3164
3163 3164
3163 3165
3163 3211
3164 3679
3167 3168
3167 3169
3169 3171
3170 3171
3170 3172
3171 3173
3171 3813
3172 3173
3173 3174
3173 3175
3174 3176
3174 3503
3175 3769
3176 3177
3176 3228
3177 3178
3177 3179
3178 3179
3178 3180
3179 3181
3180 3182
3181 3874
3182 3184
3183 3184
3183 3185
3184 3185
3185 3186
3185 3187
3186 3188
3187 3189
3188 3190
3189 3691
3190 3191
3190 3257
3190 3306
3191 3192
3191 3193
3192 3193
3192 3194
3193 3194
3193 3226
3195 3196
3195 3197
3196 3197
3196 3198
3197 3198
3198 3199
3199 3200
3199 3201
3200 3202
3200 3951
3202 3204
3203 3205
3203 3910
3204 3205
3205 3207
3207 3208
3208 3210
3208 3685
3209 3210
3210 3380
3211 3213
3212 3213
3212 3742
3213 3214
3214 3215
3214 3216
3214 3591
3214 3898
3215 3216
3215 3673
3216 3217
3216 3945
3216 3878
3217 3218
3217 3219
3218 3219
3218 3220
3219 3221
3220 3221
3220 3824
3220 3645
3221 3222
3222 3223
3223 3224
3224 3226
3224 3808
3224 3238
3226 3228
3227 3228
3227 3229
3228 3436
3229 3230
3229 3954
3231 3233
3231 3900
3232 3233
3232 3234
3233 3234
3233 3235
3235 3236
3235 3237
3236 3237
3237 3238
3239 3241
3240 3242
3241 3243
3242 3243
3242 3244
3243 3244
3243 3245
3244 3246
3245 3246
3245 3286
3246 3247
3246 3804
3247 3594
3248 3249
3248 3250
3248 3872
3249 3831
3250 3251
3251 3252
3252 3254
3252 3688
3253 3254
3254 3255
3254 3671
3255 3256
3255 3278
3256 3258
3256 3317
3257 3258
3258 3259
3258 3260
3259 3260
3261 3262
3261 3263
3261 3657
3262 3581
3262 3394
3263 3265
3263 3458
3264 3266
3266 3267
3266 3633
3267 3601
3268 3270
3268 3729
3269 3271
3270 3271
3270 3409
3272 3273
3273 3274
3273 3473
3274 3451
3274 3381
3275 3442
3276 3278
3277 3278
3277 3279
3278 3280
3279 3280
3279 3281
3279 3728
3280 3281
3280 3839
3281 3361
3282 3283
3282 3284
3283 3285
3283 3827
3284 3286
3285 3286
3285 3287
3286 3287
3287 3288
3287 3289
3288 3289
3288 3290
3288 3534
3289 3291
3291 3292
3292 3294
3294 3295
3294 3296
3294 3601
3295 3296
3295 3297
3296 3700
3297 3299
3298 3299
3298 3812
3299 3300
3301 3302
3301 3303
3302 3303
3303 3304
3304 3305
3304 3306
3305 3306
3306 3307
3307 3308
3307 3309
3309 3316
3310 3311
3310 3691
3310 3786
3311 3312
3311 3313
3311 3451
3311 3543
3312 3313
3313 3315
3313 3538
3314 3315
3316 3317
3318 3739
3318 3782
3319 3321
3321 3322
3321 3323
3322 3323
3323 3324
3324 3325
3324 3575
3325 3326
3325 3327
3326 3327
3326 3328
3327 3328
3327 3838
3327 3700
3328 3329
3328 3330
3329 3330
3329 3331
3330 3332
3331 3332
3331 3333
3332 3333
3332 3334
3334 3335
3334 3336
3335 3336
3336 3337
3336 3338
3337 3339
3337 3957
3338 3339
3338 3340
3341 3342
3341 3343
3342 3343
3343 3344
3343 3345
3345 3346
3345 3347
3345 3579
3346 3347
3346 3348
3347 3348
3348 3349
3348 3350
3348 3929
3349 3350
3349 3972
3350 3351
3350 3352
3351 3352
3351 3353
3353 3354
3355 3564
3357 3359
3358 3359
3358 3360
3359 3361
3359 3568
3360 3361
3361 3362
3362 3364
3363 3364
3363 3365
3364 3365
3365 3366
3366 3367
3366 3368
3367 3369
3368 3369
3368 3370
3369 3371
3370 3371
3370 3372
3371 3373
3371 3460
3372 3565
3373 3374
3373 3375
3374 3375
3375 3376
3376 3377
3376 3378
3377 3378
3378 3380
3379 3380
3379 3381
3380 3382
3380 3395
3381 3383
3381 3904
3381 3743
3382 3383
3382 3384
3383 3384
3383 3385
3384 3385
3384 3386
3385 3386
3386 3387
3386 3388
3387 3388
3387 3389
3388 3389
3389 3390
3390 3392
3392 3450
3393 3395
3394 3395
3395 3396
3395 3413
3396 3397
3397 3399
3397 3593
3398 3399
3399 3400
3399 3401
3399 3438
3400 3401
3401 3402
3403 3546
3404 3405
3404 3406
3405 3469
3406 3407
3406 3408
3407 3408
3407 3409
3408 3409
3408 3410
3408 3692
3409 3410
3410 3411
3410 3412
3410 3938
3411 3413
3411 3870
3412 3413
3412 3414
3413 3415
3414 3415
3416 3417
3416 3418
3418 3420
3418 3840
3419 3421
3420 3799
3421 3422
3421 3834
3422 3424
3423 3424
3423 3449
3423 3594
3424 3425
3424 3984
3425 3426
3425 3427
3427 3438
3427 3564
3428 3429
3428 3430
3431 3432
3431 3433
3432 3433
3432 3434
3433 3655
3434 3435
3435 3436
3435 3437
3436 3438
3437 3438
3437 3449
3439 3441
3439 3990
3440 3441
3440 3442
3441 3442
3442 3444
3442 3818
3444 3445
3445 3447
3445 3571
3446 3448
3447 3448
3447 3449
3448 3449
3448 3450
3449 3451
3449 3596
3450 3451
3450 3452
3451 3452
3452 3453
3452 3454
3453 3454
3453 3455
3454 3842
3455 3457
3455 3494
3456 3458
3456 3901
3457 3458
3457 3459
3458 3460
3459 3460
3459 3461
3460 3462
3461 3462
3462 3464
3463 3464
3464 3466
3465 3466
3466 3468
3468 3469
3469 3471
3472 3473
3472 3474
3473 3474
3474 3475
3474 3476
3475 3476
3475 3477
3475 3722
3475 3547
3476 3477
3477 3479
3478 3479
3479 3480
3480 3482
3480 3766
3481 3483
3482 3484
3482 3968
3483 3484
3484 3988
3486 3487
3486 3850
3487 3751
3488 3490
3489 3559
3490 3492
3491 3492
3493 3495
3493 3928
3494 3495
3496 3497
3497 3498
3498 3499
3498 3500
3501 3502
3501 3503
3502 3503
3502 3504
3505 3506
3505 3507
3506 3508
3507 3508
3507 3509
3507 3946
3508 3912
3509 3510
3509 3645
3510 3512
3510 3809
3511 3512
3511 3513
3512 3687
3513 3514
3515 3517
3516 3517
3516 3518
3517 3518
3517 3870
3518 3520
3519 3520
3519 3521
3520 3521
3520 3522
3521 3522
3521 3720
3522 3523
3523 3524
3523 3995
3523 3529
3524 3525
3524 3526
3525 3526
3525 3564
3525 3722
3526 3847
3526 3881
3527 3528
3527 3529
3528 3529
3528 3530
3529 3531
3531 3532
3531 3533
3533 3535
3534 3536
3536 3538
3537 3538
3538 3540
3539 3540
3540 3541
3540 3542
3541 3542
3541 3543
3542 3543
3542 3544
3544 3545
3544 3546
3545 3546
3549 3550
3549 3551
3550 3552
3551 3552
3551 3553
3552 3553
3552 3554
3553 3554
3553 3555
3554 3555
3554 3556
3555 3557
3556 3557
3556 3558
3557 3558
3558 3559
3558 3560
3559 3561
3559 3742
3560 3561
3560 3602
3562 3563
3562 3564
3563 3564
3563 3565
3565 3811
3566 3567
3566 3568
3567 3568
3568 3569
3569 3694
3570 3571
3571 3713
3572 3574
3573 3574
3573 3575
3574 3821
3576 3577
3577 3578
3578 3579
3580 3810
3581 3582
3581 3583
3582 3583
3583 3584
3583 3585
3584 3585
3585 3586
3585 3765
3586 3587
3586 3772
3587 3588
3587 3589
3588 3589
3589 3591
3589 3870
3590 3591
3590 3592
3592 3593
3593 3594
3594 3595
3594 3596
3595 3782
3596 3598
3597 3599
3598 3784
3599 3601
3600 3601
3600 3602
3602 3604
3603 3604
3604 3605
3604 3606
3605 3606
3605 3607
3607 3609
3608 3609
3609 3611
3611 3612
3611 3613
3612 3613
3613 3614
3614 3616
3615 3617
3617 3618
3618 3620
3619 3621
3619 3696
3620 3621
3620 3729
3621 3622
3621 3623
3622 3624
3624 3625
3626 3628
3626 3841
3626 3789
3627 3880
3628 3629
3628 3630
3629 3630
3629 3631
3630 3631
3630 3733
3631 3632
3631 3633
3631 3709
3632 3634
3633 3634
3633 3635
3634 3635
3634 3636
3636 3637
3636 3638
3637 3638
3637 3639
3637 3970
3639 3640
3639 3641
3640 3999
3640 3837
3641 3642
3641 3643
3642 3643
3643 3644
3643 3645
3646 3647
3646 3648
3646 3873
3647 3648
3647 3649
3648 3649
3648 3650
3649 3651
3650 3652
3651 3653
3653 3654
3653 3655
3654 3655
3655 3657
3655 3684
3656 3657
3656 3977
3658 3659
3659 3661
3661 3662
3662 3663
3662 3664
3663 3664
3663 3665
3664 3665
3664 3666
3665 3666
3665 3667
3666 3668
3667 3668
3668 3749
3669 3670
3669 3671
3670 3672
3670 3833
3671 3672
3672 3673
3672 3674
3674 3675
3674 3676
3675 3676
3675 3865
3676 3678
3677 3678
3677 3679
3678 3679
3679 3681
3680 3681
3680 3682
3681 3682
3682 3951
3682 3825
3683 3684
3684 3685
3685 3687
3686 3687
3686 3688
3687 3689
3688 3690
3689 3691
3691 3692
3693 3695
3694 3696
3695 3696
3695 3697
3696 3697
3696 3698
3697 3699
3697 3822
3699 3847
3700 3702
3701 3702
3701 3703
3702 3703
3703 3705
3704 3705
3704 3706
3704 3937
3706 3707
3706 3708
3707 3708
3708 3710
3709 3710
3710 3712
3711 3713
3712 3713
3713 3715
3714 3715
3714 3716
3715 3716
3715 3717
3716 3718
3717 3718
3717 3719
3718 3720
3719 3720
3720 3722
3723 3725
3725 3727
3726 3727
3727 3728
3727 3729
3729 3731
3731 3732
3731 3733
3732 3733
3732 3734
3734 3735
3735 3736
3736 3825
3737 3738
3737 3739
3738 3739
3738 3740
3739 3740
3739 3741
3740 3926
3741 3743
3742 3743
3742 3744
3743 3745
3744 3745
3744 3746
3745 3746
3747 3749
3748 3750
3750 3751
3750 3752
3751 3752
3752 3754
3754 3755
3754 3756
3755 3756
3755 3953
3757 3759
3758 3759
3758 3760
3759 3760
3760 3762
3761 3763
3763 3764
3764 3765
3764 3766
3767 3971
3768 3769
3769 3770
3769 3771
3770 3771
3770 3772
3771 3772
3772 3774
3773 3774
3773 3775
3774 3775
3777 3930
3779 3827
3781 3782
3782 3783
3783 3785
3786 3787
3787 3789
3788 3789
3788 3790
3789 3791
3790 3791
3790 3792
3791 3793
3792 3794
3792 3887
3793 3794
3793 3795
3794 3795
3794 3796
3795 3796
3795 3797
3796 3797
3796 3798
3797 3799
3798 3799
3799 3801
3799 3946
3801 3803
3801 3943
3802 3804
3803 3805
3804 3805
3804 3806
3805 3807
3806 3807
3807 3808
3807 3809
3808 3809
3808 3810
3809 3810
3810 3811
3810 3908
3812 3813
3814 3815
3816 3817
3816 3818
3817 3818
3819 3820
3820 3821
3820 3822
3821 3822
3823 3824
3823 3825
3824 3826
3825 3826
3826 3827
3826 3887
3829 3830
3829 3831
3830 3831
3830 3832
3834 3836
3835 3836
3837 3839
3838 3840
3839 3869
3841 3843
3842 3843
3843 3844
3843 3883
3844 3845
3846 3847
3846 3978
3847 3848
3847 3849
3849 3851
3851 3852
3851 3853
3852 3853
3852 3854
3853 3854
3853 3855
3854 3856
3855 3856
3856 3857
3856 3858
3857 3858
3857 3859
3858 3859
3858 3860
3859 3861
3864 3865
3864 3866
3867 3868
3868 3869
3869 3870
3871 3872
3871 3873
3872 3874
3874 3876
3875 3876
3875 3877
3876 3877
3876 3878
3877 3878
3877 3879
3878 3879
3879 3954
3880 3881
3881 3883
3882 3883
3883 3884
3883 3885
3884 3885
3884 3886
3885 3886
3885 3887
3886 3887
3886 3888
3887 3888
3887 3939
3888 3889
3888 3890
3890 3892
3891 3892
3892 3893
3892 3894
3894 3895
3894 3896
3896 3898
3897 3899
3899 3900
3899 3901
3900 3901
3902 3903
3903 3904
3904 3906
3905 3907
3906 3907
3907 3909
3908 3909
3909 3910
3910 3912
3912 3913
3914 3916
3915 3916
3916 3917
3917 3918
3917 3919
3918 3919
3918 3920
3919 3920
3920 3921
3921 3922
3921 3923
3922 3923
3922 3924
3923 3924
3924 3926
3925 3927
3926 3927
3927 3928
3927 3929
3929 3931
3930 3931
3930 3932
3932 3933
3932 3934
3933 3934
3933 3935
3936 3937
3937 3938
3938 3940
3938 3984
3940 3942
3941 3943
3942 3943
3943 3945
3947 3949
3948 3950
3949 3950
3949 3951
3951 3953
3952 3954
3953 3954
3954 3956
3955 3956
3956 3957
3956 3958
3958 3959
3959 3960
3960 3961
3960 3962
3962 3964
3964 3965
3964 3966
3965 3966
3966 3968
3967 3968
3967 3969
3969 3970
3969 3971
3971 3973
3972 3974
3975 3977
3978 3980
3979 3980
3979 3981
3980 3981
3981 3982
3982 3984
3983 3985
3984 3985
3985 3986
3985 3987
3986 3988
3987 3988
3988 3989
3988 3990
3989 3990
3989 3991
3990 3991
3990 3992
3991 3992
3991 3993
3993 3994
3993 3995
3994 3995
3995 3997
3996 3997
3997 3999
3998 3999
