3000 6000
0 1
0 2999
0 822
0 2560
0 1665
0 149
1 2
1 3
1 2999
2 3
2 4
2 619
2 965
3 5
3 2692
3 2166
3 1412
4 6
4 1781
5 7
5 2332
6 7
6 1020
6 2096
7 8
7 9
7 29
8 10
8 94
8 313
8 2917
9 11
9 1185
9 302
10 998
10 2223
11 12
11 853
11 2683
12 2084
12 1140
12 2814
13 14
13 15
14 16
14 1288
14 451
15 16
15 17
15 1557
15 2209
16 2650
16 1008
17 19
17 1011
17 1306
17 2082
17 2759
18 19
18 20
18 1092
19 949
19 255
20 22
20 2143
20 385
21 22
21 1262
21 820
22 1632
22 508
22 1800
22 2094
23 24
23 2542
24 25
24 1461
24 994
25 26
25 1079
25 2929
26 27
26 28
26 268
26 1068
27 29
27 1254
28 30
28 35
28 2050
29 30
29 2971
30 31
30 32
30 542
30 1344
30 107
31 32
31 33
31 1266
32 1299
32 2066
33 357
33 669
33 670
34 35
34 36
35 1080
35 1789
35 242
35 2895
35 2900
36 37
36 38
36 1372
36 150
37 38
37 39
37 1985
38 40
38 2023
38 2791
39 41
39 533
39 1356
40 2027
40 2293
40 1772
40 870
41 42
41 2210
41 767
41 209
42 44
42 2902
43 44
43 1608
43 2625
44 45
44 1367
45 909
45 580
45 921
46 48
46 1334
46 2290
47 726
47 1505
48 50
48 1807
48 278
48 537
48 1708
49 50
49 2609
49 1372
50 51
50 2987
50 485
51 2808
51 538
52 54
52 208
52 758
53 55
53 1198
53 996
53 2211
53 2316
54 56
54 2609
54 2745
54 2658
54 2662
55 57
55 645
55 2524
55 2762
55 1812
56 58
56 2872
57 58
57 59
57 1679
57 1359
57 2787
58 60
58 2827
59 61
59 67
60 61
60 62
60 1498
61 62
61 63
61 1191
61 2843
62 64
62 1557
62 192
62 2886
63 64
63 744
63 2632
64 65
64 66
64 314
64 2193
65 939
65 1890
66 68
66 1398
66 1901
67 830
67 96
67 1258
67 981
68 69
68 70
68 855
69 70
69 71
69 385
69 2988
70 71
70 72
71 72
71 284
72 495
72 1399
72 1811
73 74
73 2608
74 75
74 76
74 426
74 1487
75 168
75 2554
76 731
76 1647
76 422
76 1581
77 411
77 1670
78 79
78 80
79 81
79 1278
79 745
80 2823
80 1677
80 710
80 2384
81 82
81 986
81 582
81 960
81 2080
82 83
82 749
82 1386
83 1765
83 946
83 2684
84 1254
84 2113
85 86
85 87
85 1114
85 2492
86 87
86 88
86 1692
87 88
87 89
87 128
87 1307
88 1919
88 353
88 2156
89 91
89 1757
89 2324
90 91
90 92
90 2867
91 92
91 1129
92 93
92 94
93 94
93 95
94 95
94 96
95 96
95 1377
96 2831
96 2301
96 186
97 99
97 1236
97 1686
98 99
98 347
98 757
99 220
99 2511
99 1443
99 698
100 101
100 2515
101 102
101 103
101 216
101 493
102 104
102 1413
103 104
103 105
103 2932
104 106
104 2295
104 2994
105 106
105 1203
106 108
106 2264
106 2754
107 2096
107 2216
108 110
108 2653
109 110
109 181
109 1863
109 2711
110 111
110 2510
110 777
110 2919
111 113
111 1186
112 113
112 114
113 115
113 2324
113 2042
114 116
114 1735
114 1571
115 116
115 117
115 1149
116 2109
116 773
117 119
117 850
118 1711
118 1655
119 2163
119 1416
120 121
120 122
121 122
121 123
122 1410
122 2825
123 1792
123 1936
124 125
124 126
124 1550
124 2151
125 127
125 2242
126 128
126 152
126 876
127 1790
127 1259
128 2835
128 936
129 130
129 1106
129 2994
129 2562
129 2688
130 131
130 132
131 132
131 480
132 133
132 134
132 2527
133 134
133 135
134 1009
134 656
134 2448
134 2298
135 136
135 1850
135 1191
135 897
136 2737
136 2409
137 139
137 1208
137 471
138 139
138 140
139 141
139 334
139 2304
140 142
140 1803
141 142
141 2296
141 2596
142 143
142 1565
142 2873
143 144
143 145
143 813
144 1108
144 1359
144 1696
144 2024
145 1743
145 787
145 361
145 605
146 148
146 1628
147 933
147 1590
148 150
148 1507
149 150
149 726
150 2199
150 585
150 2610
151 153
151 519
151 1270
152 1968
152 1318
152 1093
153 155
153 1441
153 2298
154 155
154 156
154 2495
155 156
155 2486
155 1667
156 157
156 158
156 2432
156 1470
156 1719
156 2961
157 158
157 284
157 495
158 2516
158 2828
159 160
159 161
160 161
160 1319
161 162
161 2061
162 1053
162 2319
162 2541
162 410
163 1086
163 2955
164 166
164 2307
165 166
165 807
165 2697
165 2195
166 167
166 188
167 168
167 2948
167 1541
168 169
168 1605
168 1513
168 1903
169 171
169 460
169 1410
170 172
170 2985
170 1194
171 172
171 173
172 174
172 1639
172 1713
173 174
173 2465
173 747
173 2579
174 175
174 698
174 2055
175 177
175 2833
175 1878
175 915
175 1162
175 1439
175 1745
175 2939
176 177
176 178
176 746
177 178
177 179
177 668
178 180
178 2512
179 180
179 181
180 2092
180 2639
181 183
181 1244
182 183
182 184
183 184
183 207
183 918
183 1586
184 185
184 186
184 2500
185 1208
185 983
185 1795
186 187
187 188
187 189
187 742
187 1045
187 2700
188 2105
188 2877
188 1006
189 190
189 2727
190 192
190 903
190 2673
190 713
190 2465
191 192
191 477
191 1584
192 318
193 194
193 195
194 195
194 196
194 1589
195 197
195 1289
195 1201
196 198
196 1273
197 199
197 2374
197 2564
198 200
198 2289
198 546
199 200
199 393
199 1111
200 201
200 508
200 1673
201 202
201 2521
202 204
202 2263
203 205
203 1372
204 205
204 206
204 1145
204 1813
205 1304
205 2780
206 2071
206 608
206 2542
207 208
207 2193
207 2149
208 209
208 210
209 1973
210 211
210 1988
210 1445
211 212
211 2483
212 876
212 478
212 1903
212 1446
212 927
213 215
213 440
213 312
214 215
214 216
215 216
215 217
216 222
216 2334
216 358
217 218
217 219
217 2013
218 219
218 1610
218 2325
218 492
218 2174
219 220
219 221
220 222
220 475
220 1158
220 2115
221 222
221 223
222 223
222 1108
223 225
223 750
223 2723
223 1694
224 226
224 2582
225 226
225 2128
226 1767
226 1514
226 2221
226 2872
226 2518
227 228
227 229
228 229
228 230
228 981
228 554
229 231
229 2982
229 536
230 231
230 1109
230 1697
231 2672
231 2839
231 2085
232 233
232 234
232 921
233 234
233 1927
233 1836
234 825
234 2478
234 804
234 1459
234 2248
235 237
235 1545
236 238
236 1417
237 1054
237 1190
238 240
238 1047
239 240
239 406
239 2132
240 241
240 242
241 242
241 243
241 1955
241 907
241 1374
242 1587
242 532
243 244
243 1732
244 2709
244 2225
244 2671
245 247
245 367
246 1792
246 1374
246 280
247 1993
247 2018
248 249
248 1886
248 1990
249 250
249 1614
249 1849
249 856
250 252
250 442
251 2064
251 532
251 500
252 253
252 254
252 616
252 2233
253 254
253 2109
253 2983
253 2745
253 1744
254 256
254 1445
254 2217
255 1277
255 1110
255 2960
256 257
256 992
256 2261
257 2638
257 2778
257 1370
257 2180
258 259
258 260
259 834
259 1493
260 261
260 262
261 978
261 2148
261 2809
262 264
262 2348
263 264
263 265
263 1936
264 266
264 2469
264 1757
265 267
265 801
265 1650
266 267
266 1325
266 1207
267 268
267 269
267 1185
268 270
268 1864
269 270
269 271
269 638
269 2997
269 1828
270 272
270 2653
271 273
271 866
272 273
272 2408
272 1337
273 1187
273 1501
273 607
274 1324
274 2026
275 276
275 512
276 1107
276 2923
276 1282
276 2904
277 1410
277 1994
278 280
278 2091
278 2842
278 2305
279 280
279 281
279 1079
280 281
280 1798
280 1366
281 1152
281 664
281 1253
282 283
282 2221
283 284
283 1218
284 1382
284 2272
284 1107
284 2506
285 1079
285 562
285 808
285 1927
286 287
286 2363
286 1133
286 2952
287 288
287 289
287 622
287 1365
288 1736
288 1164
289 290
289 291
289 2538
290 291
290 2328
291 293
291 742
291 344
292 2914
292 2780
292 779
293 294
293 1719
293 2704
293 1761
294 296
294 2616
294 491
295 296
295 297
295 734
296 2409
296 1464
296 2065
297 1359
297 1183
298 300
298 637
298 1083
299 301
299 1649
299 1919
299 2131
299 613
300 302
300 2261
301 303
301 2844
302 304
303 2699
303 1498
304 306
304 2789
305 307
305 465
305 1235
305 1273
305 2867
306 307
306 1030
307 308
307 540
307 2096
308 593
308 2818
308 726
308 1161
308 1897
309 311
309 1136
309 1750
310 1504
310 485
310 2177
310 1131
310 1441
311 312
311 951
311 2856
312 1681
313 314
313 1824
313 2893
314 316
314 594
314 2543
315 316
315 317
315 1598
315 2473
315 2634
316 317
316 2533
317 318
317 1479
317 1192
317 680
318 320
318 2029
318 1388
319 320
319 321
319 1998
320 322
320 2248
320 1159
321 2237
321 1940
322 2462
322 1530
322 2307
322 2126
323 324
323 2170
324 326
324 2926
324 1233
324 1025
325 326
325 327
326 327
326 328
327 1449
327 709
328 2232
328 2763
328 999
328 2013
329 331
329 2151
329 689
330 1603
330 1945
331 614
331 2235
331 764
332 334
332 2312
333 334
333 335
333 1840
333 2377
334 335
334 1066
335 1454
335 2805
336 2745
336 2531
336 2241
336 1787
337 339
337 952
337 1844
338 339
338 2642
339 340
339 1327
340 341
340 2356
341 342
341 1111
342 2136
342 2091
342 1596
343 345
343 2771
343 2941
344 346
345 1845
345 2644
345 1741
346 534
346 2001
347 349
347 2739
348 350
348 1095
348 2620
348 457
349 350
349 570
349 1272
349 1055
350 351
350 352
351 353
351 2025
352 354
352 1493
353 355
354 1822
354 1556
354 2888
354 1929
355 357
355 1774
355 435
356 357
356 702
356 2274
356 2334
357 358
357 578
357 1065
358 359
359 360
359 361
359 1236
360 361
360 2038
360 775
361 2537
361 2686
362 363
362 947
363 364
363 1876
364 2781
364 409
364 467
365 366
365 962
365 1191
366 595
366 1026
367 368
367 369
368 370
368 2621
368 1131
369 370
369 371
369 416
369 2800
370 371
370 1206
371 1260
371 2127
372 883
372 2602
373 374
373 592
374 376
374 687
374 435
375 376
375 2918
375 1174
376 1318
376 2736
376 558
376 485
377 1517
377 2465
378 380
378 2695
379 2667
379 1984
379 1285
380 381
380 382
380 1977
380 1993
381 383
381 717
381 650
381 1860
382 384
382 1563
382 446
382 2854
383 1778
383 729
383 2464
384 386
384 1708
386 388
386 1179
387 2284
387 2466
387 2658
387 1678
388 390
388 2728
388 1902
388 1433
389 390
389 391
390 391
390 392
390 2223
391 2184
391 2414
391 1496
392 393
392 394
393 394
393 395
394 395
394 396
395 396
395 397
395 2616
396 397
396 398
397 398
397 399
398 741
398 1761
398 2738
398 1080
399 2627
399 2118
400 401
400 402
401 402
401 2726
402 403
402 1910
402 1956
402 440
403 2623
403 2143
403 1383
404 405
404 406
404 2869
404 734
404 1429
405 406
405 1581
405 1214
405 2981
406 407
406 1980
406 1522
407 409
407 2283
408 409
408 410
408 744
409 411
409 640
410 412
410 1949
410 1433
410 649
411 413
411 2906
412 413
412 1251
412 1293
412 2514
412 2389
413 2269
413 2472
413 2045
414 415
414 416
415 416
415 417
415 1967
415 1595
416 418
416 767
417 418
417 645
418 419
418 420
419 420
419 828
419 1103
419 456
420 422
420 488
421 423
421 1539
421 987
421 1689
422 424
422 2741
422 1076
422 1570
423 425
423 1298
424 425
424 579
424 1908
424 1730
425 426
425 2637
426 428
426 839
426 2934
427 428
427 429
428 429
428 430
429 430
429 431
429 2979
430 432
430 2027
431 432
431 433
432 433
432 2594
433 434
433 435
433 852
434 435
434 436
435 792
435 2166
436 1897
436 1397
437 438
437 2384
438 439
438 440
438 1004
438 1960
438 2087
439 441
439 860
440 442
440 2468
440 2062
441 442
441 443
441 1474
442 2874
442 1645
443 444
443 445
444 1386
444 2450
444 2088
444 849
445 447
445 2392
445 830
446 448
446 1376
446 1394
446 2555
446 1337
447 1925
447 1373
448 450
448 1939
448 2553
449 872
449 761
450 762
450 2586
450 2852
450 2158
451 1768
451 815
451 2382
452 454
452 2301
452 2075
452 2768
453 2721
453 1741
454 455
454 456
454 1284
455 456
455 1971
455 1820
456 457
456 625
457 458
457 2253
457 1618
458 459
458 1364
458 2193
459 461
459 1235
459 2452
460 461
460 1146
460 2130
461 462
461 463
462 463
462 464
462 1611
463 464
463 1641
464 1683
464 1537
465 467
465 1429
465 1972
466 467
466 616
467 468
467 1098
467 1077
468 470
468 895
468 2056
469 471
469 1219
469 2194
469 1342
470 471
470 472
471 473
471 865
472 473
472 474
473 1788
473 1164
474 475
474 1131
475 476
475 477
475 1620
476 2830
476 1700
476 1755
476 2836
477 2996
478 1827
479 954
479 1202
479 2461
479 1728
480 482
480 1221
481 482
481 483
482 483
482 484
483 484
483 485
483 1357
484 486
484 1141
485 1788
485 2811
485 2701
486 487
486 488
486 1274
487 488
487 489
487 1388
487 2731
488 489
488 490
489 1917
489 2620
490 492
490 735
490 1231
491 492
491 1920
492 1766
493 494
493 564
493 630
494 495
494 2912
494 2611
495 1898
495 892
496 497
496 498
496 2484
497 498
497 499
498 2589
498 2344
499 500
499 701
499 1754
499 2977
500 1256
500 855
501 502
501 503
501 2741
502 2616
502 617
502 1012
502 2992
502 2916
502 1690
503 504
503 505
503 2409
504 505
504 506
505 506
505 1821
506 2589
506 2185
507 508
507 509
508 510
509 510
509 511
509 1118
510 511
510 1036
510 1178
511 513
511 608
511 1682
512 514
512 1839
513 1444
513 2674
514 1905
514 2573
514 754
514 1857
515 516
515 517
515 1639
516 517
516 595
516 2126
516 2924
516 2385
516 1312
517 518
517 519
517 601
517 1233
518 1527
518 2099
518 2001
518 1799
519 520
519 1062
520 521
520 522
520 868
520 1381
521 522
521 523
522 523
522 524
522 1884
523 812
523 1458
523 2320
524 526
524 2951
524 1252
524 2947
524 1349
524 1545
525 526
525 580
526 1896
526 2434
527 528
527 2886
527 2016
528 529
528 530
528 991
529 530
529 531
530 531
530 532
530 859
531 532
531 533
531 1250
532 533
532 964
533 534
533 535
533 1615
533 2727
533 544
534 536
534 1412
534 1956
535 536
535 537
535 713
535 2584
535 911
536 1015
536 2563
537 539
538 540
538 1800
539 540
539 541
540 2833
540 596
541 543
541 1571
542 696
543 1124
543 1893
544 1724
545 546
545 1347
545 1207
545 1880
546 547
547 549
547 578
547 887
548 549
548 2320
548 931
549 551
549 2356
549 2049
550 551
550 552
551 552
551 591
552 553
552 554
553 555
553 1904
554 555
555 556
555 557
556 558
556 1798
556 2587
557 558
557 559
558 794
558 1913
558 565
559 561
559 788
559 2641
559 1949
560 561
560 795
561 562
561 1688
562 564
563 564
563 565
563 1084
564 566
565 566
565 2530
566 568
566 1008
566 1905
567 569
567 2701
567 783
568 569
568 1185
569 570
569 1150
569 2310
570 2059
571 572
571 573
571 587
572 573
572 574
573 574
573 2039
573 2760
574 575
574 576
575 576
575 2830
575 1918
576 577
576 932
576 2801
576 2488
577 598
577 1227
578 579
578 1171
578 601
579 581
579 2413
580 947
580 2516
581 582
581 583
581 1955
582 583
583 584
583 585
583 1511
584 586
584 1892
585 2928
585 2583
586 587
586 2562
587 589
587 2181
588 589
588 590
588 1905
589 590
589 591
589 1037
590 1394
590 1164
590 2985
591 1448
591 2299
591 2164
592 593
592 1999
592 1400
593 594
593 1918
593 2206
593 2172
594 596
594 2281
595 2535
595 2940
596 1074
596 1232
596 2189
596 2660
596 2812
597 598
597 599
598 1181
598 1143
599 921
599 902
600 601
600 635
600 1155
601 2534
601 1190
602 603
602 604
602 2802
602 1991
603 605
603 863
604 605
604 606
604 908
604 2038
605 2648
605 2798
606 607
606 608
606 2751
607 608
607 924
608 2337
608 2531
609 610
609 2083
609 2643
609 1572
610 611
610 612
611 613
611 2641
612 613
612 614
612 2577
613 614
614 615
614 2098
615 616
615 617
616 617
616 1029
616 2369
617 619
618 619
618 620
619 620
619 727
620 621
620 622
620 1320
620 1193
621 623
621 1065
622 624
622 2919
623 2596
623 1167
624 625
624 1407
624 1165
625 626
625 2974
625 2679
625 2847
626 628
626 2622
626 2604
627 629
627 1963
628 967
628 1402
629 630
629 631
630 631
630 1324
630 1943
630 2457
631 632
631 633
632 1942
632 2691
632 2083
633 635
633 1441
634 636
634 2891
635 636
635 2798
636 637
636 2161
636 1693
637 638
637 1725
638 640
639 641
639 1127
639 1810
639 2918
640 642
640 2707
641 1004
641 2287
642 643
642 1097
643 644
643 2974
644 646
644 1386
644 980
644 2340
645 646
645 2954
645 1697
646 647
646 648
646 2189
647 649
647 1730
648 650
648 2873
648 1124
649 882
650 2055
650 2411
650 882
651 1285
651 2027
651 1218
652 653
652 654
652 1151
652 1228
653 654
653 1776
653 2656
654 1766
654 992
655 656
655 1438
656 658
656 2170
657 1504
657 1888
657 1871
658 659
658 660
659 661
659 1510
660 662
660 2155
660 1818
661 662
661 1979
662 664
662 2622
663 664
663 665
663 1080
663 1511
663 1658
664 666
664 2721
665 2355
665 1473
666 667
666 668
667 669
667 1706
667 1748
667 2854
667 1427
668 2863
669 670
669 671
670 1179
670 1220
670 1651
670 2249
671 672
671 673
671 938
672 673
672 674
672 1372
673 674
673 1522
673 2266
674 675
674 676
674 1556
675 677
675 1745
675 1749
676 677
676 1326
676 2846
677 678
677 2411
677 1409
677 2356
678 679
678 680
679 680
679 681
680 1304
681 1104
681 2435
682 683
682 1132
683 685
683 2197
683 1759
684 685
684 1035
684 1996
685 686
685 687
686 687
686 688
687 2949
687 739
687 2770
688 689
688 1187
689 791
690 2096
690 1145
690 2648
690 1230
691 692
691 693
691 902
692 694
692 999
692 852
692 1407
692 1593
692 2788
692 1500
693 694
693 695
693 1631
694 695
694 696
695 696
695 720
696 697
696 698
697 698
697 699
698 2979
699 700
699 701
699 976
700 702
700 2612
700 2821
701 1926
702 1591
703 1486
703 1619
703 934
704 705
704 1300
704 2064
705 706
705 1141
706 708
706 2934
706 2606
706 748
707 708
707 709
708 709
708 1843
708 1138
709 1384
709 2682
709 1249
709 2577
710 2800
710 974
710 2036
711 712
711 713
712 713
712 2480
713 2410
713 2948
713 2161
714 2989
714 921
715 716
715 717
715 1459
715 2217
716 717
716 718
716 1448
717 718
717 719
718 719
718 2418
718 1436
718 969
718 2448
719 721
719 2177
720 722
720 1517
721 722
721 1890
722 723
722 1721
722 2310
722 2154
723 725
723 2078
724 726
724 1747
724 2101
724 1684
725 727
725 837
726 1409
727 729
728 2452
728 1256
729 731
729 790
730 731
730 732
731 733
731 767
731 1724
731 2512
732 733
732 1725
732 1524
733 734
733 845
733 2953
734 1483
735 736
735 2852
735 2251
736 737
736 738
736 2476
737 739
737 747
737 1919
738 739
738 740
738 802
739 741
740 741
740 2493
740 1801
740 2581
741 2444
741 1977
741 1187
741 2278
742 1605
743 2087
743 2904
744 1198
745 746
745 2076
746 748
746 2046
746 1098
747 1298
747 2903
748 2975
748 1931
749 750
749 751
750 752
750 2413
750 2008
751 753
751 1290
752 753
752 754
752 2593
752 951
753 755
753 2448
753 1592
754 755
754 756
754 2158
755 756
755 757
756 757
756 758
757 758
757 759
758 759
758 2474
759 760
759 2474
760 761
760 762
760 1576
761 762
761 2370
762 763
762 1004
763 765
763 2744
763 1907
764 765
764 766
765 767
765 2345
765 830
766 767
766 2707
767 2438
767 892
767 1114
767 1668
768 769
768 770
768 1748
769 770
769 1093
769 2606
770 771
770 2923
771 772
771 2900
771 2338
772 774
772 2935
772 2059
773 1035
773 2502
774 775
774 1197
775 776
775 1504
775 2736
776 1861
776 2954
776 1413
776 2281
777 2018
777 2119
777 2930
777 2009
777 2259
778 779
778 2317
779 780
779 1582
779 2311
780 781
780 782
781 2581
781 850
781 1725
782 783
782 784
783 785
783 1877
784 785
784 1787
785 787
785 2829
785 2430
785 2891
786 1664
786 1379
786 2220
787 789
787 1254
788 2234
788 2739
789 790
789 791
790 792
790 2199
791 1945
791 865
791 2133
792 793
792 1203
793 998
793 1423
794 914
794 1394
795 796
795 797
796 798
796 1537
797 799
797 816
798 2661
798 1047
799 800
799 801
799 1149
800 801
800 802
801 2520
801 2606
801 2445
802 803
803 805
803 1466
803 2862
804 2677
804 2006
804 858
804 2322
805 807
805 1837
806 807
806 808
807 809
808 810
809 810
809 1169
810 812
810 2925
810 1294
811 812
811 813
811 2789
812 813
812 1715
812 2012
813 1741
813 1982
814 815
814 2707
814 1653
814 2497
815 816
815 2786
815 1046
816 818
816 894
817 1636
817 2726
817 2032
818 819
818 820
819 820
819 2347
819 850
819 1319
820 2315
820 1373
821 823
821 1833
822 2252
822 2501
822 2050
823 824
823 1811
824 2614
824 1077
824 2244
825 826
825 827
826 827
826 828
827 829
827 2418
828 830
828 1875
829 831
829 2932
830 2489
830 1707
831 832
831 1143
831 1278
831 1530
832 833
832 2999
832 977
833 2519
833 2054
834 835
834 2461
834 1954
835 836
835 2289
835 2594
836 837
836 2973
837 838
837 839
838 839
838 840
838 985
838 1974
838 2432
838 2572
839 840
839 1406
839 1882
840 842
840 1604
841 842
841 2355
841 2615
842 843
842 2123
843 1068
843 1839
844 846
844 917
844 2748
845 847
845 2095
845 2965
846 847
846 848
846 1793
847 848
847 849
847 1662
848 849
848 2303
848 1113
849 2596
850 851
850 2317
850 1302
851 1903
851 2916
853 854
853 1838
854 855
854 856
854 2585
856 2152
856 2102
857 858
857 859
857 1341
858 1730
858 2400
859 861
859 1290
859 2792
860 861
860 862
860 2853
861 862
861 863
861 2345
862 863
862 1961
863 1870
863 1589
864 865
864 866
865 1496
865 2379
865 929
866 867
866 1516
867 868
867 869
867 1531
867 1769
868 870
869 870
869 2205
869 1927
870 1800
870 2326
870 2818
871 872
871 2676
872 873
872 874
873 874
873 875
874 876
874 1744
875 1184
875 1371
875 1702
875 2536
876 877
876 1611
876 2184
877 878
877 879
877 2777
878 1874
878 2429
879 881
879 1967
879 1105
880 1059
880 1778
880 1341
881 2149
881 950
881 1749
881 2460
882 884
882 2049
883 1578
883 2401
883 2598
884 1033
884 1649
884 2896
884 1204
884 2241
885 887
885 2249
885 1738
886 888
886 2038
887 888
887 1223
887 2894
888 890
888 2610
889 891
889 2534
889 1861
890 891
890 892
891 1333
891 1032
892 894
892 1863
893 894
893 895
893 1772
894 2927
894 1665
895 897
895 1288
895 2887
896 897
896 2641
897 898
897 1107
897 1875
898 899
898 900
899 900
899 901
899 1315
900 902
900 2819
901 902
901 1274
901 1957
902 903
903 904
903 905
904 905
904 906
905 906
905 1946
905 2146
905 2239
906 1607
906 1544
906 1769
906 1986
906 2573
907 1612
907 1710
907 1431
908 910
909 911
909 2513
909 1171
910 911
910 912
911 912
912 1891
912 1819
912 977
913 1515
913 2696
914 915
914 2400
915 1519
915 2672
916 917
916 918
917 918
917 2543
918 919
919 920
919 2680
920 922
920 940
921 2645
921 2286
921 2953
922 923
922 924
923 924
923 925
923 2778
923 979
924 1001
925 926
925 927
926 927
926 1682
927 2416
927 2717
928 930
928 1710
929 930
930 2160
930 2075
931 932
931 1572
931 2162
931 2451
932 934
932 2668
933 1843
933 1102
933 2459
934 2839
935 937
935 1033
935 2167
935 1124
936 938
937 938
937 1190
937 2941
938 940
938 2358
938 2891
939 940
939 941
939 1071
939 1230
940 941
940 1700
940 2521
940 2722
941 1175
941 1918
942 2491
942 2694
943 2154
943 2611
944 945
944 2551
944 1298
945 947
945 1135
946 968
946 1194
946 1724
946 1384
947 1811
948 949
948 1511
948 2081
949 950
949 951
950 951
950 2268
951 1651
951 2393
952 953
952 954
952 2446
952 2964
953 955
953 2026
954 955
954 956
954 2560
955 956
955 1025
956 957
956 1869
957 958
957 959
957 1444
958 959
958 1000
958 1679
959 960
959 1313
959 2291
960 1883
961 1773
961 2441
962 964
962 1038
962 2942
963 964
963 2325
964 965
964 966
965 1153
966 968
966 2140
966 2493
967 968
967 969
968 970
968 2406
968 2027
969 2024
969 1398
970 972
970 2018
971 972
971 973
972 973
972 2762
972 1334
973 974
973 1478
974 1957
975 976
975 2541
976 978
977 2235
978 979
978 980
978 1257
979 2803
980 982
980 1790
981 983
982 983
982 984
982 1205
983 984
983 985
983 2699
984 985
984 986
985 986
986 987
986 2597
986 2915
987 989
988 989
988 1695
989 990
989 2354
989 1843
989 1471
989 2992
990 992
990 2708
990 2937
991 992
991 1870
992 994
992 2234
992 2745
993 994
993 1815
994 996
994 1151
995 1782
995 1893
995 1295
996 998
997 999
997 2724
997 1161
997 1058
998 2419
998 2842
999 1000
999 1001
999 1839
1000 1002
1000 2523
1001 2087
1001 1303
1001 1928
1001 2932
1002 1003
1002 1911
1003 1005
1003 1089
1003 2191
1004 2964
1004 1951
1005 2093
1005 1638
1005 2641
1006 1007
1006 1008
1007 1009
1007 1589
1007 1351
1008 1009
1008 1010
1009 1011
1009 1957
1010 1011
1010 1012
1011 1013
1011 2379
1012 1014
1013 1014
1013 1666
1013 1183
1014 1015
1014 1016
1015 1016
1015 1017
1016 1017
1016 1018
1016 2954
1017 1018
1017 1019
1018 1020
1018 2280
1019 1021
1019 1049
1019 1852
1020 1022
1021 2938
1021 2687
1021 1843
1022 1024
1022 2473
1023 1025
1023 1193
1023 1834
1024 1026
1024 2106
1025 1026
1025 2694
1026 1027
1026 2064
1027 1028
1027 2745
1028 1029
1028 2851
1029 1047
1029 2956
1030 2018
1030 1895
1030 2538
1031 1032
1031 1530
1032 1033
1032 2112
1032 1614
1032 1773
1033 1034
1033 1035
1034 1035
1034 1036
1035 1037
1036 2443
1037 1038
1037 1866
1037 1974
1037 2528
1038 1040
1038 1426
1039 1040
1039 1041
1040 1041
1040 1042
1041 1042
1041 1043
1041 1733
1041 1802
1042 2087
1042 1770
1043 1044
1043 2484
1043 2509
1043 2944
1043 1415
1044 1046
1044 1136
1044 2551
1045 1257
1045 2439
1045 1917
1046 1047
1047 1681
1048 1049
1048 1050
1049 1051
1049 2395
1050 1051
1050 1052
1051 1052
1051 2313
1051 1973
1051 2621
1052 1054
1052 1979
1052 2404
1052 2504
1053 1054
1053 1055
1054 1055
1054 1056
1054 2001
1054 2346
1055 1056
1056 1057
1056 1058
1056 1635
1057 1058
1057 2309
1058 1059
1058 1321
1058 2091
1059 2172
1059 2180
1059 1620
1060 1061
1060 1062
1061 1062
1061 1063
1062 1063
1062 2669
1063 1064
1063 1172
1064 1065
1064 1856
1064 1704
1065 1627
1066 1067
1066 1068
1066 1898
1067 1068
1067 1848
1068 1069
1069 1070
1069 2154
1070 1071
1070 1072
1070 2122
1071 1072
1072 1074
1072 2928
1072 1230
1073 1074
1073 1075
1074 1076
1074 1807
1075 1077
1075 2503
1075 1171
1076 1078
1078 1079
1078 1080
1078 1568
1079 1081
1079 1585
1079 1987
1080 2232
1080 2220
1080 1906
1081 1083
1081 1306
1082 2569
1082 1149
1083 1084
1084 1408
1085 1086
1085 1890
1086 1088
1086 1537
1087 1088
1087 1089
1088 1090
1088 2316
1088 2417
1089 2710
1089 2363
1089 2822
1090 1092
1090 1355
1091 1869
1091 1395
1092 1093
1094 1095
1094 2305
1094 2171
1095 1096
1095 2285
1095 2190
1096 1098
1096 1321
1096 2150
1097 1099
1097 2152
1099 1100
1099 2887
1100 1101
1100 2090
1100 2898
1101 2308
1101 2340
1101 2911
1102 1104
1102 2168
1102 2431
1103 1105
1103 2215
1104 1105
1104 1106
1105 1106
1106 1108
1107 2560
1108 1109
1108 1110
1109 2205
1110 1111
1110 2994
1111 1112
1111 2829
1111 2797
1112 1113
1112 1114
1112 1932
1112 1822
1113 1114
1113 1115
1113 2280
1113 2536
1113 1691
1113 2176
1115 1117
1115 1883
1116 1117
1116 1452
1117 2979
1117 2643
1117 1796
1117 2696
1118 1120
1119 1121
1119 1988
1119 1333
1120 1121
1120 1893
1121 1122
1121 1123
1122 1123
1122 1124
1123 1124
1123 1125
1124 1349
1124 2701
1125 1126
1125 1310
1126 2357
1126 1257
1127 1128
1127 1129
1127 1616
1127 2184
1128 1129
1128 1130
1128 1835
1128 2144
1129 2209
1129 1876
1129 1271
1130 1131
1130 2874
1130 1322
1131 1133
1132 1133
1132 1134
1133 1134
1134 2648
1134 2068
1135 1136
1135 1137
1136 1137
1136 1428
1136 2131
1136 2659
1137 1138
1137 1139
1137 1668
1138 1139
1139 1141
1139 1426
1140 1141
1140 2764
1140 2845
1140 1618
1141 1142
1141 1143
1142 1143
1142 1144
1143 1144
1143 1975
1144 1145
1144 1146
1145 1641
1146 1147
1146 1148
1147 1149
1147 2442
1147 2475
1147 2664
1147 1738
1148 1149
1148 1343
1150 1151
1150 1152
1150 1298
1151 1152
1152 1153
1152 1585
1152 2664
1152 2845
1153 1155
1153 2548
1154 2372
1154 2356
1155 1156
1156 1157
1156 1158
1156 2230
1157 1158
1157 1159
1158 1160
1158 2975
1159 1777
1160 1161
1160 1162
1160 1564
1161 1282
1161 1953
1162 2446
1162 1811
1163 1164
1163 2297
1164 1166
1165 1166
1165 2530
1166 1167
1166 1168
1167 1168
1167 1169
1168 1169
1168 1170
1168 1537
1168 2057
1169 1768
1169 1780
1169 1264
1170 1172
1170 1688
1170 2275
1172 2390
1172 2707
1173 1174
1173 1280
1174 1175
1174 1176
1175 1438
1175 2771
1176 1177
1176 1178
1176 2996
1177 1178
1177 1179
1177 1227
1177 1280
1178 2549
1178 1354
1178 1625
1179 1181
1179 2985
1180 1181
1180 1182
1181 1183
1181 2913
1181 2311
1182 1183
1182 1184
1183 1185
1183 2058
1183 2529
1183 2408
1184 1185
1184 2561
1185 1186
1186 1187
1186 1188
1187 1188
1187 2173
1188 1189
1188 1190
1188 1438
1188 2517
1189 1190
1189 1191
1190 1682
1190 1925
1191 1374
1191 1590
1191 2519
1192 1193
1192 1194
1192 1963
1192 1764
1193 1194
1195 1196
1195 1197
1196 1197
1196 1198
1196 2820
1197 1199
1197 2136
1198 1539
1198 2260
1199 1200
1199 1720
1199 1933
1199 1224
1199 2029
1199 2115
1200 1202
1200 1390
1201 2336
1202 1204
1203 2705
1204 1205
1205 1320
1206 1208
1206 2795
1207 1209
1207 2168
1207 1579
1207 1998
1207 1402
1208 1210
1208 2904
1208 2449
1208 2537
1209 1210
1209 1211
1210 1211
1210 2108
1211 1212
1211 1887
1212 1213
1212 1214
1213 1214
1213 1215
1214 1215
1215 1216
1215 1217
1216 1217
1216 2787
1217 1218
1217 1219
1218 1219
1218 1220
1218 1612
1219 1220
1219 2857
1219 1701
1219 2397
1220 1221
1221 2119
1221 1538
1222 1223
1222 1224
1222 2291
1223 1225
1224 1225
1225 1226
1225 1879
1225 2773
1226 1227
1226 1228
1226 1698
1226 1970
1226 2831
1227 1229
1227 2031
1227 1355
1228 1229
1229 1231
1229 1340
1231 2402
1231 2696
1231 1453
1232 1868
1232 2675
1234 1235
1234 1236
1234 2791
1235 1236
1235 1331
1236 1666
1237 1238
1237 2631
1238 1240
1238 2191
1238 2455
1238 1533
1238 2578
1239 1241
1239 2500
1240 1242
1240 1832
1241 1242
1241 1243
1241 2355
1242 1243
1242 1508
1242 1310
1243 1245
1243 1989
1243 1741
1244 2115
1244 2772
1245 1246
1245 1247
1245 2035
1246 1247
1246 2940
1246 2166
1247 1248
1247 1249
1247 1414
1248 1249
1248 2189
1248 1366
1249 2277
1249 1267
1250 1251
1251 2042
1251 2089
1251 2857
1252 1254
1253 1890
1253 1628
1254 1256
1254 1396
1254 1401
1255 2516
1255 2674
1256 1257
1256 1258
1258 1892
1259 1260
1259 2242
1259 1565
1259 1638
1260 1262
1260 1346
1261 1263
1261 1482
1262 2823
1262 2393
1263 1264
1263 1935
1263 1357
1264 1353
1264 2506
1264 2713
1265 1267
1265 2800
1265 1519
1266 1268
1266 1968
1267 1269
1268 1269
1268 1270
1268 2527
1269 2106
1269 1761
1269 2218
1270 1271
1271 1734
1271 1706
1272 1273
1272 1274
1272 2391
1273 1274
1274 2444
1275 1927
1275 2634
1276 1278
1276 2069
1277 1278
1277 2093
1277 1944
1278 2277
1279 1280
1279 1281
1279 2277
1279 1446
1279 2771
1280 1281
1281 1282
1281 1283
1282 1387
1282 2018
1282 2200
1282 2618
1283 1284
1283 1862
1284 2178
1285 2409
1285 2363
1286 1287
1286 2636
1287 1524
1287 1765
1288 1289
1288 1290
1289 1290
1289 1291
1290 1291
1291 1292
1291 1293
1291 1328
1292 1293
1292 1294
1293 2634
1294 2525
1295 2062
1295 1814
1295 2262
1296 1297
1296 2254
1296 1766
1296 1964
1297 1298
1297 1299
1297 2505
1298 1299
1298 1322
1299 1300
1299 1301
1300 1706
1300 2306
1300 2767
1300 2852
1301 1302
1301 1303
1302 1303
1303 1304
1303 1305
1303 2363
1304 1642
1304 2035
1305 1307
1305 1389
1306 1308
1307 2585
1307 1606
1308 1309
1308 1684
1309 1310
1309 2247
1310 2353
1311 1312
1311 1313
1312 1313
1313 1315
1313 2201
1313 1395
1314 1316
1314 2922
1315 2479
1315 1712
1316 1317
1316 1331
1316 2403
1316 2911
1317 1318
1317 2951
1318 1319
1318 1320
1318 2523
1319 1320
1320 1322
1320 2743
1321 1323
1322 1416
1323 1324
1323 1557
1323 2118
1324 1326
1325 1669
1325 2804
1325 1947
1326 1546
1326 2458
1326 2608
1327 1329
1327 2107
1327 2680
1327 2990
1328 1330
1329 1331
1329 1935
1329 1894
1329 1859
1330 1791
1330 1364
1330 2851
1331 2428
1332 1334
1332 2661
1332 2976
1333 1334
1333 2106
1334 1335
1334 1839
1334 2350
1335 1336
1335 2702
1336 1337
1336 1338
1337 1338
1338 1537
1338 2077
1339 1340
1339 1341
1340 1342
1340 1654
1340 2780
1341 1394
1342 1343
1343 2855
1343 2090
1344 1346
1344 2469
1345 1346
1345 1490
1346 1997
1346 1538
1346 2785
1347 1762
1347 2450
1348 1349
1348 1350
1349 2424
1350 1351
1350 1352
1350 2733
1351 1353
1352 1872
1352 1837
1353 1354
1353 1355
1354 2508
1355 2349
1356 1357
1357 2157
1358 1359
1358 1360
1358 1726
1359 1980
1360 2498
1360 2103
1361 1363
1361 2653
1361 2856
1361 2967
1362 1363
1362 1974
1363 1968
1363 1368
1363 1551
1364 1366
1364 2129
1364 1916
1365 1367
1365 1851
1365 2584
1366 2507
1367 1369
1367 1429
1368 1519
1368 2566
1369 1370
1369 1552
1369 2092
1369 1946
1370 1371
1370 2447
1370 1571
1371 2025
1371 1642
1372 2360
1372 1992
1373 1375
1373 2983
1375 1376
1375 1377
1375 2378
1376 1378
1377 1379
1377 1872
1377 2989
1378 1379
1378 1380
1378 2789
1379 1380
1379 1381
1380 1382
1380 1979
1381 1382
1381 1739
1382 2503
1382 1968
1383 1384
1384 1385
1385 1386
1385 1772
1385 2702
1386 1387
1386 2066
1386 2330
1387 1388
1388 1566
1388 2445
1389 1390
1389 1391
1389 2634
1390 1391
1390 1392
1391 1994
1391 2763
1392 1394
1392 2722
1392 2478
1393 1394
1393 1395
1394 1396
1394 1665
1395 1396
1396 1397
1396 1398
1397 1399
1397 1548
1397 2802
1398 1400
1399 1401
1400 1401
1401 1402
1402 1403
1403 1404
1403 1405
1404 1405
1404 2090
1405 1406
1405 1434
1406 1407
1406 1463
1407 2349
1407 2740
1408 1409
1408 1410
1409 1476
1410 1411
1410 2077
1410 2419
1411 1412
1411 1985
1412 1413
1413 2175
1414 2780
1415 1417
1415 2878
1415 1597
1415 2726
1416 2407
1417 1418
1417 2932
1418 1648
1418 1465
1418 2449
1419 1420
1419 2051
1419 2158
1420 1421
1420 2506
1420 2110
1421 1422
1421 1423
1421 2104
1422 1423
1422 1424
1423 1424
1423 2583
1423 2244
1424 2272
1424 1980
1425 1426
1425 1427
1426 1427
1427 1428
1428 1429
1428 2329
1429 1430
1429 1453
1429 1965
1429 2128
1429 1975
1429 2910
1430 1431
1430 1432
1431 1432
1431 2047
1432 1433
1432 1620
1432 2190
1434 1435
1434 1436
1435 1436
1435 1437
1436 1437
1436 1438
1436 2652
1437 1438
1437 2312
1437 1480
1438 2460
1439 2551
1440 1442
1440 1807
1440 2274
1441 1442
1442 1443
1442 1843
1442 1533
1443 1444
1443 1445
1444 2463
1445 1446
1445 1447
1446 1447
1446 2905
1447 1448
1447 1449
1447 2806
1447 2908
1448 1450
1449 1450
1449 2304
1450 1452
1450 2961
1451 1452
1451 1453
1452 1767
1452 2043
1453 2782
1454 1456
1454 2975
1454 1908
1454 1460
1455 1456
1455 1457
1455 1487
1456 1458
1456 2396
1456 2833
1457 1458
1457 1518
1457 1878
1458 1460
1458 2863
1460 1821
1460 1525
1460 1765
1460 2386
1460 2028
1461 1463
1461 2105
1462 1463
1462 2380
1463 1465
1464 1465
1464 1466
1464 2964
1465 1466
1465 1467
1466 1467
1466 1468
1466 2958
1466 2647
1467 1468
1467 1469
1468 1469
1468 1470
1469 1471
1469 2017
1469 1970
1469 2090
1470 2940
1470 1709
1470 2127
1471 1472
1471 2492
1471 2899
1472 1474
1472 2680
1472 1973
1473 1474
1473 1475
1473 2681
1474 2871
1474 2145
1475 1477
1475 2465
1476 1478
1476 1707
1476 2068
1477 1855
1477 2078
1478 1479
1478 2498
1479 1481
1480 1481
1480 1482
1481 1482
1481 2397
1481 2424
1481 2479
1482 1483
1482 1484
1483 2441
1484 1485
1484 1510
1484 1588
1485 1486
1485 1487
1486 1487
1486 1488
1486 2205
1486 2870
1487 1549
1488 1489
1488 1821
1489 1490
1489 1491
1490 1491
1490 1492
1490 2342
1491 1492
1491 1493
1492 1493
1492 1494
1493 1494
1493 1495
1493 1872
1494 1495
1494 2570
1494 2114
1495 1497
1495 2677
1496 1497
1496 1498
1497 1498
1497 1499
1498 1685
1498 2294
1498 2877
1498 1926
1499 1500
1499 1501
1499 2715
1500 1795
1500 2143
1500 2794
1501 1502
1501 2745
1502 1503
1502 1819
1503 1505
1503 2622
1504 1506
1505 1507
1505 1892
1505 1515
1506 1507
1506 1508
1507 1508
1507 1827
1508 1510
1508 2980
1509 1511
1509 1840
1510 1511
1510 1512
1510 2226
1512 1513
1512 1514
1513 2040
1514 1516
1514 2516
1514 2691
1515 1675
1516 1517
1516 2032
1516 2253
1516 2326
1517 1518
1517 1519
1517 2108
1518 1903
1519 1521
1520 1521
1520 1719
1521 1522
1521 2244
1521 2636
1523 1524
1523 1525
1524 1525
1524 1767
1525 1527
1526 2554
1526 1629
1527 1528
1527 2689
1528 1529
1528 1530
1529 1530
1529 2349
1531 1533
1532 1533
1532 1534
1533 1534
1533 2997
1534 1536
1534 2618
1535 1536
1535 1537
1535 1740
1536 1537
1536 1538
1537 1539
1538 1539
1538 1540
1538 2549
1538 2757
1538 1983
1539 2276
1540 1541
1540 1624
1541 1542
1542 1543
1542 1544
1543 1544
1543 1545
1544 2843
1544 2489
1545 2003
1546 1548
1546 1820
1546 2666
1547 1548
1547 1549
1548 1550
1548 2876
1549 1550
1549 2710
1550 1551
1551 2982
1552 1554
1553 1555
1553 1950
1554 1555
1554 1556
1555 1556
1555 1855
1556 1806
1556 2250
1557 1559
1557 1997
1557 2069
1558 1559
1558 1560
1559 1561
1559 1696
1560 1561
1560 2753
1561 1562
1561 2649
1562 1563
1562 1564
1562 1775
1563 1564
1563 2667
1564 1565
1565 1667
1566 1568
1567 1568
1567 1569
1568 2471
1569 1571
1569 2274
1570 1572
1570 2817
1572 1574
1572 2175
1573 1574
1573 2742
1574 1575
1574 1893
1574 2208
1574 2452
1574 1649
1575 2426
1575 2336
1575 2981
1576 1577
1576 1787
1577 2381
1577 2029
1577 1995
1577 2535
1578 1579
1578 1580
1578 1884
1579 2026
1580 1581
1580 1582
1581 2298
1582 1584
1583 1584
1583 2937
1584 1585
1584 1586
1586 1587
1587 1588
1587 1589
1588 1589
1589 1591
1590 1591
1591 1592
1591 1593
1591 2906
1592 1593
1593 1595
1593 2107
1594 1596
1594 2832
1594 1718
1595 1596
1596 2997
1596 1687
1597 1599
1598 2149
1599 1600
1599 2644
1599 1984
1600 1789
1600 1670
1601 1602
1601 1603
1602 1603
1602 2597
1603 1604
1603 1605
1604 2517
1604 2023
1605 1607
1605 2164
1606 2417
1607 1608
1607 1609
1608 1609
1608 1610
1609 1610
1609 1611
1610 1612
1612 1614
1613 1614
1613 1615
1614 1616
1615 2565
1615 2972
1616 1618
1617 1619
1617 2133
1617 2239
1618 1619
1618 2015
1619 1620
1619 1621
1619 1868
1621 1623
1621 2461
1622 1623
1622 1624
1622 2394
1623 1624
1623 1625
1623 2348
1623 1737
1624 2443
1624 2100
1625 1626
1625 1627
1626 1627
1626 1628
1627 1628
1627 1629
1627 1782
1628 1629
1628 1630
1629 1630
1629 1631
1630 1631
1630 2714
1630 2186
1631 1633
1631 2093
1632 1634
1632 2922
1633 1634
1633 1635
1634 1635
1634 1636
1634 1792
1635 1637
1636 1637
1636 2157
1637 1638
1637 1639
1638 2660
1639 1640
1640 1641
1640 2143
1641 1643
1642 1643
1642 2276
1643 1644
1643 2902
1643 2476
1644 1645
1644 1646
1645 1647
1645 2032
1646 1648
1646 2895
1647 1649
1648 1649
1648 1650
1648 2650
1648 2227
1650 1652
1651 2090
1651 2534
1652 1654
1652 2517
1653 1654
1654 1655
1654 1656
1654 2625
1655 1656
1655 1879
1656 1918
1656 2520
1656 2901
1656 2952
1657 1658
1657 1659
1657 2718
1658 2774
1659 1660
1659 1824
1660 2935
1660 1792
1660 2472
1660 1705
1660 2970
1661 1662
1661 1663
1662 1664
1662 1894
1663 1664
1663 1665
1664 1666
1664 2284
1665 1720
1666 1668
1666 1999
1667 1790
1669 1757
1670 1671
1670 1672
1671 1672
1671 1673
1672 1673
1672 2161
1673 1674
1673 2437
1673 2676
1674 1675
1674 1676
1675 1676
1675 1677
1675 2601
1675 2798
1676 1677
1676 1678
1677 1678
1677 2420
1677 2754
1678 1679
1680 1681
1680 1833
1681 1682
1681 1683
1682 2881
1682 2390
1683 1684
1683 1685
1683 2598
1684 1685
1685 1687
1686 2031
1687 1689
1687 2011
1687 1958
1688 1689
1688 1690
1689 1691
1690 1691
1690 1799
1691 2681
1692 2532
1693 1916
1693 2300
1694 2637
1694 1740
1695 1696
1695 1697
1696 1698
1696 1766
1696 2102
1697 1698
1698 1700
1698 2665
1699 1700
1699 1701
1700 1702
1700 2163
1701 1702
1701 1703
1701 1727
1702 2650
1702 2136
1702 2674
1702 2808
1703 1704
1703 1705
1704 1705
1704 2868
1705 2625
1705 2226
1706 1707
1706 1708
1706 1885
1708 1710
1709 2703
1709 1851
1710 2872
1711 1712
1711 2879
1711 2269
1712 1714
1713 2790
1714 1716
1714 2863
1714 2628
1715 2915
1716 1717
1716 1718
1717 1718
1717 2270
1717 2784
1718 1719
1720 1722
1720 2112
1720 2163
1721 1723
1722 1723
1722 1987
1723 1725
1723 2827
1723 2884
1724 1726
1724 2002
1725 1726
1726 1727
1726 2638
1726 2963
1727 1728
1728 1729
1728 2511
1729 1730
1729 1731
1730 1731
1731 1733
1731 2191
1732 1733
1732 1734
1733 1735
1733 2904
1734 1735
1734 1736
1735 1736
1735 1737
1736 1737
1736 1738
1737 1738
1737 2705
1737 2048
1738 2734
1739 1915
1741 1743
1742 1743
1742 1744
1743 2257
1743 1962
1744 2446
1745 2239
1745 2980
1746 1747
1746 1748
1747 1748
1747 1749
1750 1752
1751 2308
1751 2446
1752 1754
1752 2738
1752 2636
1753 1754
1753 1755
1754 1756
1754 1912
1755 1756
1756 1758
1756 2889
1757 2570
1758 1759
1758 1760
1759 1761
1760 1761
1760 1762
1762 1764
1762 2305
1762 2544
1763 1914
1763 2027
1764 1895
1764 2415
1765 2201
1765 1864
1766 1768
1766 2477
1767 1768
1768 1769
1768 1836
1769 1771
1769 2988
1770 1771
1770 1772
1771 1772
1771 2293
1772 2381
1773 1774
1773 1927
1774 1775
1774 1776
1775 1777
1776 1778
1776 1872
1777 1779
1777 2765
1777 2972
1777 1912
1778 1780
1779 1781
1779 2382
1780 1782
1780 1865
1780 1900
1781 1782
1781 1783
1782 1883
1782 2185
1783 1784
1783 2477
1784 1786
1784 2516
1784 2022
1785 1787
1785 2720
1785 2136
1786 1787
1786 1788
1787 1805
1788 1790
1789 1791
1791 1792
1791 1793
1793 1795
1794 1795
1794 2586
1794 2213
1795 2103
1796 1797
1797 1798
1797 1799
1798 1799
1798 1800
1798 1835
1799 2526
1800 1801
1800 2720
1801 2430
1801 2596
1802 1804
1803 1804
1803 2448
1804 1805
1804 2794
1804 2601
1805 1806
1806 1807
1806 2557
1807 1809
1807 2638
1808 1810
1808 1927
1808 2155
1808 2647
1809 1811
1809 2374
1810 1812
1811 1813
1811 1822
1811 2986
1812 1813
1812 2459
1813 1814
1813 2651
1814 1815
1815 1816
1815 2153
1815 2502
1815 1927
1816 1817
1816 1818
1817 1818
1817 1819
1818 1819
1819 1821
1820 1821
1820 1822
1821 1823
1821 2170
1821 2911
1822 2100
1823 1824
1823 1825
1824 1826
1825 1826
1825 1827
1826 1827
1826 1828
1827 1829
1827 1857
1828 1829
1829 1830
1829 2585
1830 1831
1830 1832
1830 2875
1831 1833
1831 2495
1832 1834
1832 2718
1833 1835
1833 2110
1833 2072
1834 1836
1836 1837
1837 1839
1837 1916
1838 1839
1838 2264
1838 2479
1839 1890
1840 1841
1841 1842
1841 1966
1842 1843
1842 1844
1843 1845
1844 1846
1845 1846
1845 1847
1846 2270
1846 1973
1847 1848
1847 2908
1848 1951
1848 2194
1849 1851
1849 2278
1850 1954
1850 2607
1851 1852
1852 1854
1853 1854
1853 2371
1853 2996
1854 1855
1854 1921
1855 1856
1855 2986
1855 2685
1856 2514
1857 1858
1858 1860
1858 1984
1859 1860
1860 1862
1861 1862
1862 2476
1862 2041
1862 2720
1863 1865
1864 2258
1865 2497
1866 1868
1867 1869
1867 2241
1868 1869
1868 2113
1869 1870
1869 1871
1870 1976
1871 1872
1871 2816
1873 1875
1873 1904
1874 1875
1874 1876
1875 2089
1876 1878
1877 1878
1878 1880
1879 1880
1879 1881
1880 1881
1881 2113
1881 2562
1882 1883
1883 1884
1883 2742
1885 2867
1886 1992
1886 2810
1887 1888
1887 1889
1888 1890
1888 2544
1888 2792
1888 2737
1889 1890
1889 1891
1889 1895
1890 1932
1891 1892
1891 1893
1892 1893
1892 1931
1892 2793
1893 1895
1893 2342
1895 1896
1895 2585
1896 1897
1896 1898
1896 2608
1896 2410
1896 2593
1897 1898
1897 2318
1898 1899
1899 1901
1899 2630
1900 1901
1901 1903
1901 2774
1901 2329
1902 1904
1903 2943
1904 1906
1904 2208
1906 1907
1907 1909
1907 2284
1908 2130
1908 2887
1909 1910
1909 1911
1910 1912
1910 2631
1910 2667
1911 1912
1911 1913
1912 2196
1913 1915
1913 2557
1914 1915
1914 1916
1914 1996
1915 1916
1915 1917
1916 1918
1917 2900
1918 1920
1919 2304
1920 1922
1921 2561
1921 2364
1922 2286
1922 2838
1923 1924
1923 1925
1924 1925
1924 2373
1924 2654
1925 1926
1925 2883
1926 2765
1926 2823
1927 2843
1928 1929
1928 2105
1928 2146
1929 2596
1929 2931
1930 1931
1930 1932
1932 1934
1932 2220
1932 2249
1933 1935
1933 2183
1934 1935
1934 1936
1935 2717
1935 2932
1935 2167
1936 1938
1937 1938
1937 2018
1938 1939
1938 1940
1939 1941
1939 1985
1940 1942
1940 2455
1941 1942
1941 1943
1941 2034
1941 2137
1942 2063
1942 2364
1943 1944
1943 1949
1943 2971
1944 1945
1944 2851
1945 1946
1945 1947
1945 2729
1947 2790
1947 2578
1948 1949
1948 1950
1950 1951
1950 2756
1950 1987
1951 1952
1951 2035
1951 2387
1952 1953
1952 1954
1952 2547
1953 1954
1954 1955
1956 2376
1957 1958
1958 1959
1959 1960
1959 2527
1960 1961
1961 1962
1961 1963
1961 2649
1961 2327
1962 1964
1962 2365
1963 1965
1964 1965
1965 2756
1966 1967
1966 1968
1966 2429
1967 1969
1968 2125
1969 1970
1969 1971
1969 1994
1970 2575
1971 1973
1971 2665
1972 1974
1973 1975
1974 2807
1975 1976
1976 1977
1976 2910
1976 2842
1977 1979
1978 1979
1978 1980
1979 1980
1979 1981
1979 1999
1980 1981
1981 1982
1981 1983
1982 1984
1983 1984
1984 1985
1985 1986
1986 2642
1987 2178
1988 1990
1988 2821
1989 1991
1989 2291
1989 2312
1990 1991
1991 1992
1991 2405
1992 1993
1993 2209
1993 2228
1994 2400
1995 1997
1995 2411
1996 1998
1997 1998
2000 2001
2000 2002
2001 2002
2002 2004
2003 2005
2003 2644
2003 2222
2004 2488
2004 2122
2005 2006
2005 2007
2006 2514
2007 2008
2007 2112
2008 2010
2008 2302
2009 2010
2009 2491
2010 2011
2010 2012
2011 2013
2011 2702
2012 2013
2012 2014
2012 2361
2014 2015
2014 2062
2015 2016
2016 2018
2016 2744
2016 2876
2017 2018
2017 2019
2017 2518
2018 2019
2019 2021
2019 2706
2020 2021
2020 2255
2021 2022
2021 2023
2021 2793
2022 2024
2022 2880
2023 2749
2023 2592
2024 2025
2025 2027
2026 2027
2026 2028
2026 2655
2028 2029
2028 2771
2029 2984
2030 2031
2030 2032
2031 2913
2033 2034
2033 2035
2034 2035
2036 2844
2037 2038
2037 2039
2038 2039
2039 2041
2039 2774
2040 2041
2040 2042
2040 2372
2041 2043
2042 2043
2042 2433
2043 2504
2043 2501
2043 2107
2044 2045
2044 2046
2045 2046
2046 2048
2047 2809
2048 2049
2049 2051
2049 2150
2049 2462
2050 2260
2050 2840
2051 2053
2051 2076
2051 2443
2051 2372
2052 2053
2052 2054
2052 2959
2053 2054
2053 2055
2053 2240
2054 2137
2054 2304
2054 2169
2055 2881
2056 2566
2057 2058
2058 2059
2058 2060
2059 2060
2059 2136
2059 2155
2060 2061
2060 2062
2061 2062
2061 2748
2061 2827
2062 2063
2063 2064
2063 2075
2063 2158
2064 2065
2064 2066
2065 2294
2066 2086
2067 2068
2067 2964
2068 2398
2069 2837
2069 2389
2070 2071
2070 2072
2071 2072
2071 2694
2072 2074
2073 2074
2073 2075
2074 2075
2074 2076
2076 2077
2076 2079
2077 2590
2077 2154
2078 2079
2078 2476
2079 2080
2079 2123
2080 2677
2081 2082
2082 2084
2083 2085
2084 2085
2084 2086
2084 2725
2084 2202
2085 2086
2086 2087
2086 2088
2087 2088
2088 2089
2088 2920
2089 2621
2090 2240
2092 2093
2092 2094
2093 2095
2094 2095
2095 2614
2096 2097
2097 2098
2097 2099
2098 2099
2098 2755
2099 2101
2100 2101
2101 2264
2103 2104
2103 2105
2104 2999
2106 2107
2108 2110
2109 2111
2110 2111
2110 2112
2110 2375
2111 2112
2111 2829
2112 2243
2113 2114
2113 2230
2114 2115
2116 2117
2116 2118
2116 2321
2117 2118
2117 2119
2117 2835
2118 2119
2119 2121
2120 2122
2120 2473
2121 2123
2121 2304
2122 2444
2123 2125
2124 2125
2124 2183
2124 2510
2125 2126
2125 2663
2126 2178
2127 2252
2128 2145
2129 2130
2129 2131
2132 2133
2133 2787
2133 2435
2134 2136
2134 2728
2135 2136
2135 2137
2135 2194
2137 2138
2138 2139
2138 2741
2139 2140
2139 2141
2140 2141
2140 2892
2141 2946
2141 2420
2142 2143
2142 2144
2142 2238
2143 2145
2144 2663
2145 2146
2145 2468
2146 2636
2147 2693
2147 2485
2148 2149
2148 2150
2148 2356
2149 2150
2150 2819
2151 2152
2152 2153
2152 2154
2153 2155
2154 2155
2155 2746
2156 2157
2156 2158
2156 2245
2157 2159
2157 2932
2158 2651
2159 2160
2159 2161
2159 2563
2160 2161
2160 2162
2160 2516
2162 2164
2163 2688
2163 2690
2163 2796
2164 2165
2164 2166
2165 2166
2165 2167
2168 2170
2169 2285
2170 2172
2170 2594
2171 2172
2171 2857
2172 2173
2172 2613
2173 2843
2174 2359
2175 2519
2176 2177
2176 2934
2177 2179
2178 2179
2178 2180
2179 2180
2179 2181
2181 2182
2182 2183
2182 2184
2183 2184
2183 2185
2185 2187
2186 2187
2186 2282
2186 2568
2187 2188
2187 2189
2188 2190
2188 2857
2190 2191
2191 2193
2192 2193
2192 2194
2195 2920
2195 2864
2196 2396
2197 2198
2197 2199
2197 2357
2198 2199
2198 2907
2199 2201
2200 2834
2201 2202
2201 2203
2202 2203
2203 2204
2203 2205
2203 2338
2204 2205
2204 2206
2205 2700
2206 2207
2206 2820
2207 2208
2207 2209
2207 2916
2208 2706
2209 2893
2209 2869
2210 2212
2211 2213
2212 2213
2212 2893
2213 2721
2214 2215
2214 2216
2214 2582
2215 2216
2216 2547
2218 2219
2219 2220
2219 2221
2221 2527
2221 2774
2222 2224
2223 2225
2224 2226
2224 2537
2225 2226
2225 2227
2226 2227
2227 2228
2228 2229
2229 2230
2229 2231
2229 2801
2229 2903
2231 2232
2231 2233
2231 2890
2232 2234
2233 2720
2234 2236
2235 2237
2236 2237
2236 2238
2237 2238
2237 2239
2238 2239
2239 2241
2240 2242
2240 2788
2241 2242
2242 2243
2242 2244
2243 2245
2244 2851
2245 2435
2246 2247
2246 2248
2247 2248
2247 2895
2247 2839
2248 2249
2250 2251
2251 2252
2252 2588
2253 2572
2253 2584
2254 2256
2255 2257
2255 2448
2256 2257
2256 2258
2257 2258
2257 2259
2258 2259
2259 2260
2260 2262
2260 2301
2261 2262
2261 2263
2262 2263
2263 2264
2263 2265
2263 2476
2264 2266
2264 2963
2264 2368
2265 2267
2265 2411
2265 2879
2266 2267
2266 2268
2266 2543
2267 2268
2267 2372
2268 2269
2268 2583
2269 2733
2269 2820
2270 2272
2270 2392
2271 2273
2271 2957
2272 2274
2273 2274
2273 2452
2274 2275
2275 2277
2276 2277
2276 2910
2277 2279
2278 2279
2278 2649
2279 2281
2279 2721
2280 2282
2280 2438
2282 2284
2283 2284
2283 2399
2284 2286
2285 2286
2285 2379
2286 2287
2287 2288
2287 2289
2288 2289
2288 2290
2288 2694
2288 2744
2289 2290
2289 2291
2289 2424
2290 2291
2292 2294
2292 2757
2293 2650
2294 2700
2295 2296
2295 2297
2296 2297
2296 2298
2297 2298
2297 2299
2297 2541
2298 2299
2298 2353
2299 2301
2300 2301
2300 2302
2301 2303
2301 2848
2302 2793
2302 2558
2303 2305
2303 2750
2306 2307
2306 2314
2307 2309
2308 2309
2308 2310
2308 2882
2309 2310
2309 2311
2310 2635
2313 2315
2314 2315
2315 2316
2315 2317
2315 2827
2315 2765
2316 2318
2317 2319
2318 2319
2319 2321
2319 2909
2320 2321
2320 2322
2320 2588
2321 2322
2321 2933
2322 2323
2323 2324
2323 2325
2323 2747
2324 2325
2324 2781
2325 2326
2325 2327
2326 2614
2326 2834
2327 2617
2328 2329
2328 2330
2329 2353
2330 2331
2331 2332
2331 2333
2332 2333
2332 2334
2333 2334
2333 2335
2335 2337
2335 2981
2336 2338
2337 2339
2338 2931
2339 2340
2339 2341
2341 2342
2341 2343
2341 2776
2343 2344
2343 2345
2343 2778
2344 2346
2344 2461
2345 2356
2346 2347
2347 2348
2347 2349
2348 2571
2348 2413
2349 2351
2350 2352
2351 2352
2351 2353
2352 2354
2352 2651
2353 2354
2353 2491
2354 2356
2355 2356
2357 2358
2358 2360
2359 2360
2359 2361
2359 2493
2360 2362
2361 2362
2362 2363
2362 2364
2364 2365
2364 2366
2365 2366
2365 2367
2365 2452
2365 2526
2366 2367
2366 2368
2367 2368
2367 2369
2368 2369
2368 2603
2368 2825
2369 2371
2370 2371
2370 2372
2371 2373
2371 2460
2372 2444
2372 2502
2373 2375
2374 2375
2374 2376
2374 2379
2375 2377
2376 2944
2377 2575
2377 2962
2378 2379
2380 2381
2380 2382
2381 2382
2381 2383
2382 2383
2383 2385
2383 2834
2384 2385
2385 2386
2385 2387
2386 2388
2387 2388
2388 2389
2388 2390
2390 2391
2391 2393
2392 2393
2392 2729
2393 2395
2394 2395
2395 2396
2395 2624
2396 2737
2396 2457
2398 2399
2398 2400
2399 2400
2399 2401
2400 2401
2400 2519
2400 2716
2401 2403
2402 2404
2403 2404
2404 2466
2405 2407
2406 2407
2406 2408
2407 2408
2407 2409
2409 2411
2409 2495
2411 2413
2412 2413
2412 2414
2414 2416
2414 2868
2415 2417
2416 2417
2416 2418
2417 2419
2417 2420
2418 2420
2419 2456
2420 2421
2421 2422
2421 2423
2421 2547
2422 2423
2422 2424
2423 2424
2423 2425
2423 2905
2425 2426
2425 2427
2426 2427
2426 2428
2427 2428
2427 2429
2428 2429
2428 2430
2429 2488
2430 2431
2431 2433
2433 2435
2434 2435
2434 2436
2434 2930
2435 2866
2435 2443
2435 2998
2436 2437
2436 2973
2437 2439
2438 2440
2439 2440
2439 2441
2440 2441
2440 2442
2441 2442
2441 2443
2441 2960
2442 2443
2442 2444
2444 2445
2444 2841
2446 2522
2447 2449
2451 2452
2452 2620
2453 2454
2453 2541
2454 2455
2454 2456
2455 2457
2456 2882
2456 2528
2457 2458
2458 2459
2458 2973
2459 2533
2459 2943
2461 2463
2461 2643
2462 2464
2463 2465
2463 2558
2464 2465
2464 2466
2465 2466
2465 2769
2466 2468
2467 2468
2467 2469
2468 2469
2468 2470
2469 2471
2470 2472
2470 2490
2471 2472
2471 2473
2472 2474
2472 2486
2472 2819
2473 2475
2474 2475
2475 2477
2476 2539
2477 2478
2477 2479
2478 2480
2479 2480
2480 2481
2480 2482
2481 2482
2481 2483
2482 2483
2482 2484
2483 2484
2483 2485
2485 2486
2485 2487
2485 2556
2486 2487
2487 2489
2487 2748
2488 2489
2488 2490
2490 2492
2490 2564
2491 2650
2492 2570
2494 2495
2494 2496
2496 2497
2496 2498
2497 2498
2497 2633
2498 2499
2498 2500
2498 2711
2498 2730
2498 2966
2499 2500
2499 2501
2500 2501
2500 2559
2500 2722
2501 2502
2501 2503
2503 2504
2503 2505
2504 2505
2505 2506
2507 2508
2507 2509
2508 2509
2508 2652
2509 2511
2512 2514
2513 2514
2513 2515
2514 2515
2514 2516
2515 2516
2515 2613
2517 2518
2517 2580
2517 2639
2518 2520
2519 2967
2520 2522
2521 2523
2522 2523
2522 2524
2523 2524
2524 2526
2525 2526
2525 2527
2526 2713
2528 2530
2529 2531
2531 2552
2531 2893
2532 2533
2532 2534
2533 2535
2535 2536
2537 2729
2539 2541
2540 2541
2540 2542
2542 2543
2542 2544
2542 2609
2544 2546
2545 2546
2545 2547
2546 2547
2546 2548
2548 2549
2548 2550
2548 2695
2549 2551
2550 2551
2550 2552
2552 2553
2552 2554
2553 2555
2554 2555
2554 2556
2555 2557
2556 2557
2557 2559
2558 2559
2559 2561
2559 2928
2561 2562
2561 2563
2562 2563
2564 2566
2565 2939
2566 2567
2566 2568
2567 2569
2567 2826
2568 2570
2569 2570
2569 2571
2570 2946
2570 2685
2571 2572
2571 2573
2574 2575
2574 2576
2575 2577
2576 2577
2576 2578
2579 2580
2580 2582
2581 2582
2582 2854
2586 2588
2587 2589
2588 2590
2589 2590
2589 2591
2590 2592
2591 2593
2591 2946
2592 2593
2592 2594
2595 2596
2595 2597
2597 2599
2598 2600
2598 2765
2599 2600
2599 2601
2599 2846
2600 2602
2600 2646
2601 2892
2602 2603
2602 2604
2602 2888
2603 2604
2604 2606
2605 2606
2605 2607
2606 2608
2606 2939
2607 2608
2610 2611
2611 2612
2612 2613
2612 2614
2613 2614
2614 2616
2615 2616
2615 2950
2616 2617
2617 2618
2617 2619
2617 2693
2618 2740
2619 2620
2619 2621
2622 2623
2622 2624
2623 2624
2623 2625
2624 2626
2624 2631
2626 2627
2626 2628
2627 2628
2627 2629
2628 2818
2629 2630
2629 2631
2630 2631
2630 2829
2631 2632
2632 2633
2632 2634
2633 2634
2635 2636
2635 2637
2637 2638
2637 2639
2638 2639
2639 2640
2640 2641
2640 2642
2642 2643
2642 2644
2643 2777
2644 2646
2645 2646
2645 2647
2645 2704
2646 2647
2646 2648
2648 2650
2652 2799
2653 2654
2653 2655
2654 2655
2654 2751
2655 2657
2656 2657
2656 2658
2657 2658
2657 2659
2658 2659
2659 2660
2660 2661
2661 2662
2661 2663
2662 2663
2663 2664
2664 2666
2664 2933
2665 2783
2666 2667
2667 2668
2668 2669
2669 2670
2669 2751
2670 2671
2670 2672
2671 2672
2672 2674
2673 2675
2673 2860
2674 2931
2675 2676
2676 2677
2677 2678
2677 2679
2678 2679
2678 2680
2679 2680
2680 2681
2681 2860
2682 2683
2682 2684
2683 2684
2684 2685
2684 2968
2685 2686
2686 2687
2687 2689
2689 2690
2689 2691
2690 2691
2692 2693
2692 2830
2693 2695
2695 2696
2695 2935
2697 2698
2697 2699
2698 2699
2698 2700
2699 2700
2699 2865
2700 2702
2703 2705
2704 2705
2705 2707
2706 2707
2706 2708
2707 2708
2707 2709
2708 2709
2708 2710
2708 2834
2709 2710
2709 2711
2710 2712
2712 2714
2712 2929
2712 2782
2714 2715
2714 2716
2715 2717
2716 2718
2716 2955
2718 2720
2719 2720
2719 2721
2720 2721
2720 2722
2721 2722
2722 2724
2722 2768
2723 2725
2724 2725
2724 2967
2725 2727
2726 2727
2727 2729
2728 2729
2728 2769
2729 2731
2730 2732
2731 2733
2732 2733
2732 2734
2733 2735
2734 2736
2735 2736
2735 2737
2737 2738
2738 2740
2739 2741
2740 2741
2740 2742
2741 2742
2742 2743
2742 2744
2743 2769
2744 2745
2746 2747
2747 2749
2748 2749
2749 2750
2749 2886
2750 2751
2751 2876
2752 2753
2752 2901
2753 2754
2753 2755
2753 2898
2755 2756
2755 2757
2756 2758
2757 2759
2758 2759
2758 2760
2759 2851
2760 2761
2761 2762
2761 2763
2762 2764
2763 2765
2764 2766
2764 2822
2766 2767
2766 2768
2766 2865
2767 2768
2769 2770
2770 2771
2770 2772
2772 2773
2773 2774
2774 2946
2775 2776
2775 2777
2776 2777
2777 2778
2778 2966
2779 2780
2779 2781
2779 2910
2780 2782
2781 2782
2782 2804
2783 2784
2784 2785
2785 2786
2786 2788
2786 2923
2787 2788
2790 2791
2790 2792
2793 2794
2794 2796
2795 2796
2795 2797
2796 2797
2797 2798
2799 2800
2799 2801
2799 2981
2800 2801
2803 2804
2803 2805
2804 2805
2804 2806
2805 2806
2805 2807
2806 2808
2807 2808
2808 2809
2809 2810
2810 2811
2810 2812
2811 2813
2812 2813
2813 2814
2813 2815
2814 2815
2815 2816
2815 2817
2816 2894
2817 2818
2818 2819
2820 2822
2823 2825
2824 2825
2824 2826
2825 2826
2826 2827
2826 2828
2828 2829
2828 2830
2829 2831
2830 2832
2832 2833
2832 2834
2833 2835
2835 2837
2836 2837
2837 2838
2837 2952
2838 2840
2838 2930
2839 2840
2840 2842
2841 2842
2844 2845
2844 2846
2847 2848
2848 2849
2849 2851
2849 2919
2850 2851
2850 2852
2853 2854
2855 2856
2855 2857
2858 2859
2858 2860
2859 2860
2859 2861
2860 2861
2861 2862
2861 2863
2862 2863
2863 2865
2864 2865
2866 2867
2866 2903
2868 2870
2870 2872
2871 2873
2872 2874
2873 2874
2873 2875
2874 2875
2874 2876
2875 2938
2876 2877
2877 2879
2878 2879
2878 2880
2880 2881
2881 2883
2882 2884
2883 2885
2884 2886
2885 2886
2885 2887
2887 2889
2888 2890
2889 2890
2889 2891
2890 2892
2892 2894
2894 2896
2895 2896
2896 2897
2896 2898
2897 2898
2897 2899
2899 2900
2901 2903
2902 2904
2906 2907
2907 2908
2907 2909
2908 2910
2909 2911
2912 2913
2912 2914
2913 2914
2913 2915
2914 2915
2914 2916
2915 2916
2915 2917
2916 2917
2917 2918
2920 2921
2920 2922
2921 2922
2921 2945
2922 2923
2922 2924
2923 2924
2924 2926
2925 2926
2925 2927
2926 2927
2926 2928
2927 2928
2927 2929
2928 2930
2929 2930
2930 2931
2931 2933
2935 2936
2936 2937
2936 2938
2937 2944
2938 2939
2938 2940
2941 2942
2942 2944
2943 2945
2944 2946
2944 2990
2945 2946
2945 2947
2947 2949
2948 2950
2949 2950
2949 2951
2950 2951
2951 2952
2951 2953
2952 2953
2953 2954
2954 2956
2955 2956
2956 2957
2956 2958
2957 2959
2957 2976
2958 2960
2959 2960
2961 2962
2962 2963
2965 2966
2968 2970
2969 2970
2969 2971
2970 2971
2972 2974
2973 2974
2973 2975
2974 2975
2974 2976
2975 2977
2976 2978
2977 2978
2977 2979
2978 2979
2978 2980
2980 2982
2982 2983
2982 2984
2984 2986
2985 2986
2985 2987
2986 2987
2987 2989
2989 2990
2991 2992
2991 2993
2993 2994
2993 2995
2994 2995
2995 2996
2995 2997
2996 2998
2998 2999
