2000 4000
0 1999
0 2
0 1998
0 346
0 739
1 2
1 3
1 202
2 3
2 1327
3 4
3 5
4 5
4 713
5 6
5 7
6 8
6 1890
6 1563
7 9
7 1467
7 554
7 389
7 1739
8 10
8 355
8 1596
9 10
9 543
10 1815
10 1490
10 660
10 112
11 13
11 714
11 1623
12 1467
12 1955
12 1393
13 14
13 15
14 15
14 1859
15 1828
15 1553
15 1344
15 20
16 1994
16 1384
16 1663
16 1147
17 18
17 742
18 20
18 340
18 138
18 1553
19 20
19 21
19 281
20 969
20 499
20 675
20 1607
20 1812
21 724
21 179
22 23
22 572
22 1206
22 72
23 25
23 1947
23 1390
23 1619
24 25
24 26
25 26
25 1667
25 786
25 1929
26 28
26 1347
27 28
27 29
27 1776
28 76
28 511
28 1960
29 31
29 1696
30 32
30 1440
30 638
31 32
31 33
32 34
32 268
33 34
33 1118
33 1001
33 1246
34 35
34 36
34 1052
35 37
35 506
36 1114
36 471
37 235
37 631
38 39
38 1430
38 497
38 845
39 40
39 41
39 738
39 1653
40 41
40 42
40 708
40 1039
40 1827
41 43
41 1233
41 905
42 1034
42 1833
42 1415
43 1724
43 1348
44 46
44 1851
44 290
45 1311
45 1781
46 48
46 771
46 1739
46 815
47 49
47 1630
47 1551
48 1536
48 1213
48 1914
49 50
49 51
50 51
50 1582
51 604
51 542
51 578
52 931
52 1503
52 1314
52 1517
53 54
53 1592
53 1623
54 55
54 56
55 56
55 1542
55 320
56 415
56 1007
57 1038
57 1848
58 59
58 60
58 1911
59 60
59 1051
60 303
60 1697
60 1152
61 62
61 1295
61 354
62 1217
62 539
62 1223
62 261
63 65
63 752
63 1129
64 65
64 66
65 66
65 67
65 1094
65 1808
66 67
66 68
66 1373
66 1515
66 1311
67 68
67 69
68 69
68 70
69 70
69 71
69 1457
70 72
70 595
71 72
71 937
71 1636
71 211
71 1571
72 73
72 74
73 74
73 1819
74 76
74 1073
74 1697
75 76
75 77
75 873
76 78
76 1200
76 376
77 248
77 1666
77 480
77 787
78 79
78 1301
79 1388
79 1663
79 1047
80 81
80 82
80 1019
80 1342
80 1362
81 82
81 1604
81 460
82 98
82 420
82 1488
82 1869
82 374
83 1352
83 254
83 848
83 180
84 1676
84 819
85 87
85 1714
85 952
85 1766
86 87
86 88
86 1282
87 88
87 1087
87 1472
87 770
87 961
88 90
88 1650
88 1805
89 90
89 413
90 92
90 732
90 1334
91 92
91 1458
91 336
92 93
92 94
92 1731
93 94
93 95
93 1216
94 916
94 871
95 96
95 139
95 742
96 97
96 1789
96 534
96 1774
97 98
97 99
97 814
97 1924
98 100
98 585
99 100
99 1193
99 853
100 102
100 1925
101 102
101 699
101 1324
101 420
101 625
102 103
102 104
102 330
103 104
103 105
103 1590
104 106
104 1266
104 1700
105 106
105 776
106 107
106 108
107 405
107 552
107 116
107 1651
108 307
108 1034
108 1452
108 180
109 110
109 586
109 752
110 111
110 112
110 275
111 112
111 1342
112 113
112 1454
113 115
113 602
113 796
113 338
114 115
114 116
115 117
115 1260
115 802
115 1512
116 270
116 541
117 119
117 1606
117 758
118 119
118 435
118 1085
118 1936
119 120
119 133
119 1424
119 1764
119 1517
120 121
120 122
120 494
120 682
121 123
121 1133
121 1258
122 124
122 1766
122 1294
122 1428
123 124
123 631
124 126
124 513
124 1304
124 1751
125 126
125 127
126 1783
126 259
126 1855
127 1105
127 846
128 129
128 1578
129 1772
129 1196
129 625
129 1237
129 1640
130 132
130 1978
131 132
131 133
131 488
131 1180
131 1561
132 134
132 614
132 994
132 550
133 135
134 135
134 136
134 1924
135 136
135 137
136 137
136 1742
136 1204
136 1282
137 138
137 1147
137 1053
137 142
138 1752
138 346
139 1715
139 1431
139 1615
139 866
139 1592
140 142
140 876
141 142
141 620
142 580
142 969
142 1276
143 144
143 145
144 146
144 379
144 847
144 707
145 146
145 147
146 148
146 1049
146 1826
147 148
147 149
147 391
147 1911
148 149
148 1130
148 664
149 151
149 1898
149 606
149 1214
150 1683
150 1585
150 515
150 1224
150 1525
151 152
151 153
151 180
151 512
152 154
152 1110
152 1107
153 154
153 640
153 415
154 155
154 156
154 1276
154 1798
155 1816
155 336
156 158
156 873
157 286
157 955
158 159
158 468
159 160
159 1246
159 1693
159 1632
160 161
160 1587
160 1876
160 1683
161 163
161 601
161 647
162 163
162 429
163 165
163 868
163 1539
164 165
164 1679
164 1703
165 167
165 1047
165 1051
165 1321
166 167
166 562
166 1081
166 1643
167 169
167 393
167 1649
168 169
168 170
168 919
169 170
169 446
169 1113
169 1744
169 1962
170 172
170 1184
171 172
171 268
172 173
172 174
172 649
172 616
173 175
173 873
174 176
174 1225
174 1337
175 176
175 177
175 535
175 1692
176 177
176 569
176 1639
176 346
177 178
177 179
178 180
178 1998
179 180
179 200
179 1471
180 791
181 182
181 605
181 1241
181 1977
182 183
182 714
182 1227
183 184
183 185
184 1221
184 1227
184 1567
185 186
185 1326
185 306
186 1455
186 1516
187 188
187 189
187 751
188 189
188 203
188 969
189 190
189 1238
189 1227
189 1800
190 192
190 1468
190 1306
191 193
191 1444
191 581
191 650
191 1729
192 194
192 225
192 1850
193 194
193 195
193 941
193 509
194 930
194 698
194 1253
195 196
195 197
195 631
196 197
196 655
196 1582
196 1399
197 199
197 1746
198 199
198 698
199 200
199 201
199 441
200 1940
200 797
201 1194
201 867
201 817
202 1833
202 1472
203 1018
203 284
203 681
204 206
204 701
205 206
205 556
205 1762
205 1459
206 207
206 380
206 1988
207 208
207 1304
207 561
208 209
208 210
208 728
208 1536
209 210
209 934
209 488
210 211
210 212
211 922
211 1981
212 214
212 1252
213 537
213 1671
214 215
214 288
214 1190
215 217
215 1577
215 618
215 1620
216 217
216 218
216 1315
216 1682
217 219
217 1475
217 274
217 1545
217 507
217 533
218 220
218 1446
219 220
219 221
220 221
220 222
220 1139
221 223
221 1194
221 360
221 920
222 223
222 1935
222 400
223 224
223 1308
223 1089
224 724
224 1999
225 226
225 227
226 228
226 442
227 1421
227 1118
228 229
228 230
228 1898
229 231
229 1249
230 1323
230 1145
231 233
231 994
231 1372
232 233
232 234
232 1745
233 234
233 235
233 1760
234 803
234 1343
234 1750
234 1712
234 301
235 236
235 237
235 1905
236 237
236 1813
236 973
237 238
237 436
238 239
238 240
238 1389
239 241
239 1296
240 1431
240 1741
240 1737
241 1582
241 545
242 244
242 262
242 1873
242 851
243 727
243 1435
244 245
244 1687
244 1472
244 260
245 247
245 1916
246 247
246 248
246 794
246 250
247 249
247 886
247 633
247 979
248 249
248 250
248 561
248 1081
248 1105
249 987
249 1111
249 834
250 251
250 882
250 792
251 1336
251 514
252 254
252 312
252 1785
253 254
253 255
253 558
254 256
254 668
255 1737
255 1208
255 1858
255 1374
255 1681
256 1922
256 396
256 1714
257 258
257 259
258 259
258 1886
258 1859
259 1866
259 761
260 1024
260 1968
261 262
261 263
261 310
261 372
262 263
262 770
262 1288
263 264
263 265
263 690
263 1975
264 265
264 266
264 1629
265 266
265 267
265 765
266 1513
266 1803
267 380
267 611
267 458
268 269
268 270
269 270
269 1696
270 271
270 1618
270 467
270 1488
271 273
271 1092
272 273
272 1814
272 659
273 274
273 1289
274 593
274 1582
274 426
275 276
276 1193
276 1338
277 436
277 1513
277 747
278 280
278 1129
278 1294
278 1512
278 727
279 765
279 519
280 281
280 282
281 283
281 406
281 925
281 1655
281 520
281 1505
282 1274
282 644
282 840
282 556
282 356
282 1138
283 285
283 874
284 285
284 1881
284 839
284 657
285 286
285 1582
285 547
285 1472
286 287
286 288
287 288
287 923
288 400
289 1857
289 456
290 291
290 1435
290 1934
291 292
291 293
291 429
292 1859
292 340
292 1913
293 1028
293 1978
294 295
294 1546
294 738
295 296
295 1645
295 919
296 297
296 298
296 1425
297 298
297 299
297 1259
297 1397
297 1807
298 299
298 1362
298 330
298 1645
298 1877
299 300
299 301
299 908
300 1240
300 1353
301 1747
301 1527
302 303
302 304
302 1406
303 304
303 1539
304 306
304 1501
305 1901
305 1267
306 1791
307 308
307 309
307 791
308 444
308 1338
308 862
308 782
309 310
309 311
309 1012
310 312
311 1931
311 1873
312 313
312 767
312 1851
312 912
313 314
313 904
314 1379
314 1650
314 1704
315 316
315 477
315 373
316 318
316 1422
317 319
317 599
317 1612
318 324
318 1723
318 1610
319 320
319 723
320 369
320 1805
320 1120
321 322
321 1160
321 375
322 323
322 324
323 325
323 1001
323 1811
324 578
324 1477
324 1680
325 326
325 544
326 328
326 1314
326 451
326 1107
326 1753
327 946
327 412
327 1660
327 1760
328 329
328 1186
329 330
329 331
330 1589
331 333
331 1001
331 1225
331 1155
331 1468
332 333
332 334
332 1020
333 334
333 335
334 335
334 1247
334 701
335 336
335 596
335 1021
335 911
335 1361
335 1481
335 1809
336 338
336 839
336 862
337 338
337 339
338 339
338 878
339 341
339 1787
340 341
340 342
341 342
341 343
342 343
342 400
343 344
343 345
343 537
344 460
344 422
345 1715
345 832
346 348
346 1165
346 1329
347 348
347 349
347 1214
348 349
348 350
348 951
349 350
349 351
350 1567
350 1419
351 1211
351 1092
352 1906
352 1323
353 354
353 355
354 637
354 1842
355 357
355 428
356 1171
357 359
357 1747
358 1480
358 563
359 360
359 1010
360 964
361 363
361 1840
361 1057
361 783
362 363
362 364
362 503
362 1992
363 364
363 365
364 365
364 1432
364 600
365 1391
365 808
365 1071
366 367
366 368
366 1630
367 368
367 1440
368 369
368 370
368 1661
368 1967
369 782
369 469
370 706
370 1685
371 373
371 1394
372 374
372 640
373 374
373 375
374 375
374 1720
375 1768
376 378
376 638
377 1505
377 382
378 379
378 380
378 686
379 620
379 1583
379 788
379 1164
380 382
381 382
381 1488
381 1742
382 383
382 384
382 1141
383 384
383 1975
384 1348
384 703
385 431
385 625
385 1621
385 1647
386 387
386 388
387 389
387 422
387 540
388 389
388 1807
388 730
389 1279
389 1471
389 1463
390 1038
390 805
391 1505
391 734
392 393
392 1444
392 1364
393 394
393 778
394 396
394 1879
394 1559
395 396
395 1777
396 1144
396 1271
396 1882
397 398
397 399
398 399
398 400
398 1315
399 400
399 401
400 401
400 402
400 1455
401 402
401 499
402 404
402 1486
403 404
403 1184
403 1009
404 405
404 1225
405 406
405 1476
406 408
406 1350
407 408
407 409
408 409
408 410
408 841
409 410
409 1009
409 519
410 411
410 1284
411 1866
411 785
411 1546
412 1189
413 414
413 415
413 851
414 685
414 1653
414 1446
414 1489
414 1632
415 416
415 681
415 499
416 418
416 1425
416 961
417 419
417 506
417 689
418 419
418 420
418 971
419 421
419 1548
419 1235
420 1466
420 844
421 423
421 537
421 1175
422 560
422 1430
423 425
423 1641
424 1734
424 830
424 1370
425 426
425 427
425 1274
426 427
426 1622
426 521
426 1740
427 428
427 429
428 430
428 1637
428 1850
428 1893
429 431
430 431
430 1506
430 1263
430 1499
431 432
431 433
431 1333
431 997
432 1707
432 988
432 1199
433 434
433 435
434 435
434 1050
434 1017
435 436
435 950
436 437
436 438
437 438
437 439
437 524
438 439
438 991
438 1308
438 1511
439 440
439 441
440 441
440 442
440 1358
441 442
442 444
442 1745
442 1343
442 1720
442 1996
443 444
443 910
444 445
444 1094
444 626
445 446
445 1702
445 1983
445 1429
446 447
446 448
447 448
447 449
448 450
448 882
449 451
449 496
450 1847
450 1235
450 1663
451 453
451 1181
452 454
452 1257
452 1978
453 455
453 1608
454 455
454 456
455 457
455 1232
455 999
456 457
456 458
456 1973
457 458
457 459
457 588
458 894
458 705
459 460
459 461
459 1376
460 461
460 757
461 463
461 778
462 484
462 1078
463 1514
463 1234
463 1100
463 927
464 465
464 566
464 506
465 1460
465 1410
466 467
466 1547
467 468
467 528
468 1502
468 1280
468 774
468 992
468 1377
469 470
469 1104
469 1140
470 471
470 472
470 1229
470 1662
470 1556
471 472
471 473
472 1641
472 802
472 1796
473 474
473 475
474 475
474 476
475 476
475 477
475 1500
475 1025
476 477
476 820
476 1964
477 479
477 981
477 1347
478 1333
478 684
479 480
479 1293
480 481
480 767
481 482
481 483
482 484
482 1233
483 1485
483 1890
484 485
484 1788
485 486
485 1666
486 488
486 514
487 488
487 1063
489 490
489 491
489 609
490 492
490 878
491 492
491 493
491 1056
491 1286
492 493
492 494
493 495
493 1416
494 496
495 1264
495 1935
496 497
496 498
496 1993
497 498
497 499
498 500
498 875
498 736
498 1693
499 501
499 592
500 501
500 502
501 502
501 1679
502 503
502 504
502 1025
502 1906
503 505
504 505
504 1303
504 1522
505 506
505 1041
505 1113
505 1033
506 507
506 653
507 1243
507 1380
507 580
508 509
508 624
509 510
509 1296
510 512
510 1516
511 513
511 1407
511 1281
512 1497
513 514
513 1017
514 650
514 1524
514 1620
515 516
516 518
516 1158
516 1403
517 518
517 519
518 519
518 1881
519 520
519 521
520 521
520 1098
521 1174
522 523
522 1126
522 841
523 524
523 525
524 526
525 527
525 790
525 1039
525 1031
526 1960
526 1401
527 528
527 529
527 1251
528 530
528 1330
529 530
529 531
529 1530
530 778
530 1392
531 532
531 533
531 1020
531 827
532 1313
532 1986
532 1128
532 1135
533 534
533 1769
534 1504
534 1451
535 1132
535 1805
535 1369
536 663
536 1114
537 1420
537 1254
537 588
537 1326
537 1460
538 539
538 737
539 541
539 1669
540 993
540 1101
540 1989
541 543
541 1689
542 543
542 589
542 1225
543 544
543 545
544 545
544 1443
544 1582
544 1978
545 546
545 547
546 547
546 548
546 980
547 1486
548 549
548 550
549 550
549 551
549 906
550 551
550 1800
550 1284
551 553
551 774
552 554
552 1833
553 555
553 602
554 556
555 557
555 1100
555 1554
556 558
557 1736
557 1331
558 560
558 1947
558 1027
559 560
559 561
559 1391
559 1378
559 1619
560 1953
560 1063
561 846
561 1244
561 1773
562 1186
562 1138
562 1445
562 892
563 1652
563 1781
563 1301
563 586
563 979
564 566
564 1119
565 566
565 567
566 567
566 1438
566 759
567 568
567 569
568 569
568 1012
568 1197
568 1744
569 571
569 1721
570 1765
570 836
571 572
571 785
572 574
572 1496
572 1059
572 1302
573 575
573 1396
574 575
574 576
574 1751
575 576
575 577
576 578
576 816
576 1281
576 596
577 935
577 1805
577 1310
578 579
579 580
579 645
579 1399
580 581
581 664
582 583
582 584
582 1714
583 584
583 870
583 1311
583 735
584 585
584 1040
585 586
585 587
587 1463
587 1932
587 1951
587 1705
589 590
589 591
590 591
590 592
590 1418
591 841
591 1566
591 1710
592 594
592 943
593 1213
594 663
594 595
594 697
594 1258
595 597
595 1684
597 1914
597 1790
597 1544
598 599
598 600
599 600
599 601
600 601
600 1505
601 603
601 1749
602 603
602 604
602 1612
603 605
603 1080
604 605
604 913
604 714
605 1302
605 1519
606 965
606 1216
606 1482
607 608
607 609
608 609
608 610
608 800
608 1203
609 1409
609 1769
610 612
610 617
611 612
611 613
612 613
612 614
612 1699
613 615
613 1617
613 1711
614 615
614 616
615 616
615 617
615 1095
615 1357
616 617
616 731
616 1256
617 1673
617 1919
617 1521
618 620
618 895
619 620
619 621
620 621
620 1460
620 1569
621 1596
621 816
621 805
621 1142
621 1461
622 623
622 624
623 1681
623 781
623 1071
624 625
624 626
625 626
626 627
627 628
627 1740
627 1570
628 629
628 630
629 1574
629 1847
630 631
630 1506
630 1462
631 1926
632 634
632 1058
632 789
633 1140
634 635
634 636
635 636
635 637
635 1562
635 1849
635 1154
635 1826
636 637
636 638
637 638
637 723
637 1507
639 640
639 641
641 642
641 1272
642 643
642 644
643 644
643 645
644 1928
644 1028
645 1802
645 696
645 924
646 647
646 1094
647 648
647 895
647 1727
648 650
648 1182
648 822
649 651
649 719
650 651
650 1725
651 652
651 653
652 654
652 1527
652 1386
653 1291
654 656
654 1617
655 657
655 888
656 657
656 1876
657 658
657 1242
657 1663
657 1981
658 659
658 660
659 660
659 732
660 661
660 1255
660 1678
660 1103
661 663
661 1110
662 664
662 1256
662 1036
663 664
663 698
663 1478
663 722
664 666
664 1944
664 1509
665 666
665 667
665 937
665 1144
666 668
666 1920
667 669
667 1329
668 670
669 670
669 671
670 671
670 672
671 1760
671 820
672 1604
672 686
673 674
673 675
674 675
674 676
675 677
676 677
676 1922
677 678
677 679
678 679
678 1730
679 680
679 1076
680 681
680 682
682 683
682 1613
683 684
683 685
683 1028
683 1416
684 685
684 686
685 1510
685 720
685 1516
685 1797
686 688
687 688
687 689
687 1280
688 689
688 690
689 690
690 692
690 1608
691 693
691 810
692 694
692 1343
692 1594
693 694
693 1987
694 1959
694 1183
694 1340
695 697
695 1324
695 1125
696 697
696 1818
697 699
698 700
698 1784
699 701
699 732
699 1953
700 702
700 1479
700 782
700 856
701 703
701 1996
701 1270
702 1728
702 1705
703 704
703 705
703 1298
704 1038
704 1137
705 1869
706 708
706 1100
706 1975
707 1947
707 1579
708 1904
708 1385
708 1176
709 710
709 1339
710 996
710 1910
711 1042
711 1162
712 713
712 714
713 714
713 715
713 1687
713 1949
714 1090
715 716
715 717
715 1237
715 1457
716 718
716 1684
716 1732
717 718
717 719
718 1683
718 1484
718 1865
718 736
718 1419
719 1499
720 721
720 722
721 722
721 723
721 1395
721 1324
722 1958
722 1424
722 1108
723 724
723 725
723 1578
724 725
724 726
724 1257
725 1885
725 1972
725 1908
726 727
726 728
727 728
727 1548
728 729
728 1822
728 1054
729 731
729 1479
730 1335
730 1861
730 1426
730 1134
731 733
732 783
733 734
733 735
733 1775
734 735
734 1939
735 736
736 1193
736 1611
737 739
737 916
737 1582
737 1287
738 799
739 1478
740 741
740 742
740 1325
741 742
741 743
741 1743
742 977
743 744
743 1444
743 1582
744 746
744 1489
744 1102
744 1847
745 911
745 1632
746 748
746 1594
746 1952
747 748
747 749
747 1275
748 750
748 1285
749 750
749 751
750 752
750 1417
750 1520
751 1013
751 1858
752 753
752 754
752 1802
753 755
753 1114
753 1148
754 755
754 859
754 1289
754 1026
755 756
755 757
756 757
756 758
756 1299
757 759
757 778
758 760
758 1944
759 760
760 761
760 762
761 762
761 1982
762 764
762 1844
763 764
763 765
763 1096
763 958
763 1021
764 765
764 1819
765 766
766 767
766 1011
766 1605
766 774
768 769
768 770
769 770
769 1600
769 1349
770 1907
771 773
771 1078
771 1837
771 866
771 1177
772 774
772 856
772 1182
772 977
773 774
773 775
773 1064
774 775
774 776
775 1552
775 792
776 1750
776 1671
777 1877
777 872
777 1185
777 1933
778 779
779 1122
779 975
779 1912
780 781
780 782
781 783
782 1188
783 803
784 785
784 1761
784 1417
785 786
785 787
786 787
787 788
788 789
788 1288
788 1404
789 790
789 1097
790 791
790 792
792 793
793 794
793 1859
793 884
794 796
795 796
795 797
796 798
797 1701
797 1851
798 799
798 800
798 1410
799 800
799 813
799 1797
800 876
801 802
801 803
801 1300
802 1027
803 1210
804 806
804 1940
804 1028
804 1208
805 806
805 1937
805 1132
806 807
806 1784
806 1595
807 808
807 1716
808 1462
809 811
809 1696
809 1145
810 1442
810 1172
810 1934
811 812
811 1378
812 814
812 955
813 1175
813 873
813 1613
814 826
815 1329
815 1256
816 818
816 1604
817 818
818 820
818 1674
818 936
819 821
819 1367
820 822
821 823
821 1742
821 1508
822 824
822 953
823 824
823 825
823 1440
824 825
824 826
825 826
825 827
825 1395
826 827
826 828
826 1584
827 1380
828 829
828 830
829 1380
829 835
830 832
830 1886
831 833
831 1872
832 833
832 834
833 834
833 869
833 1686
834 927
835 837
835 1045
835 1236
836 1895
836 894
837 838
837 1879
838 839
838 840
839 1100
839 1799
839 1267
839 1278
840 842
840 1198
841 1376
841 1183
842 843
842 844
843 844
843 1547
844 1335
845 1601
846 847
847 849
848 857
848 1188
849 850
849 1460
850 852
850 1723
851 1636
852 854
852 1341
852 1810
852 1874
853 855
853 1694
854 855
854 856
855 856
855 1614
856 857
856 1991
856 993
857 858
857 859
857 1768
858 859
858 860
859 861
859 1818
860 861
860 1442
861 862
861 863
862 863
863 864
863 865
863 942
864 1704
864 1735
865 867
865 1497
865 1156
865 1219
866 867
866 1884
867 868
867 1161
868 1423
868 1685
868 1948
869 871
869 918
869 1940
870 1078
870 1652
870 1792
870 1952
871 872
871 1819
872 874
872 1066
874 876
874 1411
874 1092
875 876
875 877
876 878
876 1298
876 1365
877 879
877 1200
878 879
879 880
879 892
879 1299
880 882
880 1891
881 1865
881 1774
882 1538
882 1337
883 1503
883 972
884 885
885 887
885 1745
886 1113
886 1902
887 888
887 1190
887 1857
888 889
888 908
889 890
889 891
890 892
890 1806
891 892
891 893
893 894
893 895
893 1238
893 1034
893 1580
894 895
894 1833
894 1398
896 897
896 1735
896 1570
897 899
897 1940
898 900
898 1167
899 901
899 1311
900 901
900 1826
901 902
901 1886
902 903
902 904
903 905
903 1713
903 1444
904 905
904 1809
905 996
906 1971
906 1880
907 909
907 1244
909 910
909 911
909 1024
910 912
910 957
911 913
911 1730
911 1217
912 913
913 914
913 915
914 915
914 1496
915 916
915 917
915 1110
915 1910
915 1498
916 918
916 1087
916 1557
916 1657
916 1316
917 918
917 919
917 956
918 1899
919 920
920 921
920 1037
921 922
921 923
922 923
922 924
923 924
923 925
924 925
925 1880
926 927
926 928
927 928
928 930
928 1869
928 1164
929 930
929 931
930 931
930 932
931 932
931 1029
932 933
932 934
933 934
933 935
933 1787
934 935
934 1027
934 1789
935 936
935 937
936 938
936 1244
937 1823
938 1268
938 1855
938 1910
939 940
939 941
940 942
940 1414
941 1909
942 943
943 1532
944 945
944 946
945 946
945 947
946 947
946 948
947 948
947 1681
948 949
948 950
948 1528
948 1761
949 951
949 1451
949 1179
950 951
950 952
951 952
951 1031
951 1587
952 953
953 1506
953 1899
954 955
954 956
955 956
955 1174
956 958
957 958
957 959
958 959
959 960
959 961
960 961
960 962
960 1795
961 1322
962 964
962 1405
962 1030
962 1790
963 964
963 965
964 965
964 1351
964 1348
964 1918
965 967
966 967
966 968
967 968
967 969
967 1420
968 970
968 1985
970 971
970 1938
970 1040
970 1173
971 973
972 974
972 1429
972 1902
972 1999
973 974
973 975
974 976
974 1308
975 977
976 977
976 978
977 978
977 1932
978 979
978 980
979 1089
980 982
981 982
982 983
982 1131
983 985
983 1555
984 1004
984 1809
985 986
985 987
985 1057
985 1420
985 1595
986 987
986 988
987 1635
987 1595
988 990
988 1637
989 1718
989 1988
989 1423
989 1088
990 991
990 992
991 993
992 993
993 994
993 1207
994 996
995 996
995 997
996 997
996 998
996 1274
996 1469
997 998
997 1366
998 999
998 1000
999 1001
1000 1785
1000 1153
1000 1660
1001 1002
1001 1003
1002 1316
1002 1560
1003 1004
1003 1005
1003 1339
1003 1863
1004 1005
1004 1382
1005 1006
1005 1007
1006 1008
1006 1378
1007 1008
1007 1841
1008 1009
1008 1010
1009 1664
1009 1813
1010 1122
1010 1687
1011 1013
1011 1414
1012 1285
1013 1014
1013 1239
1014 1450
1014 1927
1014 1566
1015 1016
1015 1931
1016 1609
1016 1843
1017 1197
1018 1019
1018 1752
1019 1446
1020 1174
1020 1890
1020 1334
1022 1023
1022 1890
1023 1025
1023 1358
1024 1025
1026 1027
1029 1030
1029 1031
1029 1279
1029 1860
1030 1340
1032 1033
1032 1034
1033 1034
1035 1036
1035 1397
1036 1037
1036 1517
1037 1038
1037 1230
1038 1039
1038 1040
1039 1833
1040 1041
1041 1043
1041 1828
1042 1043
1042 1044
1043 1044
1043 1045
1044 1046
1044 1233
1045 1046
1045 1047
1046 1047
1046 1808
1047 1048
1048 1049
1048 1050
1049 1050
1049 1051
1049 1575
1050 1051
1050 1052
1051 1173
1052 1971
1053 1054
1053 1529
1053 1318
1054 1055
1055 1056
1055 1534
1056 1206
1057 1773
1058 1060
1058 1790
1059 1060
1060 1062
1060 1078
1061 1062
1061 1846
1062 1063
1062 1064
1063 1909
1063 1301
1064 1571
1064 1073
1065 1066
1065 1108
1066 1568
1067 1068
1067 1069
1068 1069
1068 1070
1069 1070
1069 1355
1070 1072
1070 1236
1070 1781
1071 1072
1071 1073
1071 1142
1072 1073
1072 1074
1073 1074
1074 1075
1074 1076
1075 1076
1075 1077
1075 1312
1076 1077
1076 1078
1076 1245
1077 1078
1077 1079
1078 1079
1078 1425
1079 1080
1079 1081
1080 1936
1080 1940
1080 1448
1081 1392
1082 1084
1082 1345
1082 1228
1083 1084
1083 1085
1083 1668
1084 1085
1084 1086
1085 1086
1086 1087
1086 1088
1087 1089
1088 1938
1090 1092
1091 1092
1091 1093
1092 1094
1093 1095
1093 1966
1094 1096
1094 1173
1095 1932
1095 1623
1096 1098
1097 1098
1097 1498
1098 1347
1099 1558
1099 1446
1100 1383
1100 1478
1101 1103
1102 1103
1103 1104
1104 1105
1104 1682
1104 1773
1105 1107
1105 1219
1105 1778
1106 1107
1106 1108
1108 1109
1109 1111
1109 1729
1110 1112
1111 1113
1111 1268
1112 1113
1112 1959
1113 1114
1114 1116
1114 1462
1114 1523
1115 1116
1115 1117
1116 1117
1116 1621
1117 1118
1117 1119
1117 1400
1117 1701
1118 1120
1118 1415
1119 1121
1119 1714
1119 1574
1120 1121
1120 1365
1120 1477
1121 1122
1121 1123
1121 1548
1122 1124
1122 1322
1123 1124
1123 1761
1124 1125
1124 1126
1125 1126
1126 1131
1127 1128
1127 1129
1128 1130
1128 1446
1129 1130
1130 1132
1130 1683
1131 1133
1131 1849
1132 1133
1133 1310
1133 1846
1134 1135
1135 1453
1136 1138
1136 1213
1136 1815
1137 1554
1137 1318
1137 1650
1138 1635
1139 1141
1139 1442
1140 1141
1141 1961
1142 1150
1143 1144
1143 1145
1144 1145
1145 1884
1145 1616
1146 1147
1146 1922
1146 1567
1147 1529
1148 1150
1149 1150
1149 1151
1150 1152
1151 1153
1151 1216
1152 1413
1153 1154
1153 1155
1153 1465
1154 1155
1155 1156
1155 1531
1156 1158
1157 1158
1157 1159
1158 1159
1158 1278
1159 1160
1159 1715
1159 1942
1160 1162
1160 1593
1161 1965
1161 1832
1161 1525
1162 1164
1162 1574
1163 1164
1163 1165
1164 1243
1165 1941
1166 1167
1166 1168
1166 1222
1166 1973
1167 1168
1167 1169
1167 1633
1168 1169
1168 1170
1169 1170
1169 1171
1170 1171
1170 1482
1171 1172
1171 1173
1172 1174
1172 1765
1174 1176
1175 1449
1175 1213
1176 1177
1176 1719
1176 1320
1177 1178
1177 1667
1177 1709
1178 1180
1178 1199
1179 1181
1180 1182
1181 1182
1182 1184
1183 1184
1183 1322
1184 1185
1184 1186
1184 1799
1184 1387
1185 1187
1185 1486
1186 1187
1186 1188
1187 1188
1187 1189
1188 1190
1188 1336
1189 1190
1189 1191
1189 1705
1190 1191
1190 1192
1190 1558
1191 1192
1191 1734
1192 1193
1192 1194
1192 1283
1193 1195
1194 1490
1194 1201
1195 1401
1195 1520
1196 1795
1197 1199
1198 1199
1198 1532
1199 1200
1199 1201
1200 1201
1200 1202
1200 1230
1201 1202
1201 1221
1201 1227
1201 1944
1202 1203
1202 1204
1203 1204
1203 1336
1203 1391
1204 1206
1204 1855
1205 1206
1205 1207
1206 1484
1207 1748
1209 1210
1209 1211
1209 1845
1209 1984
1210 1211
1210 1305
1211 1212
1211 1213
1212 1213
1212 1214
1212 1292
1215 1216
1215 1217
1215 1795
1216 1218
1217 1219
1218 1219
1218 1220
1218 1469
1220 1221
1220 1222
1220 1988
1221 1223
1221 1648
1222 1224
1223 1584
1224 1225
1226 1227
1226 1228
1227 1802
1228 1754
1229 1231
1229 1706
1230 1278
1230 1665
1231 1233
1231 1235
1231 1970
1231 1478
1232 1233
1232 1234
1233 1234
1233 1642
1233 1546
1234 1236
1235 1333
1236 1362
1238 1240
1239 1240
1239 1241
1240 1241
1240 1242
1241 1242
1241 1757
1242 1244
1243 1245
1245 1246
1247 1249
1248 1250
1248 1481
1248 1889
1249 1250
1249 1251
1249 1875
1249 1266
1250 1251
1250 1252
1251 1252
1252 1253
1252 1254
1252 1332
1253 1254
1253 1434
1254 1256
1254 1604
1255 1677
1256 1753
1257 1263
1258 1259
1258 1556
1259 1260
1259 1568
1259 1827
1260 1261
1260 1262
1261 1263
1261 1322
1262 1264
1262 1531
1262 1493
1262 1848
1263 1741
1264 1265
1264 1378
1265 1267
1265 1775
1265 1895
1266 1957
1266 1382
1267 1639
1267 1376
1268 1269
1268 1374
1269 1270
1269 1840
1270 1271
1270 1581
1270 1585
1270 1557
1271 1272
1272 1273
1272 1274
1272 1344
1273 1274
1273 1275
1275 1277
1275 1812
1277 1278
1277 1949
1279 1281
1280 1822
1282 1977
1283 1586
1284 1285
1285 1471
1286 1658
1286 1793
1287 1288
1287 1942
1288 1290
1289 1290
1289 1953
1290 1981
1290 1737
1291 1297
1291 1748
1292 1955
1293 1295
1293 1902
1293 1552
1295 1297
1296 1298
1296 1931
1297 1298
1297 1299
1298 1300
1298 1410
1299 1301
1299 1394
1299 1502
1300 1301
1301 1302
1301 1303
1301 1542
1302 1303
1303 1304
1303 1305
1304 1349
1305 1306
1305 1679
1305 1432
1306 1308
1306 1819
1307 1309
1307 1668
1307 1899
1308 1310
1308 1791
1309 1310
1309 1842
1309 1734
1310 1573
1311 1312
1311 1838
1312 1313
1313 1314
1313 1315
1313 1779
1314 1316
1314 1705
1316 1317
1316 1920
1317 1318
1317 1319
1318 1992
1319 1320
1319 1321
1320 1321
1321 1322
1323 1324
1323 1325
1325 1507
1326 1327
1327 1328
1327 1329
1328 1329
1328 1330
1329 1703
1330 1971
1331 1332
1331 1333
1331 1500
1331 1810
1332 1334
1332 1570
1333 1579
1335 1336
1335 1337
1338 1340
1338 1783
1339 1340
1340 1341
1340 1928
1341 1343
1341 1353
1342 1343
1343 1411
1344 1345
1345 1346
1345 1347
1345 1947
1346 1348
1346 1845
1346 1997
1347 1348
1347 1531
1348 1349
1348 1991
1349 1350
1350 1352
1351 1352
1351 1353
1352 1353
1352 1354
1353 1354
1353 1355
1354 1355
1354 1356
1355 1836
1355 1524
1355 1726
1356 1357
1356 1859
1356 1512
1357 1795
1357 1872
1358 1534
1358 1539
1359 1360
1359 1361
1360 1362
1360 1776
1360 1422
1361 1769
1363 1365
1363 1699
1364 1365
1366 1783
1367 1368
1367 1488
1368 1370
1368 1972
1369 1370
1370 1371
1370 1531
1371 1372
1371 1920
1371 1934
1372 1988
1373 1375
1374 1375
1374 1376
1374 1847
1375 1376
1375 1377
1375 1663
1377 1378
1377 1452
1378 1549
1378 1563
1378 1945
1379 1380
1379 1381
1380 1382
1381 1382
1381 1383
1381 1974
1382 1384
1383 1384
1383 1385
1384 1896
1385 1386
1385 1387
1385 1438
1385 1837
1386 1669
1387 1388
1388 1389
1388 1703
1388 1820
1389 1759
1389 1806
1390 1392
1390 1726
1392 1394
1393 1394
1393 1817
1393 1879
1394 1395
1395 1954
1396 1397
1396 1572
1397 1660
1398 1399
1399 1400
1399 1537
1400 1402
1401 1402
1401 1403
1401 1839
1402 1403
1402 1894
1403 1404
1404 1405
1404 1423
1405 1406
1405 1407
1406 1569
1406 1817
1406 1804
1407 1409
1408 1409
1408 1410
1409 1411
1411 1412
1412 1413
1412 1414
1412 1494
1413 1414
1413 1415
1414 1988
1415 1828
1415 1609
1416 1417
1417 1418
1417 1419
1418 1419
1419 1420
1420 1601
1421 1422
1421 1423
1422 1467
1422 1629
1423 1425
1424 1426
1425 1427
1426 1427
1426 1428
1426 1843
1427 1428
1427 1429
1428 1429
1429 1551
1430 1432
1431 1433
1433 1434
1433 1555
1434 1435
1434 1572
1435 1576
1435 1899
1436 1437
1436 1438
1436 1589
1437 1438
1437 1439
1438 1439
1438 1628
1439 1440
1439 1939
1439 1565
1440 1484
1441 1442
1441 1443
1442 1443
1442 1627
1443 1445
1444 1960
1445 1446
1445 1447
1446 1447
1446 1448
1447 1448
1447 1449
1448 1449
1448 1941
1449 1450
1449 1451
1449 1505
1450 1451
1450 1452
1450 1700
1451 1453
1453 1454
1453 1455
1454 1455
1454 1608
1455 1456
1455 1547
1456 1458
1456 1464
1456 1593
1456 1585
1458 1460
1459 1460
1460 1856
1460 1839
1460 1495
1461 1462
1462 1601
1463 1655
1463 1719
1464 1465
1464 1466
1465 1466
1466 1467
1466 1810
1467 1468
1467 1691
1468 1469
1470 1471
1470 1472
1471 1931
1473 1474
1473 1475
1474 1475
1474 1476
1475 1476
1475 1922
1475 1933
1476 1477
1476 1478
1477 1984
1479 1480
1479 1481
1480 1481
1480 1618
1480 1494
1481 1482
1482 1483
1483 1484
1483 1485
1484 1486
1484 1497
1485 1486
1485 1487
1486 1488
1487 1488
1487 1489
1489 1490
1490 1492
1491 1492
1491 1493
1492 1494
1492 1577
1492 1808
1493 1495
1494 1495
1494 1657
1495 1496
1496 1498
1496 1591
1496 1718
1497 1499
1498 1518
1499 1500
1501 1502
1501 1971
1502 1503
1502 1626
1503 1505
1504 1506
1504 1701
1506 1508
1507 1508
1508 1509
1509 1511
1510 1511
1510 1512
1511 1512
1512 1970
1513 1515
1514 1515
1514 1516
1515 1517
1516 1644
1516 1664
1516 1849
1518 1859
1519 1520
1519 1521
1520 1521
1521 1523
1521 1921
1522 1523
1523 1524
1524 1526
1525 1526
1526 1528
1526 1997
1527 1529
1527 1589
1528 1529
1529 1538
1530 1532
1531 1820
1532 1534
1532 1586
1533 1534
1533 1949
1534 1536
1535 1536
1535 1537
1536 1537
1537 1538
1538 1539
1538 1624
1538 1862
1539 1540
1540 1541
1540 1542
1540 1821
1541 1542
1541 1543
1543 1544
1543 1545
1543 1888
1544 1545
1545 1547
1546 1547
1547 1548
1549 1550
1549 1551
1550 1551
1550 1552
1550 1767
1551 1574
1552 1553
1554 1556
1555 1556
1555 1557
1558 1559
1559 1561
1560 1561
1560 1562
1560 1882
1561 1563
1561 1689
1562 1564
1564 1565
1564 1566
1564 1641
1565 1566
1566 1853
1566 1604
1567 1568
1567 1770
1568 1570
1571 1572
1572 1573
1573 1743
1573 1686
1574 1576
1575 1576
1576 1578
1577 1578
1577 1579
1578 1580
1578 1778
1580 1581
1581 1583
1583 1585
1583 1847
1584 1586
1584 1946
1586 1588
1587 1672
1587 1750
1588 1589
1588 1590
1590 1592
1591 1593
1593 1595
1594 1596
1595 1803
1596 1597
1597 1598
1597 1599
1597 1969
1598 1599
1598 1816
1599 1600
1599 1601
1599 1953
1600 1602
1600 1809
1601 1602
1601 1616
1601 1674
1602 1603
1602 1604
1603 1604
1603 1719
1605 1811
1606 1607
1606 1608
1606 1921
1607 1609
1608 1860
1609 1747
1610 1611
1611 1612
1611 1754
1614 1616
1614 1727
1615 1617
1617 1618
1617 1619
1618 1620
1620 1622
1621 1622
1622 1624
1624 1626
1625 1626
1625 1627
1626 1628
1627 1629
1628 1629
1630 1631
1631 1632
1631 1633
1632 1633
1633 1634
1633 1941
1634 1635
1634 1636
1635 1637
1637 1638
1638 1639
1638 1640
1639 1641
1640 1641
1641 1813
1642 1644
1643 1891
1644 1645
1644 1646
1645 1996
1646 1647
1646 1648
1647 1648
1648 1649
1649 1651
1649 1671
1651 1652
1652 1653
1654 1655
1654 1656
1655 1657
1656 1657
1656 1658
1656 1893
1658 1659
1658 1660
1658 1923
1659 1660
1659 1971
1661 1663
1662 1664
1662 1702
1665 1667
1666 1667
1666 1668
1667 1669
1668 1670
1669 1671
1670 1671
1670 1672
1671 1673
1672 1674
1673 1674
1673 1675
1673 1963
1674 1676
1675 1677
1675 1679
1676 1677
1676 1678
1677 1679
1677 1802
1678 1679
1678 1738
1679 1681
1680 1681
1680 1682
1681 1682
1683 1684
1684 1685
1685 1687
1685 1732
1685 1842
1686 1687
1686 1688
1688 1689
1688 1690
1689 1914
1690 1691
1690 1692
1691 1692
1691 1693
1692 1975
1694 1695
1694 1696
1695 1696
1695 1697
1696 1697
1696 1698
1697 1699
1698 1699
1698 1700
1699 1700
1701 1703
1701 1735
1703 1705
1703 1894
1704 1706
1704 1916
1705 1706
1706 1708
1706 1829
1707 1708
1707 1709
1708 1709
1708 1710
1709 1711
1710 1711
1711 1712
1712 1713
1712 1714
1713 1714
1713 1715
1714 1716
1714 1906
1715 1716
1715 1717
1716 1717
1716 1718
1717 1718
1717 1719
1718 1719
1720 1721
1720 1899
1721 1723
1722 1723
1722 1783
1723 1724
1723 1725
1724 1725
1724 1726
1725 1727
1727 1728
1727 1748
1728 1729
1728 1957
1729 1730
1730 1731
1730 1732
1731 1732
1732 1808
1733 1734
1733 1735
1734 1735
1735 1899
1736 1737
1736 1922
1737 1738
1737 1830
1738 1739
1738 1740
1739 1779
1741 1742
1741 1743
1741 1846
1744 1745
1745 1747
1745 1965
1746 1747
1746 1748
1747 1748
1747 1749
1748 1750
1748 1834
1749 1750
1749 1751
1749 1792
1751 1861
1752 1754
1752 1865
1754 1950
1755 1756
1755 1757
1756 1757
1756 1962
1757 1758
1758 1759
1758 1829
1759 1761
1760 1762
1762 1763
1762 1764
1763 1764
1763 1765
1764 1766
1765 1988
1765 1829
1766 1767
1767 1769
1768 1769
1769 1770
1770 1771
1771 1773
1771 1984
1772 1773
1772 1790
1774 1775
1775 1777
1776 1777
1777 1778
1777 1779
1780 1781
1780 1782
1782 1783
1782 1784
1783 1785
1785 1927
1785 1834
1786 1787
1786 1788
1787 1788
1788 1789
1788 1790
1789 1790
1789 1887
1790 1791
1791 1792
1791 1997
1793 1795
1794 1795
1794 1796
1796 1797
1798 1799
1799 1801
1801 1802
1801 1803
1802 1804
1803 1804
1803 1805
1804 1805
1805 1807
1806 1807
1806 1808
1806 1998
1809 1810
1811 1812
1812 1880
1814 1815
1814 1816
1815 1816
1816 1817
1816 1818
1817 1818
1819 1821
1820 1885
1820 1954
1821 1822
1823 1825
1824 1825
1824 1950
1824 1852
1825 1826
1825 1827
1828 1829
1830 1831
1831 1832
1831 1833
1832 1834
1835 1836
1835 1857
1836 1837
1836 1838
1838 1839
1840 1842
1840 1864
1841 1842
1841 1843
1842 1844
1843 1845
1844 1845
1844 1846
1845 1846
1846 1847
1848 1850
1851 1853
1852 1853
1853 1854
1853 1855
1854 1855
1854 1856
1855 1917
1856 1857
1856 1858
1856 1994
1857 1858
1857 1886
1862 1863
1862 1864
1862 1874
1863 1864
1864 1865
1864 1866
1865 1867
1866 1867
1866 1868
1867 1868
1867 1869
1867 1892
1868 1869
1868 1870
1869 1903
1870 1871
1870 1872
1871 1873
1871 1935
1872 1874
1873 1875
1875 1877
1875 1884
1876 1878
1876 1877
1878 1879
1878 1880
1879 1880
1881 1883
1883 1884
1883 1885
1885 1887
1887 1888
1887 1889
1888 1890
1889 1891
1890 1892
1891 1892
1891 1893
1892 1958
1894 1895
1894 1896
1895 1896
1896 1897
1896 1898
1897 1988
1897 1964
1897 1932
1898 1900
1900 1901
1900 1902
1901 1902
1901 1903
1902 1903
1903 1905
1903 1917
1904 1906
1905 1907
1907 1909
1908 1909
1909 1910
1909 1911
1910 1912
1912 1913
1912 1914
1913 1914
1914 1915
1915 1916
1915 1917
1916 1918
1916 1942
1917 1918
1917 1919
1918 1919
1919 1921
1921 1923
1922 1924
1923 1935
1925 1926
1925 1927
1926 1927
1926 1950
1927 1929
1929 1930
1930 1931
1930 1932
1931 1933
1933 1934
1934 1935
1935 1937
1936 1937
1937 1939
1937 1972
1938 1939
1938 1940
1939 1941
1941 1943
1943 1944
1943 1945
1945 1947
1946 1948
1948 1949
1949 1950
1950 1951
1950 1952
1951 1953
1953 1958
1955 1956
1955 1957
1956 1957
1956 1958
1957 1958
1957 1959
1958 1960
1959 1960
1959 1961
1960 1961
1960 1962
1961 1962
1961 1963
1962 1963
1963 1964
1964 1966
1965 1966
1966 1967
1966 1968
1967 1969
1968 1969
1969 1970
1971 1972
1971 1973
1972 1973
1972 1974
1974 1976
1976 1977
1976 1978
1979 1980
1979 1981
1980 1981
1980 1982
1981 1983
1982 1984
1983 1984
1983 1985
1985 1986
1985 1987
1986 1988
1987 1988
1987 1989
1989 1990
1990 1991
1990 1992
1992 1994
1993 1995
1994 1996
1995 1996
1995 1997
1997 1999
