1000 9551
0 0
0 1
0 3
0 5
0 7
0 8
0 14
0 15
0 19
0 20
0 25
0 29
0 35
0 39
0 45
0 46
0 47
0 49
0 52
0 58
0 59
0 63
0 65
0 72
0 79
0 88
0 95
0 105
0 113
0 114
0 123
0 139
0 144
0 154
0 175
0 179
0 194
0 199
0 201
0 204
0 206
0 208
0 223
0 230
0 240
0 274
0 277
0 284
0 286
0 290
0 291
0 298
0 299
0 311
0 319
0 323
0 334
0 345
0 361
0 366
0 373
0 379
0 382
0 400
0 401
0 414
0 438
0 467
0 472
0 505
0 524
0 535
0 550
0 553
0 580
0 588
0 613
0 619
0 620
0 645
0 648
0 656
0 663
0 673
0 676
0 678
0 693
0 718
0 724
0 735
0 800
0 826
0 884
0 926
0 953
0 959
0 998
0 10
0 12
0 16
0 22
0 28
0 34
0 36
0 56
0 61
0 70
0 86
0 111
0 129
0 148
0 158
0 168
0 187
0 275
0 278
0 331
0 404
0 417
0 527
0 528
0 608
0 715
0 740
0 745
0 815
0 841
0 861
0 885
0 893
0 2
0 6
0 13
0 23
0 30
0 33
0 37
0 38
0 40
0 41
0 42
0 43
0 44
0 53
0 67
0 68
0 75
0 81
0 91
0 92
0 96
0 108
0 117
0 120
0 122
0 130
0 137
0 157
0 178
0 181
0 183
0 184
0 191
0 193
0 210
0 215
0 222
0 237
0 297
0 300
0 308
0 318
0 324
0 329
0 335
0 342
0 344
0 346
0 349
0 351
0 378
0 385
0 387
0 399
0 413
0 433
0 437
0 455
0 461
0 476
0 479
0 501
0 516
0 519
0 545
0 564
0 566
0 570
0 573
0 593
0 596
0 600
0 603
0 609
0 612
0 629
0 647
0 649
0 655
0 660
0 688
0 699
0 707
0 714
0 723
0 754
0 757
0 784
0 793
0 805
0 808
0 812
0 827
0 853
0 854
0 856
0 859
0 865
0 869
0 888
0 905
0 911
0 912
0 923
0 924
0 957
0 963
0 989
0 9
0 55
0 69
0 80
0 89
0 101
0 160
0 186
0 192
0 225
0 293
0 316
0 332
0 340
0 435
0 482
0 490
0 491
0 576
0 579
0 610
0 615
0 685
0 703
0 721
0 726
0 758
0 794
0 925
0 24
0 51
0 60
0 74
0 78
0 102
0 110
0 162
0 163
0 166
0 197
0 217
0 235
0 260
0 320
0 362
0 368
0 375
0 376
0 544
0 631
0 637
0 696
0 704
0 840
0 4
0 18
0 73
0 76
0 85
0 107
0 159
0 170
0 176
0 203
0 252
0 448
0 460
0 659
0 774
0 811
0 922
0 933
0 981
0 11
0 62
0 94
0 131
0 134
0 142
0 216
0 236
0 247
0 271
0 326
0 408
0 423
0 428
0 454
0 484
0 520
0 577
0 578
0 622
0 657
0 734
0 821
0 847
0 881
0 971
0 32
0 50
0 66
0 104
0 126
0 128
0 287
0 367
0 380
0 393
0 409
0 458
0 497
0 604
0 626
0 710
0 831
0 837
0 904
0 927
0 943
0 954
0 977
0 991
0 17
0 31
0 171
0 282
0 365
0 599
0 617
0 711
0 783
0 810
1 31
1 39
1 41
1 48
1 74
1 211
1 330
1 407
1 639
1 820
1 954
1 1
1 6
1 10
1 12
1 14
1 35
1 54
1 79
1 87
1 112
1 117
1 132
1 137
1 201
1 231
1 300
1 366
1 368
1 404
1 444
1 523
1 569
1 574
1 592
1 625
1 648
1 816
1 818
1 821
1 841
1 849
1 915
1 939
1 993
1 29
1 123
1 165
1 281
1 677
1 869
1 24
1 119
1 138
1 212
1 348
1 432
1 496
1 539
1 562
1 649
1 4
1 5
1 7
1 9
1 13
1 15
1 19
1 20
1 32
1 37
1 51
1 85
1 91
1 162
1 170
1 195
1 209
1 221
1 245
1 251
1 264
1 273
1 284
1 342
1 359
1 374
1 377
1 380
1 387
1 391
1 396
1 402
1 446
1 456
1 460
1 476
1 477
1 494
1 497
1 565
1 570
1 660
1 682
1 686
1 777
1 786
1 828
1 908
1 956
1 972
1 979
1 34
1 42
1 43
1 44
1 67
1 84
1 155
1 161
1 304
1 329
1 353
1 397
1 507
1 508
1 532
1 173
1 259
1 298
1 384
1 390
1 414
1 464
1 501
1 522
1 688
1 826
1 855
1 871
1 2
1 64
1 118
1 129
1 158
1 171
1 191
1 208
1 255
1 261
1 303
1 349
1 428
1 650
1 671
1 709
1 793
1 901
1 139
1 153
1 194
1 197
1 198
1 484
1 563
1 687
1 732
1 789
1 884
1 909
1 3
1 11
1 17
1 49
1 86
1 88
1 97
1 101
1 103
1 154
1 178
1 189
1 224
1 225
1 266
1 271
1 354
1 357
1 373
1 457
1 556
1 588
1 636
1 641
1 667
1 704
1 737
1 822
1 922
1 961
1 995
2 11
2 27
2 28
2 57
2 107
2 137
2 169
2 327
2 352
2 396
2 539
2 604
2 727
2 816
2 880
2 69
2 332
2 427
2 488
2 580
2 697
2 907
2 121
2 646
2 706
2 820
2 932
2 3
2 14
2 26
2 34
2 77
2 113
2 135
2 146
2 320
2 331
2 402
2 428
2 448
2 547
2 562
2 644
2 660
2 720
2 735
2 829
2 885
2 910
2 984
2 313
2 2
2 4
2 13
2 16
2 22
2 23
2 32
2 44
2 47
2 51
2 53
2 55
2 59
2 67
2 68
2 70
2 75
2 86
2 105
2 108
2 129
2 130
2 143
2 144
2 149
2 151
2 154
2 180
2 186
2 204
2 206
2 220
2 231
2 235
2 242
2 246
2 250
2 254
2 288
2 343
2 357
2 385
2 386
2 392
2 405
2 415
2 446
2 460
2 490
2 495
2 500
2 506
2 511
2 514
2 521
2 531
2 561
2 571
2 583
2 587
2 596
2 620
2 637
2 659
2 666
2 675
2 682
2 695
2 708
2 717
2 753
2 762
2 792
2 812
2 833
2 836
2 922
2 960
2 962
2 10
2 41
2 60
2 98
2 141
2 167
2 178
2 190
2 194
2 241
2 336
2 364
2 372
2 373
2 380
2 407
2 437
2 592
2 600
2 618
2 685
2 776
2 821
2 848
2 871
2 899
2 972
2 6
2 7
2 127
2 802
2 905
2 189
2 210
2 216
2 348
2 441
2 589
2 590
2 609
2 790
2 903
2 931
2 969
2 991
3 4
3 11
3 40
3 50
3 61
3 72
3 91
3 125
3 133
3 159
3 207
3 241
3 261
3 367
3 443
3 493
3 518
3 548
3 554
3 597
3 666
3 756
3 5
3 7
3 10
3 12
3 14
3 17
3 22
3 23
3 24
3 27
3 35
3 47
3 49
3 52
3 55
3 63
3 69
3 79
3 81
3 82
3 98
3 139
3 156
3 157
3 166
3 170
3 172
3 208
3 219
3 230
3 249
3 284
3 289
3 292
3 306
3 334
3 335
3 347
3 354
3 392
3 400
3 412
3 458
3 504
3 522
3 535
3 558
3 589
3 600
3 611
3 640
3 649
3 651
3 655
3 680
3 686
3 690
3 700
3 712
3 733
3 770
3 787
3 861
3 872
3 894
3 895
3 897
3 934
3 942
3 963
3 985
3 71
3 90
3 126
3 163
3 171
3 182
3 270
3 273
3 282
3 319
3 363
3 404
3 426
3 483
3 581
3 792
3 879
3 994
3 66
3 200
3 434
3 577
3 78
3 213
3 242
3 427
3 428
3 571
3 773
3 788
3 923
3 982
3 21
3 56
3 65
3 85
3 105
3 110
3 149
3 189
3 204
3 228
3 233
3 245
3 260
3 278
3 290
3 301
3 425
3 432
3 513
3 553
3 559
3 560
3 614
3 752
3 758
3 777
3 812
3 846
3 920
3 940
3 8
3 16
3 25
3 28
3 42
3 45
3 53
3 76
3 77
3 99
3 109
3 116
3 124
3 132
3 136
3 152
3 179
3 195
3 221
3 252
3 257
3 265
3 268
3 307
3 328
3 376
3 378
3 399
3 470
3 476
3 512
3 524
3 634
3 661
3 724
3 735
3 736
3 744
3 766
3 784
3 820
3 851
3 856
3 863
3 889
3 943
3 948
3 955
3 348
3 357
3 570
3 798
3 26
3 59
3 112
3 123
3 178
3 209
3 232
3 243
3 251
3 332
3 353
3 566
3 606
3 658
3 676
3 757
3 786
3 18
3 33
3 51
3 54
3 74
3 75
3 94
3 104
3 114
3 117
3 135
3 150
3 153
3 158
3 185
3 214
3 248
3 330
3 356
3 365
3 436
3 442
3 459
3 508
3 572
3 650
3 692
3 699
3 726
3 741
3 807
3 825
3 996
4 6
4 7
4 8
4 15
4 37
4 52
4 100
4 107
4 139
4 203
4 293
4 305
4 603
4 646
4 762
4 830
4 997
4 9
4 13
4 18
4 22
4 63
4 115
4 121
4 333
4 948
4 17
4 85
4 136
4 186
4 480
4 27
4 39
4 57
4 62
4 76
4 103
4 106
4 128
4 138
4 173
4 182
4 216
4 252
4 281
4 302
4 435
4 558
4 637
4 640
4 719
4 795
4 19
4 21
4 54
4 131
4 207
4 256
4 296
4 318
4 402
4 483
4 593
4 704
4 4
4 10
4 44
4 51
4 88
4 235
4 275
4 409
4 988
4 108
4 130
4 171
4 176
4 283
4 317
4 364
4 379
4 443
4 656
4 883
4 928
4 938
4 5
4 11
4 94
4 348
4 369
4 438
5 21
5 37
5 63
5 163
5 232
5 381
5 445
5 503
5 532
5 701
5 940
5 982
5 7
5 261
5 313
5 385
5 709
5 769
5 16
5 20
5 43
5 91
5 140
5 153
5 510
5 545
5 714
5 836
5 904
5 13
5 87
5 96
5 109
5 175
5 181
5 204
5 214
5 276
5 319
5 792
5 949
5 957
5 6
5 8
5 18
5 38
5 93
5 94
5 117
5 176
5 207
5 208
5 223
5 338
5 400
5 472
5 597
5 620
5 629
5 725
5 745
5 780
5 797
5 895
5 909
5 918
5 963
5 966
5 968
5 978
5 45
5 84
5 149
5 196
5 221
5 257
5 379
5 387
5 487
5 576
5 608
5 703
5 774
5 972
5 973
5 24
5 27
5 59
5 76
5 147
5 267
5 272
5 296
5 343
5 356
5 422
5 491
5 583
5 773
5 19
5 48
5 52
5 66
5 81
5 95
5 114
5 201
5 246
5 258
5 269
5 279
5 306
5 419
5 492
5 558
5 575
5 621
5 635
5 687
5 704
5 934
5 164
5 662
5 921
5 997
6 39
6 101
6 167
6 224
6 833
6 12
6 30
6 36
6 67
6 94
6 100
6 226
6 255
6 309
6 340
6 352
6 355
6 430
6 471
6 767
6 105
6 150
6 314
6 476
6 677
6 862
6 949
6 33
6 69
6 146
6 151
6 165
6 230
6 232
6 241
6 328
6 451
6 463
6 510
6 520
6 529
6 568
6 596
6 616
6 721
6 741
6 823
6 864
6 40
6 44
6 49
6 52
6 98
6 212
6 264
6 298
6 366
6 426
6 435
6 601
6 803
6 837
6 21
6 34
6 50
6 238
6 262
6 268
6 325
6 339
6 469
6 491
6 679
6 918
6 9
6 13
6 15
6 25
6 64
6 75
6 113
6 122
6 141
6 160
6 183
6 207
6 239
6 302
6 306
6 354
6 402
6 404
6 419
6 441
6 444
6 454
6 487
6 526
6 533
6 540
6 550
6 552
6 553
6 561
6 577
6 660
6 690
6 697
6 712
6 755
6 770
6 794
6 816
6 875
6 909
6 942
6 961
6 984
6 26
6 29
6 56
6 83
6 222
6 290
6 321
6 367
6 547
6 586
6 587
6 678
6 785
6 850
6 576
6 648
6 658
6 253
6 297
6 341
7 442
7 715
7 844
7 406
7 11
7 16
7 31
7 59
7 97
7 104
7 107
7 140
7 144
7 148
7 161
7 224
7 246
7 308
7 315
7 352
7 393
7 411
7 489
7 492
7 564
7 700
7 728
7 749
7 52
7 62
7 95
7 99
7 164
7 205
7 249
7 303
7 327
7 387
7 553
7 673
7 808
7 854
7 910
7 930
7 967
7 26
7 38
7 87
7 89
7 106
7 127
7 147
7 285
7 369
7 381
7 434
7 452
7 479
7 691
7 767
7 963
7 984
7 947
7 42
7 50
7 98
7 134
7 136
7 141
7 192
7 208
7 213
7 740
7 9
7 61
7 80
7 120
7 174
7 204
7 483
7 713
7 847
7 876
7 197
7 291
7 390
7 470
7 481
7 664
7 688
7 946
8 92
8 125
8 200
8 891
8 294
8 8
8 19
8 77
8 133
8 143
8 164
8 240
8 371
8 756
8 925
8 23
8 25
8 87
8 131
8 219
8 237
8 316
8 499
8 771
8 810
8 903
8 11
8 18
8 46
8 146
8 215
8 290
8 786
8 24
8 69
8 214
8 527
8 9
8 29
8 51
8 57
8 61
8 63
8 74
8 127
8 183
8 457
8 462
8 563
8 588
8 603
8 625
8 663
8 690
8 698
8 873
8 992
8 35
8 236
8 463
8 999
8 108
8 344
8 434
8 437
8 507
8 511
8 543
8 823
8 875
8 898
8 933
8 935
9 248
9 859
9 892
9 12
9 18
9 152
9 254
9 330
9 346
9 410
9 494
9 648
9 680
9 879
9 977
9 982
9 29
9 45
9 176
9 212
9 222
9 258
9 340
9 515
9 592
9 694
9 15
9 54
9 259
9 869
9 207
9 553
9 749
9 60
9 67
9 73
9 229
9 266
9 476
9 519
9 734
9 868
9 945
9 17
9 24
9 25
9 49
9 243
9 314
9 408
9 423
9 438
9 513
9 586
9 748
9 883
9 947
9 85
9 656
9 674
9 900
9 44
9 270
9 516
9 634
9 777
10 72
10 77
10 104
10 109
10 131
10 173
10 210
10 214
10 233
10 239
10 260
10 273
10 426
10 442
10 461
10 509
10 600
10 642
10 677
10 733
10 734
10 870
10 892
10 945
10 953
10 16
10 11
10 25
10 61
10 71
10 89
10 160
10 162
10 168
10 198
10 206
10 412
10 428
10 445
10 597
10 631
10 687
10 704
10 940
10 13
10 31
10 88
10 369
10 696
10 866
10 57
10 468
10 548
10 341
10 986
10 53
10 314
10 497
10 905
10 984
10 602
10 819
10 70
10 200
10 489
11 86
11 89
11 95
11 119
11 121
11 142
11 177
11 190
11 254
11 265
11 386
11 419
11 424
11 494
11 496
11 537
11 702
11 934
11 27
11 118
11 128
11 413
11 848
11 749
11 943
11 164
11 165
11 48
11 72
11 126
11 182
11 267
11 269
11 320
11 374
11 425
11 552
11 554
11 636
11 736
11 741
11 780
11 781
11 839
11 889
11 913
11 20
11 163
11 188
11 389
11 562
11 727
11 867
11 927
12 19
12 31
12 44
12 86
12 99
12 111
12 145
12 164
12 227
12 252
12 276
12 285
12 311
12 316
12 451
12 517
12 671
12 737
12 787
12 873
12 914
12 960
12 15
12 17
12 413
12 65
12 76
12 125
12 757
12 51
12 60
12 184
12 191
12 203
12 207
12 275
12 284
12 407
12 439
12 538
12 573
12 655
12 689
12 763
12 13
12 14
12 21
12 25
12 92
12 140
12 163
12 233
12 307
12 344
12 374
12 383
12 396
12 444
12 463
12 772
12 776
12 810
12 249
12 70
12 221
12 224
12 302
12 317
12 673
12 66
12 665
12 857
12 56
13 17
13 56
13 69
13 84
13 125
13 171
13 286
13 579
13 585
13 598
13 645
13 694
13 701
13 955
13 24
13 63
13 81
13 90
13 91
13 115
13 130
13 148
13 154
13 180
13 191
13 226
13 230
13 339
13 350
13 476
13 529
13 652
13 693
13 781
13 825
13 838
13 48
13 94
13 263
13 279
13 334
13 630
13 819
13 18
13 642
13 751
13 817
13 86
13 232
13 80
13 178
13 40
13 282
13 531
13 706
13 947
13 19
13 877
14 519
14 26
14 64
14 334
14 46
14 175
14 184
14 279
14 325
14 379
14 391
14 647
14 22
14 79
14 234
14 558
14 729
14 36
14 42
14 65
14 83
14 91
14 107
14 119
14 124
14 140
14 173
14 249
14 259
14 320
14 364
14 573
14 599
14 661
14 682
14 823
14 890
14 948
14 965
14 116
14 420
14 18
14 27
14 31
14 38
14 41
14 58
14 92
14 134
14 165
14 172
14 174
14 182
14 191
14 212
14 261
14 282
14 459
14 580
14 605
14 731
14 118
14 244
14 478
14 254
14 329
14 876
15 21
15 24
15 28
15 50
15 83
15 100
15 125
15 151
15 188
15 214
15 340
15 351
15 391
15 480
15 489
15 533
15 543
15 544
15 547
15 562
15 565
15 585
15 592
15 630
15 744
15 32
15 33
15 34
15 86
15 87
15 92
15 129
15 182
15 281
15 450
15 523
15 654
15 122
15 607
15 47
15 58
15 82
15 162
15 201
15 287
15 378
15 430
15 435
15 595
15 764
15 821
15 824
15 849
15 852
15 890
15 172
15 638
15 893
15 23
15 242
15 326
15 370
15 782
15 20
15 30
15 46
15 57
15 202
15 207
15 209
15 234
15 237
15 262
15 271
15 306
15 345
15 363
15 364
15 428
15 449
15 490
15 557
15 651
15 657
15 710
15 760
15 801
15 806
15 862
15 944
15 417
15 35
15 45
15 90
15 131
15 176
15 228
15 386
15 455
15 479
15 569
15 624
15 635
15 770
15 804
15 912
15 968
15 980
16 54
16 62
16 76
16 78
16 116
16 167
16 186
16 188
16 193
16 266
16 281
16 382
16 628
16 651
16 653
16 676
16 729
16 759
16 837
16 33
16 37
16 52
16 60
16 166
16 177
16 295
16 387
16 473
16 542
16 545
16 666
16 708
16 743
16 174
16 216
16 420
16 581
16 643
16 140
16 179
16 626
16 662
16 793
16 36
16 85
16 124
16 175
16 235
16 257
16 258
16 262
16 310
16 494
16 519
16 629
16 645
16 771
16 939
16 958
16 93
16 395
16 421
16 582
16 58
16 129
16 142
16 171
16 239
16 263
16 924
16 17
16 209
16 696
16 64
16 65
16 81
16 110
16 218
16 265
16 347
16 413
16 481
16 675
16 833
16 949
16 22
16 27
16 51
16 90
16 91
16 123
16 294
16 312
16 326
16 377
16 386
16 426
16 456
16 639
16 683
16 951
16 968
17 33
17 55
17 156
17 282
17 358
17 359
17 484
17 602
17 994
17 120
17 322
17 259
17 302
17 843
17 27
17 29
17 96
17 274
17 415
17 625
17 670
17 783
17 787
17 83
17 102
17 137
17 140
17 147
17 642
18 47
18 111
18 119
18 132
18 148
18 330
18 362
18 566
18 634
18 635
18 826
18 34
18 75
18 477
18 827
18 874
18 35
18 95
18 121
18 161
18 221
18 291
18 292
18 314
18 319
18 342
18 347
18 416
18 544
18 738
18 863
18 147
18 187
18 213
18 626
18 877
18 28
18 104
18 155
18 158
18 453
18 707
18 901
18 930
18 31
18 177
18 179
18 638
18 45
18 77
18 137
18 156
18 188
18 260
18 269
18 384
18 465
18 543
18 628
18 637
18 684
18 740
18 806
18 862
18 897
18 900
18 904
18 926
18 969
18 488
18 29
18 38
18 50
18 72
18 80
18 103
18 116
18 126
18 133
18 166
18 186
18 263
18 288
18 336
18 350
18 375
18 389
18 403
18 454
18 464
18 508
18 549
18 630
18 654
18 805
18 860
18 865
18 938
18 997
19 21
19 35
19 282
19 32
19 36
19 42
19 53
19 103
19 157
19 181
19 264
19 418
19 506
19 531
19 620
19 688
19 806
19 837
19 47
19 109
19 173
19 343
19 702
19 739
19 63
19 384
19 423
19 131
19 750
19 20
19 89
19 136
19 138
19 239
19 291
19 649
19 707
19 789
19 23
19 40
19 449
19 612
19 984
20 47
20 397
20 28
20 29
20 98
20 199
20 309
20 319
20 467
20 473
20 110
20 226
20 266
20 21
20 27
20 83
20 236
20 795
20 852
20 495
20 524
20 585
20 705
20 950
20 45
20 66
20 317
20 352
20 358
20 367
20 546
20 36
20 41
20 56
20 62
20 91
20 97
20 118
20 262
20 337
20 348
20 472
20 607
20 695
20 737
20 739
20 747
20 819
20 834
20 989
20 991
20 146
20 283
21 26
21 59
21 144
21 370
21 487
21 618
21 658
21 63
21 677
21 934
21 37
21 52
21 110
21 197
21 404
21 445
21 450
21 32
21 130
21 199
21 248
21 250
21 263
21 384
21 587
21 731
21 840
21 844
21 979
21 27
21 89
21 609
21 465
21 253
21 512
21 46
21 84
21 217
21 322
21 364
21 393
21 646
21 917
22 120
22 242
22 245
22 654
22 990
22 390
22 22
22 78
22 172
22 183
22 383
22 489
22 550
22 561
22 594
22 611
22 773
22 887
22 893
22 930
22 30
22 60
22 100
22 127
22 295
22 685
22 698
22 79
22 103
22 112
22 192
22 247
22 273
22 308
22 310
22 335
22 649
22 670
22 967
22 106
22 170
22 176
22 312
22 358
22 405
22 525
22 519
22 687
22 924
22 81
22 281
22 724
23 64
23 114
23 206
23 317
23 23
23 147
23 185
23 505
23 551
23 616
23 630
23 768
23 38
23 74
23 132
23 157
23 158
23 167
23 268
23 293
23 308
23 857
23 925
23 951
23 32
23 36
23 222
23 471
23 30
23 55
23 88
23 127
23 150
23 194
23 228
23 298
23 322
23 402
23 431
23 438
23 458
23 632
23 659
23 796
23 941
23 156
23 529
23 50
23 79
23 226
23 357
23 416
23 847
23 162
23 263
23 266
23 82
23 93
23 212
23 230
23 276
23 347
23 486
23 720
24 65
24 43
24 58
24 78
24 178
24 238
24 285
24 420
24 536
24 589
24 663
24 743
24 751
24 941
24 93
24 139
24 140
24 243
24 252
24 274
24 685
24 39
24 130
24 142
24 245
24 253
24 345
24 531
24 603
24 788
24 856
24 97
24 183
24 281
24 686
24 850
24 865
24 977
24 159
24 44
24 268
24 289
24 298
24 353
24 475
24 560
24 569
24 602
24 721
24 37
24 40
24 151
24 173
24 218
24 220
24 582
24 613
24 643
24 679
24 700
24 760
25 153
25 244
25 104
25 123
25 193
25 657
25 827
25 65
25 68
25 180
25 187
25 241
25 327
25 347
25 447
25 514
25 533
25 683
25 729
25 785
25 791
25 41
25 177
25 293
25 363
25 616
25 239
25 410
25 605
25 715
25 934
25 938
25 955
25 26
25 42
25 43
25 141
25 155
25 195
25 205
25 247
25 270
25 300
25 302
25 311
25 434
25 455
25 476
25 510
25 523
25 526
25 609
25 645
25 654
25 685
25 748
25 804
25 814
25 831
25 843
25 930
25 932
25 993
25 38
25 362
25 377
25 321
25 66
25 73
25 339
25 593
25 596
25 661
26 66
26 68
26 42
26 71
26 113
26 118
26 180
26 210
26 244
26 441
26 610
26 860
26 986
26 47
26 335
26 462
26 754
26 322
26 699
26 742
26 941
26 53
26 84
26 302
26 415
26 480
26 821
26 881
26 34
26 540
26 579
26 983
26 31
26 79
26 124
26 175
26 205
26 272
26 385
26 675
26 730
26 841
26 855
26 959
26 430
26 851
26 36
26 90
26 101
26 214
26 265
26 357
26 366
26 456
26 765
27 102
27 182
27 471
27 583
27 621
27 779
27 814
27 923
27 34
27 296
27 297
27 399
27 867
27 880
27 333
27 33
27 142
27 301
27 478
27 486
27 519
27 667
27 887
27 943
27 73
27 115
27 159
27 169
27 199
27 791
27 823
27 284
27 422
27 777
27 325
28 120
28 28
28 143
28 220
28 486
28 567
28 663
28 783
28 994
28 521
28 155
28 230
28 367
28 89
28 122
28 127
28 154
28 247
28 432
28 463
28 623
28 787
28 834
28 92
28 98
28 103
28 107
28 121
28 157
28 163
28 215
28 236
28 249
28 258
28 298
28 346
28 349
28 503
28 513
28 564
28 603
28 628
28 639
28 647
28 673
28 684
28 703
28 786
28 942
28 946
28 984
28 499
28 179
28 227
28 310
28 355
28 427
28 133
28 138
28 250
28 294
28 492
28 528
28 874
29 39
29 71
29 194
29 402
29 437
29 464
29 475
29 577
29 746
29 814
29 921
29 55
29 105
29 175
29 196
29 210
29 211
29 233
29 327
29 877
29 975
29 122
29 511
29 589
29 406
29 417
29 686
29 768
29 584
29 673
29 170
29 535
29 851
29 947
29 960
29 985
29 990
29 30
29 691
29 748
29 842
29 858
29 54
29 83
29 285
29 342
29 393
29 420
29 432
29 465
29 469
29 491
29 498
29 530
29 644
29 664
29 667
29 701
29 807
29 241
29 301
29 716
29 68
29 95
29 116
29 144
29 238
29 324
29 361
29 446
29 609
29 630
30 331
30 440
30 583
30 613
30 211
30 229
30 233
30 299
30 705
30 994
30 302
30 77
30 161
30 984
30 55
30 124
30 168
30 411
30 557
30 987
30 69
30 75
30 88
30 95
30 131
30 186
30 256
30 579
30 584
30 715
30 721
30 759
30 844
30 854
30 906
30 926
30 611
30 112
30 243
30 470
31 40
31 41
31 82
31 107
31 121
31 132
31 169
31 171
31 231
31 280
31 629
31 907
31 937
31 981
31 139
31 145
31 211
31 258
31 359
31 603
31 356
31 539
31 174
31 346
31 948
31 731
31 792
31 993
31 342
31 439
31 557
31 70
31 75
31 77
31 549
31 707
31 892
31 32
31 43
31 86
32 77
32 148
32 262
32 439
32 496
32 513
32 538
32 567
32 640
32 699
32 70
32 157
32 176
32 287
32 345
32 474
32 668
32 42
32 346
32 448
32 627
32 656
32 36
32 46
32 73
32 101
32 612
32 659
32 671
32 300
32 119
32 160
32 295
32 546
32 48
32 71
32 74
32 88
32 103
32 109
32 112
32 128
32 134
32 155
32 183
32 220
32 252
32 257
32 285
32 289
32 324
32 353
32 394
32 428
32 454
32 484
32 501
32 529
32 541
32 572
32 587
32 651
32 741
32 851
32 932
32 993
32 210
32 67
32 153
32 162
32 443
32 553
32 578
33 34
33 104
33 150
33 152
33 289
33 380
33 399
33 500
33 620
33 780
33 594
33 35
33 37
33 41
33 223
33 262
33 301
33 414
33 429
33 448
33 468
33 515
33 682
33 713
33 775
33 840
33 908
33 211
33 218
33 228
33 336
33 761
33 806
33 970
33 46
33 340
33 623
33 833
33 880
33 94
33 109
33 121
33 145
33 314
33 404
33 574
33 591
33 611
33 708
33 750
33 774
33 799
34 48
34 66
34 152
34 250
34 296
34 465
34 678
34 794
34 817
34 935
34 40
34 78
34 106
34 112
34 195
34 376
34 411
34 422
34 742
34 907
34 45
34 70
34 93
34 102
34 123
34 166
34 217
34 226
34 395
34 455
34 652
34 669
34 796
34 913
34 940
34 667
34 753
34 833
34 942
34 554
34 191
34 208
34 209
34 270
34 518
34 525
34 769
34 205
34 470
35 53
35 340
35 356
35 437
35 308
35 382
35 433
35 624
35 788
35 846
35 904
35 218
35 683
35 276
35 969
35 318
35 200
35 519
35 216
35 238
35 968
35 38
35 894
36 46
36 121
36 190
36 218
36 364
36 389
36 431
36 614
36 82
36 85
36 90
36 114
36 253
36 368
36 766
36 791
36 904
36 122
36 823
36 72
36 81
36 97
36 826
36 878
36 900
36 50
36 65
36 73
36 139
36 176
36 227
36 354
36 370
36 375
36 394
36 397
36 402
36 554
36 574
36 591
36 818
36 829
36 170
36 552
36 561
36 56
36 216
36 266
36 505
36 721
37 42
37 886
37 98
37 178
37 218
37 751
37 829
37 38
37 150
37 198
37 814
37 60
37 66
37 108
37 113
37 151
37 157
37 181
37 297
37 341
37 416
37 517
37 621
37 710
37 728
37 864
37 957
37 109
37 110
37 250
37 537
37 844
37 182
37 126
37 433
38 38
38 189
38 645
38 130
38 187
38 370
38 395
38 482
38 501
38 537
38 706
38 800
38 64
38 69
38 78
38 134
38 141
38 310
38 326
38 445
38 799
38 852
38 927
38 964
38 450
38 731
38 219
38 991
38 323
38 474
38 255
38 277
38 491
38 982
38 61
38 175
38 233
38 244
38 362
38 380
38 486
38 636
38 918
38 48
38 100
38 132
38 252
38 272
38 316
38 357
38 396
38 422
38 435
38 447
38 502
38 564
38 797
38 885
38 904
39 850
39 75
39 79
39 670
39 680
39 48
39 185
39 200
39 274
39 281
39 521
39 624
39 695
39 717
39 735
39 52
39 53
39 367
39 608
39 800
39 247
39 361
39 47
39 71
39 102
39 116
39 126
39 129
39 163
39 190
39 206
39 311
39 384
39 421
39 466
39 499
39 524
39 560
39 643
39 709
39 718
39 875
39 997
39 205
39 108
39 115
39 145
39 146
39 171
39 258
39 377
39 487
39 537
39 963
40 986
40 48
40 100
40 102
40 104
40 189
40 261
40 388
40 723
40 755
40 982
40 310
40 89
40 92
40 157
40 193
40 338
40 406
40 545
40 659
40 780
40 54
40 136
40 297
40 392
40 398
40 85
40 151
40 653
40 816
40 901
40 62
40 83
40 177
40 262
40 424
40 714
40 743
40 836
40 884
40 906
40 957
41 279
41 616
41 808
41 127
41 861
41 93
41 132
41 276
41 447
41 905
41 45
41 69
41 76
41 128
41 138
41 139
41 141
41 169
41 184
41 196
41 225
41 246
41 321
41 357
41 390
41 432
41 434
41 646
41 743
41 790
41 900
41 844
42 672
42 94
42 232
42 247
42 357
42 574
42 598
42 600
42 660
42 842
42 164
42 185
42 892
42 45
42 898
42 122
42 689
42 974
42 51
42 203
42 268
42 292
42 808
42 813
43 55
43 79
43 162
43 188
43 199
43 280
43 606
43 805
43 867
43 969
43 43
43 46
43 113
43 158
43 291
43 294
43 300
43 301
43 517
43 656
43 679
43 791
43 840
43 110
43 170
43 369
43 399
43 794
43 57
43 59
43 61
43 80
43 82
43 99
43 140
43 153
43 256
43 469
43 480
43 537
43 550
43 623
43 672
43 677
43 722
43 736
43 765
43 877
43 878
43 940
43 973
43 68
43 128
43 882
43 85
43 248
43 444
43 521
43 937
43 58
43 529
43 732
43 734
43 871
43 104
43 142
43 179
43 273
43 390
43 394
43 779
43 786
43 797
44 170
44 344
44 462
44 864
44 188
44 237
44 338
44 498
44 536
44 257
44 597
44 599
44 914
44 395
44 613
44 60
44 231
44 287
44 559
44 692
44 798
44 866
44 54
44 178
44 197
44 208
44 372
44 544
44 563
44 709
44 49
44 622
44 639
44 681
44 818
44 58
45 53
45 71
45 172
45 197
45 648
45 920
45 939
45 56
45 329
45 420
45 634
45 48
45 57
45 104
45 170
45 190
45 538
45 571
45 832
45 950
45 263
45 349
45 355
45 154
45 952
45 101
45 962
45 109
45 114
45 115
45 128
45 315
45 520
45 582
45 880
45 976
45 77
45 117
45 118
45 303
45 433
45 694
45 991
46 51
46 229
46 969
46 174
46 424
46 467
46 942
46 359
46 190
46 314
46 408
46 492
46 729
46 816
46 833
46 84
46 90
46 156
46 220
46 243
46 250
46 835
46 130
46 251
46 946
46 613
46 499
46 723
47 57
47 106
47 165
47 192
47 315
47 333
47 382
47 643
47 929
47 49
47 117
47 145
47 152
47 202
47 324
47 462
47 592
47 622
47 676
47 135
47 181
47 400
47 574
47 683
47 757
47 794
47 842
47 850
47 108
47 601
47 898
47 126
47 187
47 227
47 284
47 293
47 313
47 351
47 516
47 605
47 695
47 934
47 987
48 81
48 105
48 224
48 230
48 286
48 396
48 479
48 654
48 666
48 765
48 80
48 82
48 478
48 571
48 97
48 108
48 249
48 490
48 508
48 976
48 153
48 125
48 134
48 264
48 60
48 65
48 72
48 254
48 606
48 691
48 970
49 50
49 99
49 249
49 283
49 825
49 956
49 292
49 316
49 342
49 446
49 783
49 290
49 461
49 541
49 106
49 299
49 714
49 66
49 68
49 74
49 247
49 253
49 264
49 333
49 358
49 425
49 454
49 636
49 720
49 893
49 929
49 964
49 179
49 656
49 945
49 438
49 460
49 562
49 638
49 905
49 182
49 555
49 776
49 789
49 57
49 138
49 248
49 321
49 699
50 183
50 390
50 401
50 625
50 770
50 99
50 221
50 357
50 494
50 80
50 480
50 518
50 634
50 643
50 151
50 394
50 506
50 610
50 641
50 954
50 58
50 277
50 895
50 902
50 193
50 488
50 235
50 260
50 472
50 576
50 613
50 675
50 908
50 59
50 116
50 199
50 211
50 227
50 266
50 268
50 334
50 344
50 350
50 425
50 439
50 440
50 450
50 454
50 457
50 640
50 862
50 892
50 936
51 105
51 256
51 281
51 903
51 78
51 123
51 397
51 516
51 238
51 754
51 84
51 96
51 866
51 588
51 127
51 336
51 960
51 65
51 100
51 126
51 202
51 312
51 530
51 793
52 53
52 54
52 61
52 273
52 536
52 832
52 71
52 335
52 412
52 496
52 643
52 644
52 93
52 203
52 385
52 442
52 617
52 159
52 164
52 375
52 318
52 415
52 933
52 67
52 222
52 565
52 928
52 972
52 227
52 309
52 320
52 509
52 514
52 552
52 894
52 152
52 308
52 661
53 418
53 446
53 710
53 742
53 323
53 409
53 532
53 948
53 954
53 101
53 105
53 144
53 228
53 244
53 246
53 350
53 380
53 486
53 766
53 873
53 907
53 92
53 141
53 152
53 294
53 358
53 569
53 601
53 733
53 977
53 74
53 109
53 234
53 277
53 401
53 584
53 587
53 617
53 635
53 698
53 267
54 58
54 187
54 213
54 214
54 325
54 423
54 479
54 508
54 790
54 965
54 93
54 324
54 612
54 690
54 166
54 241
54 415
54 456
54 537
54 754
54 928
54 98
54 115
54 159
54 309
54 744
54 753
54 993
54 133
54 870
54 947
54 203
54 371
54 682
54 769
54 826
54 60
54 273
54 522
55 80
55 201
55 407
55 73
55 133
55 143
55 174
55 238
55 481
55 509
55 546
55 683
55 914
55 246
55 545
55 835
55 859
55 160
55 187
55 303
55 360
55 215
55 264
55 558
55 878
55 244
55 993
55 199
55 431
55 654
55 97
55 109
55 196
55 363
55 501
55 528
56 413
56 72
56 180
56 229
56 374
56 606
56 388
56 403
56 751
56 817
56 615
56 280
56 958
56 135
56 237
56 315
56 531
56 64
56 85
56 137
56 155
56 162
56 172
56 381
56 725
56 926
56 961
56 73
56 372
56 442
56 465
56 788
57 880
57 102
57 174
57 408
57 445
57 521
57 604
57 817
57 860
57 335
57 412
57 77
57 227
57 289
57 325
57 328
57 346
57 409
57 671
57 813
57 941
57 948
57 457
57 797
57 186
57 224
57 397
57 365
57 936
57 296
58 59
58 92
58 915
58 97
58 185
58 373
58 494
58 64
58 73
58 88
58 107
58 112
58 131
58 168
58 194
58 294
58 388
58 631
58 644
58 810
58 213
58 702
58 80
58 315
58 547
58 206
58 410
58 475
58 572
58 629
58 707
58 731
58 78
58 173
58 233
58 339
58 397
58 544
58 70
58 232
58 718
59 546
59 744
59 817
59 287
59 177
59 475
59 584
59 68
59 370
59 658
59 679
59 985
59 62
59 251
59 294
59 365
59 487
59 533
59 228
59 297
59 328
59 347
59 485
59 503
59 681
59 746
59 963
59 637
59 670
60 318
60 644
60 267
60 271
60 837
60 309
60 944
60 386
60 238
60 326
60 478
61 70
61 262
61 448
61 622
61 456
61 504
61 562
61 887
61 84
61 189
61 557
61 103
61 186
61 265
61 351
61 458
61 797
61 806
61 832
61 860
61 869
61 915
61 981
61 196
61 449
61 451
61 684
61 149
61 171
61 228
61 355
61 412
61 513
61 679
61 732
61 740
61 816
62 607
62 197
62 835
62 123
62 240
62 292
62 304
62 441
62 512
62 525
62 527
62 566
62 571
62 614
62 702
62 775
62 184
62 188
62 460
62 831
62 766
63 209
63 977
63 117
63 246
63 263
63 358
63 918
63 778
63 798
63 198
63 269
63 912
63 75
63 659
63 95
63 724
63 946
64 90
64 224
64 578
64 696
64 965
64 84
64 86
64 103
64 131
64 220
64 226
64 325
64 331
64 376
64 419
64 436
64 552
64 630
64 689
64 792
64 898
64 212
64 780
64 123
64 608
64 707
64 135
64 159
64 188
64 236
64 411
64 572
64 615
64 960
64 383
64 76
64 146
64 150
64 225
64 286
64 310
64 340
64 414
64 555
64 564
64 658
64 927
65 960
65 196
65 385
65 809
65 124
65 205
65 305
65 466
65 581
65 173
65 100
65 101
65 149
65 150
65 225
65 303
65 440
65 502
65 509
65 559
65 757
65 883
65 979
65 92
65 503
65 136
65 146
65 333
66 958
66 143
66 165
66 252
66 536
66 709
66 173
66 212
66 635
66 662
66 103
66 133
66 633
66 199
66 706
66 384
66 450
66 586
66 819
67 809
67 71
67 202
67 346
67 420
67 438
67 531
67 106
67 128
67 217
67 287
67 425
67 552
67 275
67 509
67 611
67 931
67 255
67 853
67 914
67 76
67 136
67 193
67 355
67 465
67 526
67 145
67 508
67 96
67 383
67 341
67 569
67 747
67 811
67 903
67 974
68 658
68 96
68 195
68 504
68 951
68 115
68 573
68 720
68 79
68 252
68 334
68 875
68 992
68 350
68 467
68 494
68 638
68 445
68 496
68 520
68 837
68 110
69 116
69 202
69 440
69 550
69 87
69 985
69 383
69 378
69 125
69 135
69 163
69 293
69 452
69 541
69 556
69 691
69 694
69 149
69 167
69 296
69 531
69 426
69 929
69 168
69 353
69 879
69 944
69 191
69 288
69 560
69 766
69 845
69 878
69 483
69 565
69 708
70 72
70 101
70 152
70 201
70 290
70 659
70 774
70 894
70 304
70 443
70 205
70 728
70 118
70 274
70 692
70 136
70 468
71 147
71 192
71 610
71 82
71 285
71 299
71 369
71 376
71 618
71 662
71 242
71 223
71 289
71 345
71 417
71 697
71 698
71 725
71 764
71 949
71 967
71 91
71 96
71 273
71 337
71 93
71 97
71 235
71 293
71 405
71 436
71 766
71 791
72 158
72 486
72 134
72 145
72 617
72 897
72 125
72 139
72 568
72 609
72 697
72 114
72 130
72 224
72 257
72 276
72 307
72 341
72 349
72 487
72 675
73 84
73 311
73 886
73 589
73 843
73 429
73 933
73 128
73 138
73 174
73 184
73 200
73 201
73 274
73 386
73 438
73 454
73 630
73 681
73 711
73 746
73 811
73 835
73 857
73 877
73 910
73 950
73 590
73 710
73 782
73 790
73 964
73 393
73 483
73 489
73 795
73 475
73 860
73 991
73 81
73 120
73 342
73 734
74 237
74 285
74 361
74 789
74 796
74 851
74 876
74 937
74 961
74 976
74 406
74 135
74 541
74 884
74 806
74 120
74 272
74 485
74 881
74 271
74 408
74 773
74 243
74 198
75 116
75 147
75 335
75 627
75 636
75 665
75 108
75 623
75 968
75 349
75 517
75 612
75 672
75 83
75 204
75 331
75 419
75 435
75 450
75 505
75 610
75 710
75 846
75 149
75 199
75 539
76 117
76 566
76 655
76 161
76 465
76 451
76 486
76 535
76 989
76 254
76 283
76 344
76 395
76 621
76 885
76 973
76 320
76 123
76 375
77 234
77 536
77 607
77 164
77 856
77 145
77 601
77 722
77 125
77 189
78 531
78 210
78 290
78 400
78 665
78 686
78 820
78 858
78 882
78 166
78 784
78 240
78 280
78 801
78 859
78 941
78 358
78 493
79 482
79 760
79 206
79 343
79 515
79 583
79 719
79 852
79 201
79 329
79 418
79 466
79 536
79 87
80 107
80 119
80 181
80 291
80 331
80 458
80 539
80 732
80 770
80 82
80 299
80 752
80 913
80 89
80 903
80 83
80 129
80 154
80 237
80 334
80 338
80 477
80 681
80 833
80 336
80 386
80 415
80 353
80 956
80 936
81 264
81 430
81 435
81 790
81 196
81 301
81 624
81 141
81 258
81 318
81 477
81 826
81 205
81 223
81 244
81 690
81 810
81 133
81 315
81 446
81 496
81 528
81 545
81 692
81 896
81 902
81 96
81 498
81 526
81 589
81 774
81 397
81 610
81 893
82 268
82 344
82 293
82 773
82 852
82 110
82 430
82 508
82 883
82 975
82 374
82 500
82 554
82 725
82 750
82 916
82 146
82 307
82 681
82 744
82 767
82 115
82 330
82 814
82 86
82 739
82 980
83 95
83 141
83 918
83 808
83 655
83 251
83 261
83 681
83 237
83 530
83 562
83 595
83 652
83 819
83 866
83 169
83 874
83 492
83 621
83 995
84 269
84 427
84 124
84 135
84 181
84 218
84 268
84 281
84 345
84 351
84 383
84 442
84 462
84 585
84 599
84 610
84 824
84 155
84 836
84 837
84 842
84 225
84 323
84 391
84 524
84 686
84 797
84 985
84 413
84 274
85 401
85 474
85 664
85 107
85 137
85 436
85 739
85 565
85 671
86 415
86 758
86 139
86 94
86 148
86 200
86 408
86 418
86 823
86 930
86 579
86 202
86 421
86 514
87 118
87 467
87 975
87 221
87 551
87 743
87 87
87 184
87 249
87 433
87 625
87 632
87 688
87 880
87 132
87 181
87 145
87 256
87 142
87 133
87 167
87 265
87 448
87 956
88 691
88 478
88 490
88 632
88 888
88 551
88 679
88 743
88 474
88 236
88 228
88 309
88 866
88 504
88 992
89 713
89 119
89 154
89 300
89 647
89 330
89 340
89 371
89 663
89 683
89 727
89 901
89 710
89 586
89 224
89 343
89 738
90 157
90 320
90 952
90 158
90 467
90 513
90 606
90 828
90 215
90 340
90 532
90 662
90 733
90 875
90 999
90 102
90 369
90 442
90 852
90 205
90 333
91 722
91 807
91 99
91 101
91 543
91 106
91 408
91 127
91 853
91 121
91 144
91 332
92 120
92 284
92 450
92 832
92 926
92 995
92 114
92 256
92 427
92 478
92 542
92 217
92 403
92 887
92 987
92 151
92 269
92 271
92 276
92 421
92 429
92 480
92 796
92 828
92 179
92 228
92 283
92 447
92 706
92 243
92 260
92 331
92 687
93 181
93 397
93 731
93 862
93 172
93 398
93 487
93 587
93 692
93 841
93 161
93 244
93 307
93 524
93 273
93 138
93 235
93 311
93 521
93 943
93 230
93 275
93 279
93 603
93 776
93 314
93 674
93 156
93 541
93 571
93 827
93 953
93 124
93 131
93 209
93 249
93 622
93 887
93 888
94 122
94 464
94 565
94 748
94 763
94 853
94 102
94 223
94 276
94 281
94 295
94 348
94 405
94 706
94 831
94 876
94 570
94 523
94 905
94 368
94 753
94 532
94 641
94 181
94 209
94 552
94 617
94 729
94 956
95 432
95 696
95 319
95 192
95 198
95 559
95 112
95 163
95 343
95 547
95 215
95 102
95 621
95 907
95 124
95 427
95 896
95 690
96 457
96 542
96 561
96 214
96 475
96 612
96 734
96 748
96 100
96 204
96 239
96 360
96 829
96 869
96 921
97 233
97 456
97 418
97 429
97 665
97 745
97 831
97 874
97 99
97 135
97 178
97 236
97 239
97 243
97 245
97 278
97 355
97 373
97 400
97 424
97 441
97 459
97 466
97 481
97 703
97 229
97 798
97 126
97 339
97 347
97 664
97 138
97 832
97 836
97 98
97 301
97 220
97 285
97 390
97 755
98 134
98 481
98 111
98 115
98 182
98 185
98 122
98 497
98 986
98 106
98 231
98 367
98 547
98 551
98 811
98 665
98 159
98 166
98 313
98 506
98 549
98 910
98 496
98 259
98 475
98 510
99 279
99 630
99 183
99 277
99 321
99 494
99 368
99 147
99 180
99 389
99 688
99 307
100 143
100 152
100 282
100 531
100 559
100 882
100 138
100 148
100 356
100 777
100 117
100 619
100 916
100 838
100 909
100 321
100 765
100 885
100 905
101 167
101 452
101 624
101 165
101 472
101 433
101 150
101 291
101 317
101 468
101 907
101 331
101 124
101 370
101 839
101 499
101 495
102 453
102 213
102 323
102 488
102 634
102 800
102 389
102 320
102 565
102 169
102 559
103 121
103 164
103 555
103 764
103 939
103 349
103 861
103 872
103 114
103 245
103 481
103 614
103 685
103 585
103 339
104 574
104 718
104 165
104 211
104 354
104 539
104 817
104 375
104 324
104 361
104 691
104 839
105 332
105 661
105 908
105 601
105 799
105 497
105 580
105 632
105 159
105 374
105 456
105 581
105 854
105 156
105 278
106 260
106 270
106 648
106 175
106 219
106 236
106 553
106 581
106 227
106 305
106 360
106 378
106 407
106 619
106 183
106 231
106 688
106 839
106 860
106 870
107 151
107 159
107 379
107 478
107 543
107 853
107 164
107 605
107 177
107 378
107 366
107 749
107 842
107 910
107 111
107 116
107 488
107 149
107 156
107 500
107 662
107 344
107 813
107 995
107 326
108 198
108 429
108 225
108 291
108 315
108 431
108 525
108 365
108 400
108 627
108 667
108 859
108 513
109 368
109 537
109 930
109 135
109 177
109 305
109 868
109 978
109 204
109 310
109 359
109 437
109 640
109 468
109 575
109 111
109 314
109 822
109 940
109 112
109 136
109 182
109 289
109 852
109 948
109 119
109 345
110 154
110 286
110 144
110 174
110 305
110 512
110 166
110 301
110 153
110 224
110 487
110 655
110 716
111 553
111 115
111 289
111 317
111 995
111 128
111 315
111 660
111 504
111 694
111 801
111 832
111 979
111 942
111 219
112 172
112 253
112 267
112 313
112 439
112 452
112 587
112 876
112 331
112 929
112 180
112 389
112 454
112 467
112 955
112 480
112 738
112 749
112 113
112 234
112 243
112 305
112 309
112 377
113 161
113 243
113 451
113 856
113 126
113 257
113 150
113 983
113 722
113 178
113 434
113 556
114 248
114 291
114 479
114 885
114 134
114 155
114 168
114 262
114 278
114 298
114 374
115 298
115 383
115 549
115 874
115 358
115 411
115 632
115 642
115 623
115 456
115 355
115 700
115 972
116 407
116 457
116 656
116 137
116 527
116 639
116 668
116 735
116 134
116 360
116 371
116 534
116 820
116 888
116 176
116 288
116 347
116 366
116 899
116 983
117 287
117 365
117 473
117 856
117 259
117 738
117 172
117 430
117 943
117 266
117 797
117 192
117 220
118 685
118 162
118 261
118 319
118 173
118 337
118 345
118 422
118 913
118 952
118 962
118 201
118 479
118 967
118 223
118 741
118 781
118 120
118 143
118 195
118 826
119 185
119 253
119 298
119 566
119 615
119 650
119 666
119 772
119 827
119 875
119 377
119 197
119 272
119 385
119 576
119 876
119 245
119 305
119 776
119 703
120 127
120 287
120 280
120 647
120 701
120 977
120 236
120 387
120 664
120 698
121 841
121 398
121 641
121 220
121 337
121 412
121 459
121 506
121 509
121 522
121 593
121 655
121 690
121 811
121 829
121 343
121 253
121 259
121 268
121 663
121 702
121 728
121 809
121 893
121 965
122 242
122 404
122 606
122 235
122 272
122 321
122 328
122 961
122 226
122 426
122 559
122 577
122 740
122 198
122 258
122 308
122 447
122 530
122 390
122 132
122 255
123 382
123 168
123 368
123 423
123 604
123 169
123 145
123 431
123 711
123 775
123 898
123 485
123 793
124 169
124 185
124 199
124 416
124 421
124 469
124 540
124 708
124 961
124 974
124 678
124 202
124 354
124 473
124 396
124 572
124 734
124 143
124 200
124 646
124 177
125 683
125 593
125 781
125 848
125 250
125 332
125 676
125 179
125 392
125 723
125 915
126 804
126 996
126 197
126 337
126 622
126 645
126 709
126 364
126 167
126 994
126 217
126 244
126 595
127 195
127 381
127 932
127 373
127 466
127 469
127 842
127 300
127 898
127 153
127 269
127 291
127 394
127 422
127 514
127 575
127 875
127 782
127 938
127 306
127 256
128 746
128 453
128 513
128 802
128 239
128 130
128 168
128 365
128 801
128 866
129 441
129 944
129 229
129 378
129 383
129 327
129 416
129 844
129 142
129 143
129 876
129 566
129 615
129 376
129 904
130 419
130 449
130 602
130 998
130 153
130 223
130 573
130 579
130 590
130 238
130 149
130 338
130 677
130 693
131 216
131 636
131 393
131 465
131 165
131 388
131 464
131 838
131 976
131 980
131 137
131 193
131 275
131 670
131 988
131 304
131 508
131 737
131 448
131 616
131 908
132 179
132 429
132 141
132 310
132 420
132 555
132 482
132 570
132 222
132 463
132 938
132 989
132 304
132 316
132 411
132 435
132 727
132 835
132 855
132 916
133 479
133 493
133 211
133 698
133 837
133 746
133 955
133 169
133 397
133 414
133 292
134 594
134 250
134 723
134 337
134 473
134 210
134 299
134 419
134 531
134 608
134 824
134 997
134 140
134 303
134 332
134 340
134 406
134 876
134 433
134 371
134 891
134 534
134 213
134 505
135 234
135 959
135 974
135 474
135 550
135 684
135 731
135 752
135 434
135 240
135 488
135 592
136 160
136 748
136 177
136 191
136 212
136 219
136 279
136 288
136 399
136 561
136 238
136 255
136 293
136 366
136 409
136 616
136 756
136 780
136 799
136 917
136 278
136 498
136 811
136 294
137 215
137 298
137 142
137 144
137 740
137 194
137 233
137 362
137 478
137 313
137 212
137 996
137 515
137 523
137 578
137 156
137 591
137 772
137 868
138 306
138 336
138 422
138 395
138 568
138 752
138 867
138 877
138 214
138 360
138 180
138 386
138 388
138 140
138 382
138 225
138 423
138 614
138 234
138 949
139 157
139 160
139 341
139 792
139 146
139 526
139 688
139 821
139 313
139 397
139 468
139 477
139 570
139 641
139 840
139 992
139 794
139 170
139 443
139 925
139 971
139 203
139 259
139 338
139 194
139 815
140 776
140 277
140 613
140 502
140 797
140 846
140 216
140 217
140 245
140 355
140 427
140 588
140 633
140 922
141 937
141 258
141 265
141 617
141 363
141 439
141 535
141 674
141 943
141 190
141 290
141 387
141 398
141 444
141 499
141 658
141 778
141 799
141 917
141 939
141 272
141 239
141 187
141 649
142 167
142 259
142 453
142 670
142 143
142 222
142 347
142 646
142 741
142 251
142 305
142 363
142 576
142 809
142 211
142 351
142 461
142 554
142 750
142 385
142 428
142 688
142 485
142 719
143 402
143 146
143 392
143 447
143 528
143 538
143 586
143 650
143 675
143 771
143 780
143 798
143 838
143 919
143 148
143 248
143 355
143 759
143 784
143 251
143 430
143 196
144 206
144 520
144 771
144 500
144 836
144 180
144 193
144 453
144 576
144 356
144 147
144 260
144 473
144 742
144 665
144 674
144 449
145 716
145 322
145 385
145 474
145 202
145 516
145 280
145 590
145 803
145 959
145 244
145 324
145 356
145 822
145 830
145 150
145 330
145 436
145 535
145 148
145 313
145 629
145 485
145 860
146 399
146 193
146 202
146 458
146 398
146 171
146 216
146 303
146 626
146 841
146 931
146 865
146 867
146 217
146 715
146 436
146 663
146 806
147 200
147 203
147 240
147 322
147 585
147 841
147 842
147 564
147 569
147 336
147 757
147 217
147 245
147 330
147 352
147 421
148 388
148 190
148 246
148 523
148 195
148 209
148 320
148 359
148 374
148 449
148 555
148 686
148 601
149 268
149 307
149 377
149 418
149 616
149 803
149 635
149 733
149 477
149 771
149 195
149 234
150 569
150 680
150 696
150 356
150 528
150 213
150 155
150 391
150 436
150 842
150 161
151 372
151 694
151 855
151 455
151 824
151 514
151 231
151 710
151 194
151 287
152 289
152 406
152 232
152 341
152 443
152 486
152 884
152 925
152 955
152 627
152 912
152 420
152 286
152 461
153 230
153 286
153 651
153 987
153 629
153 594
153 749
153 216
153 266
153 721
153 973
153 188
153 319
153 711
154 369
154 501
154 212
154 272
154 282
154 160
154 228
154 312
154 439
154 682
154 990
154 995
154 508
155 539
155 338
155 185
155 674
155 504
155 957
156 160
156 461
156 196
156 219
156 283
156 352
156 563
156 805
156 905
157 789
157 847
157 502
157 214
157 476
157 896
157 946
158 204
158 337
158 160
158 168
158 457
158 937
158 927
158 208
158 278
158 621
158 648
158 718
158 789
158 920
158 752
159 200
159 387
159 505
159 541
159 568
159 503
159 444
160 310
160 529
160 398
160 521
160 755
160 166
160 376
160 650
160 326
161 161
161 264
161 303
161 527
161 742
161 981
161 203
161 358
161 505
161 568
161 668
161 858
161 902
161 563
161 762
161 263
161 237
162 248
162 447
162 568
162 820
162 840
162 949
162 418
162 198
162 488
162 493
162 540
162 669
162 770
162 668
162 995
162 701
163 231
164 241
164 930
164 991
164 254
164 342
164 430
164 666
164 176
164 187
164 485
164 198
164 360
164 382
164 459
164 571
165 658
165 935
165 413
165 328
165 406
165 287
165 307
165 387
165 578
165 798
165 229
165 563
165 885
165 315
165 491
166 188
166 191
166 301
166 408
166 603
166 648
166 745
166 849
166 872
166 973
166 631
166 335
166 195
166 240
166 297
166 713
166 715
166 895
166 323
166 626
166 740
166 817
166 896
167 180
167 254
167 403
167 795
167 939
167 189
167 984
167 332
167 721
168 285
168 880
168 213
168 380
168 207
168 351
168 352
168 459
168 537
168 316
168 556
168 713
168 206
168 468
168 890
169 256
169 870
169 403
169 417
169 492
169 246
169 306
169 366
169 642
169 869
170 255
170 362
170 919
170 668
170 186
170 194
170 210
170 247
170 266
170 300
170 323
170 336
170 365
170 549
170 756
170 801
170 889
170 764
171 189
171 469
171 613
171 822
171 273
171 452
171 965
171 542
171 602
171 958
171 510
171 304
171 854
172 205
172 225
172 325
172 555
172 691
172 871
172 917
172 192
172 626
172 650
172 742
172 922
172 671
172 880
172 219
172 229
172 606
172 854
172 625
173 583
173 847
173 544
173 413
173 952
174 932
174 524
174 833
174 288
174 766
174 566
174 872
174 913
174 296
174 668
174 596
175 267
175 312
175 338
175 422
175 472
175 516
175 801
175 586
175 396
175 498
175 750
175 317
176 699
176 560
176 209
176 304
176 346
176 356
176 450
176 498
176 548
176 191
176 207
176 236
176 318
176 517
176 818
177 379
177 696
177 766
177 802
177 348
177 631
177 283
177 441
177 774
177 744
177 501
178 192
178 241
178 265
178 404
178 449
178 594
178 866
178 245
178 636
178 764
178 277
178 660
178 271
178 303
178 370
178 274
179 300
179 467
179 595
179 775
179 794
179 634
179 471
179 367
179 386
179 255
179 381
179 460
179 512
179 970
179 977
179 682
180 676
180 886
180 329
180 369
180 451
180 509
180 210
180 996
180 295
180 669
180 350
181 258
181 269
181 575
181 372
181 900
181 911
181 912
181 489
181 579
182 241
182 520
182 727
182 240
182 312
182 584
182 848
182 990
183 784
183 835
183 971
183 499
183 899
183 982
184 497
184 206
184 329
184 184
184 222
184 827
184 317
184 320
184 765
184 926
184 660
184 726
184 412
184 417
184 684
184 795
184 193
184 278
184 280
184 323
184 778
184 877
185 251
185 782
185 984
185 575
185 991
185 701
186 350
186 353
186 476
186 711
186 739
186 805
186 906
186 653
186 879
186 394
186 643
186 873
186 384
186 669
186 740
186 967
186 227
186 632
186 755
186 548
187 196
187 274
187 288
187 556
187 824
187 554
187 279
187 190
188 555
188 242
188 309
188 455
188 652
188 676
188 825
188 922
188 946
188 471
188 985
188 709
188 786
188 396
189 263
189 380
189 381
189 543
189 667
189 788
189 819
189 407
189 412
189 254
189 698
189 817
189 641
189 651
189 869
189 950
189 242
189 431
189 903
190 250
190 304
190 297
190 540
190 769
190 265
190 295
190 365
190 804
190 874
190 411
190 700
190 299
190 435
190 795
190 838
191 431
191 213
191 415
191 693
191 755
191 814
191 988
191 372
191 288
191 438
192 283
192 348
192 549
192 499
192 821
192 242
192 393
192 466
192 232
192 308
192 313
192 877
192 222
192 370
192 377
192 515
192 537
192 657
192 731
192 745
193 441
193 424
193 432
193 839
194 308
194 218
194 539
194 226
194 233
194 414
194 454
194 556
194 704
194 803
194 689
194 771
194 981
195 226
195 329
195 451
195 922
195 543
195 283
195 718
195 315
195 197
195 234
195 260
195 416
195 570
195 835
195 904
196 260
196 288
196 372
196 695
196 782
196 844
196 653
196 581
196 229
196 270
196 821
197 676
197 614
197 795
197 878
197 321
197 375
197 607
197 838
197 373
197 203
197 218
197 886
197 304
197 591
197 870
197 956
198 348
198 459
198 657
198 272
198 538
198 629
198 719
198 988
198 403
198 860
198 632
198 464
198 580
198 318
198 469
199 270
199 363
199 530
199 493
199 499
199 221
199 225
199 649
199 673
199 787
199 449
199 809
199 250
199 359
199 506
199 564
199 568
199 934
200 546
200 253
200 652
200 804
200 561
200 406
200 898
200 219
200 248
200 673
200 765
200 451
201 463
201 653
201 762
201 617
201 750
201 283
201 568
201 585
201 687
201 802
201 857
201 951
201 571
201 712
202 267
202 339
202 372
202 552
202 560
202 812
202 364
202 966
202 436
202 456
202 548
202 670
202 767
202 989
202 529
202 649
203 226
203 463
203 642
203 701
203 521
203 495
203 634
203 551
203 606
203 309
203 368
203 400
203 631
203 398
203 331
203 431
204 290
204 421
204 234
204 896
204 998
204 488
204 582
204 902
204 247
204 270
204 695
204 922
204 718
204 333
204 453
204 489
205 758
205 491
205 337
205 645
205 734
205 580
205 925
206 367
206 426
206 682
206 893
206 248
206 414
206 732
207 275
207 368
207 779
207 792
207 937
207 425
207 599
207 710
207 419
207 796
207 511
207 522
207 725
207 728
207 242
207 294
207 267
207 575
208 486
208 459
208 802
208 830
208 409
208 457
208 536
208 573
208 633
209 822
209 263
209 546
209 814
209 751
209 280
209 446
209 639
209 909
209 431
210 238
210 401
210 489
210 437
210 640
210 987
210 227
210 511
210 858
210 312
210 410
211 223
211 306
211 393
211 391
211 885
212 289
212 352
212 408
212 327
212 851
213 219
213 481
213 477
213 718
213 264
214 882
214 275
214 218
214 601
214 855
214 353
214 774
214 793
214 920
214 215
214 256
214 309
214 556
214 807
214 578
214 761
214 989
215 582
215 598
215 757
215 705
215 257
215 629
215 510
215 545
216 231
216 303
216 594
216 638
216 270
216 278
216 529
216 610
216 792
216 875
216 409
217 853
217 913
217 604
217 634
217 231
217 256
217 333
217 371
217 442
217 548
217 615
217 249
217 483
217 990
218 343
218 460
218 944
218 996
218 275
218 858
218 517
218 516
219 570
219 382
219 410
219 311
219 354
219 689
219 999
219 254
219 380
219 625
220 429
220 865
220 573
220 652
220 690
220 835
220 954
220 661
220 222
221 390
221 784
221 901
221 417
221 470
221 350
221 353
221 383
221 463
221 921
222 810
222 332
222 381
222 706
222 962
222 240
222 555
222 765
222 401
222 352
222 910
222 917
222 255
222 955
223 503
223 232
223 599
223 792
223 906
223 936
223 759
223 763
223 482
223 681
223 728
223 557
223 500
224 512
224 301
224 506
224 578
224 627
224 849
224 886
224 518
224 977
224 464
224 962
225 284
225 482
225 280
225 722
225 853
225 336
225 759
225 292
225 395
225 583
225 727
225 751
225 882
225 335
225 670
225 966
226 641
226 395
226 465
226 547
226 229
226 475
226 450
226 975
226 239
227 319
227 510
227 302
227 431
227 756
227 575
227 806
227 872
227 909
227 549
227 235
227 279
227 625
227 665
227 867
227 882
227 938
228 299
228 282
228 328
228 246
228 559
228 614
228 524
228 883
228 917
228 589
228 411
228 547
229 551
229 659
229 761
229 980
229 475
229 929
229 958
229 647
229 785
229 978
229 322
229 458
229 588
229 691
229 778
229 434
230 271
230 314
230 443
230 590
230 595
230 815
230 714
230 962
230 522
230 552
231 348
231 896
231 408
231 950
231 458
231 521
232 414
232 712
232 960
232 337
232 444
232 479
232 827
233 941
233 235
233 522
233 277
233 284
233 439
233 577
233 687
233 723
233 786
233 845
233 887
233 563
233 596
233 756
234 363
234 379
234 964
234 470
234 884
234 398
234 717
235 324
235 379
235 647
235 517
235 521
235 665
235 755
235 692
235 918
235 300
235 516
235 916
235 717
235 980
236 650
236 672
236 775
236 974
236 251
236 526
236 591
236 997
236 372
236 388
236 585
236 975
236 379
236 507
236 405
236 437
236 442
236 646
236 895
236 924
236 949
237 290
237 742
237 465
237 761
237 857
237 299
238 259
238 491
238 432
238 512
238 803
238 269
238 479
239 292
239 737
239 276
239 697
239 759
239 760
239 872
239 405
239 709
239 732
239 749
239 990
240 393
240 487
240 948
240 991
240 358
240 975
240 988
240 611
240 446
241 612
241 586
241 257
241 341
241 630
242 504
242 975
242 515
243 270
243 299
243 553
243 713
243 947
243 474
243 551
243 295
243 378
243 519
243 527
243 712
244 502
244 563
244 769
244 661
244 533
244 824
244 480
244 318
244 540
244 707
244 968
245 911
245 360
245 421
245 247
245 275
245 297
245 369
245 420
245 448
245 506
245 553
245 628
245 637
245 732
245 815
245 842
245 708
245 454
245 641
245 923
246 271
246 359
246 510
246 623
246 963
246 974
246 642
246 794
246 502
246 771
246 956
246 295
247 341
247 264
247 295
247 763
247 826
247 423
247 822
247 923
247 624
247 334
247 666
247 807
247 354
247 528
248 297
248 425
248 665
248 761
248 848
248 484
248 992
248 865
248 604
248 929
249 402
249 845
249 678
249 552
249 333
249 419
249 468
249 556
249 569
250 972
250 447
250 619
251 306
251 316
251 463
251 705
251 385
251 428
251 700
251 956
251 434
251 740
252 313
252 394
252 598
252 627
252 439
253 292
253 933
253 405
253 791
253 845
253 645
253 285
253 341
253 756
254 265
254 779
254 783
254 924
254 652
254 747
254 770
254 459
254 733
255 684
255 923
255 970
256 528
256 751
256 288
256 322
256 782
256 426
256 946
256 873
256 860
257 693
257 302
257 768
257 805
257 829
257 409
257 473
257 541
257 282
257 272
257 483
257 879
258 267
258 721
259 324
259 485
259 884
259 286
259 567
259 271
259 847
259 530
259 655
259 978
260 469
260 470
260 448
260 571
260 573
260 574
260 669
260 317
260 554
261 347
261 507
261 694
261 495
261 782
262 411
262 712
262 596
262 674
262 947
262 470
262 954
262 455
262 481
262 622
262 841
263 776
263 683
263 556
263 590
263 294
263 321
263 835
263 518
264 468
264 371
264 267
264 401
264 929
264 812
264 269
264 302
265 388
265 530
265 558
265 716
265 593
265 624
265 433
266 873
266 495
266 904
266 845
266 940
267 736
267 904
267 280
267 480
267 632
267 713
268 359
268 423
268 322
268 525
268 653
269 886
269 362
269 558
269 443
269 528
269 364
269 383
269 777
270 542
270 551
270 554
270 656
270 452
270 697
270 775
270 779
270 881
270 909
270 577
270 910
270 986
270 325
270 484
270 494
270 354
270 474
270 481
271 495
271 278
271 426
271 704
271 909
271 692
271 866
271 901
271 496
272 599
272 394
272 842
272 311
272 441
272 500
272 518
272 277
272 598
272 831
273 296
273 729
273 798
273 387
273 557
273 927
273 373
274 406
274 619
274 988
274 277
274 699
274 722
274 398
274 785
275 324
275 839
275 362
275 330
275 674
275 390
275 640
275 565
275 813
276 305
276 620
276 548
276 894
276 744
276 384
276 908
276 342
276 375
276 514
276 359
277 776
277 914
277 511
277 975
277 409
277 704
277 993
277 526
277 965
277 296
278 560
278 961
278 444
278 585
278 864
278 551
278 919
278 780
278 424
278 373
278 772
278 991
278 804
278 822
279 807
279 646
279 405
279 760
279 724
280 443
280 666
280 413
280 859
281 534
281 796
281 364
281 741
281 362
281 379
282 471
282 969
282 286
282 361
282 366
282 747
282 981
282 994
282 988
282 863
282 312
282 349
282 980
282 332
282 536
282 451
283 284
283 978
283 306
284 515
284 638
284 747
284 561
285 596
285 663
285 689
285 754
285 458
285 560
285 831
286 775
286 370
286 765
286 377
286 567
286 696
286 929
287 316
287 449
287 576
287 971
287 571
287 395
287 864
288 958
288 328
288 361
288 440
288 625
288 675
288 939
288 945
288 927
288 362
288 672
288 330
288 338
288 475
288 773
289 806
289 296
289 433
289 440
289 317
289 327
289 565
289 729
289 731
289 996
290 982
290 314
290 832
290 935
290 543
291 322
291 729
291 351
291 738
292 430
292 538
292 312
292 587
292 748
292 899
293 344
293 445
293 474
293 473
293 582
293 618
293 699
293 783
293 816
293 970
293 339
294 375
294 395
294 802
294 962
294 752
294 892
295 956
295 326
295 506
295 735
295 979
296 539
296 644
296 492
296 670
296 356
296 511
296 903
297 708
297 534
297 788
297 310
297 304
297 335
297 372
297 389
297 425
297 750
298 883
298 980
298 339
298 944
298 686
298 583
298 681
299 538
299 546
299 608
299 778
299 333
299 971
299 391
299 537
299 572
299 459
300 518
300 365
300 412
300 913
300 619
300 861
300 349
300 453
300 602
300 779
301 367
301 515
301 948
301 328
301 864
301 982
301 311
301 308
302 533
302 759
302 321
302 541
302 695
302 580
302 772
303 700
303 797
303 498
303 779
303 533
303 595
303 724
303 974
303 534
303 619
303 888
303 967
304 557
304 803
304 983
304 370
304 737
304 911
304 623
304 438
304 462
304 432
304 437
304 828
305 611
305 670
305 694
305 578
305 532
305 381
305 618
305 646
305 897
306 446
306 791
306 329
306 371
306 381
306 557
306 604
306 773
307 849
307 920
307 762
307 753
307 494
307 935
307 681
307 891
307 748
307 525
308 399
308 950
308 407
308 398
309 444
309 529
309 540
309 543
309 645
309 697
309 886
309 897
309 592
309 555
309 642
309 834
309 416
309 702
309 808
309 918
310 503
310 899
310 532
310 717
310 509
310 520
310 729
311 689
311 739
311 460
311 633
311 489
311 344
311 399
312 785
312 902
312 747
312 807
312 493
312 436
312 384
312 403
312 424
312 485
312 591
312 680
312 816
312 633
313 791
313 861
313 627
313 401
313 353
313 470
314 574
314 897
314 652
314 997
314 988
315 504
315 503
315 509
315 455
315 631
315 862
316 453
316 668
316 334
316 376
316 429
316 471
316 638
316 755
316 808
316 852
316 355
316 425
316 981
316 326
316 337
316 687
316 544
317 627
317 600
317 686
317 329
318 970
318 480
318 692
318 414
318 396
318 510
319 932
319 386
319 492
319 642
319 427
320 325
320 491
320 990
320 534
320 891
320 825
321 441
321 634
321 895
321 418
321 498
321 995
321 461
322 762
322 609
322 349
323 725
323 325
324 821
324 423
324 550
324 560
324 673
324 925
324 411
325 427
325 638
325 373
325 703
325 587
325 327
325 872
326 814
326 882
326 427
326 644
326 416
326 483
326 717
326 339
326 871
326 891
326 366
326 437
326 458
326 461
326 518
326 804
326 928
326 360
326 818
326 833
327 485
327 708
327 781
327 834
327 733
327 850
328 338
328 630
328 815
328 607
328 389
329 733
329 940
329 626
329 695
329 699
329 709
329 884
330 595
330 913
330 343
330 778
331 728
331 946
331 775
331 883
331 989
331 940
332 644
332 911
332 534
332 951
332 490
332 343
332 363
332 451
332 457
332 637
332 730
332 739
332 562
333 378
333 382
333 858
333 969
333 388
333 405
333 444
333 546
333 615
333 746
334 389
334 525
334 350
334 376
334 490
334 503
334 569
334 671
334 731
334 793
334 815
334 934
334 943
334 959
334 992
334 580
334 477
335 404
335 947
335 825
335 855
335 792
335 545
335 664
335 891
336 418
336 968
336 672
336 814
336 973
337 604
337 614
337 403
337 657
337 800
337 450
337 881
337 674
337 564
337 890
338 360
338 410
338 698
338 517
338 609
338 391
338 497
338 676
338 703
339 409
339 443
339 369
339 388
339 843
339 440
339 746
339 493
339 558
340 876
340 636
340 767
340 928
340 477
340 618
340 799
341 527
341 773
341 615
341 936
341 538
341 687
341 693
342 512
343 514
343 787
343 975
344 470
344 763
344 778
344 492
344 786
345 527
345 594
345 374
345 392
345 430
345 707
345 436
345 783
345 866
346 445
346 536
346 858
346 960
346 728
346 361
346 593
346 893
346 944
346 971
346 533
346 805
346 556
347 389
347 507
347 567
347 719
347 736
347 999
347 911
348 392
348 350
348 536
349 354
349 569
349 711
349 742
349 882
349 983
349 541
349 717
349 567
349 846
349 751
349 371
349 410
349 478
349 520
349 924
349 930
349 971
350 527
350 577
350 381
350 434
350 507
350 773
350 790
350 618
350 936
351 828
351 540
351 405
351 561
351 973
352 394
352 746
352 736
352 802
352 455
352 469
352 544
352 990
352 555
352 950
353 931
353 548
353 682
353 545
353 846
353 375
353 653
353 699
354 418
354 499
354 780
354 834
354 611
354 787
355 447
355 457
355 768
355 820
355 870
356 595
356 737
356 392
356 525
356 913
356 393
356 798
356 869
357 513
357 526
357 855
357 987
358 878
358 619
359 879
359 588
360 567
360 771
360 815
360 626
361 371
361 453
361 566
361 632
361 763
362 394
362 677
362 719
362 464
362 496
362 507
362 673
362 923
362 701
362 726
363 522
363 600
363 994
363 810
363 859
363 464
363 916
363 976
364 958
364 374
364 881
364 946
364 773
364 500
364 518
364 539
364 581
364 466
364 614
365 472
365 401
365 716
365 911
365 828
365 535
366 549
366 790
366 575
366 511
367 594
367 967
367 771
367 619
368 623
368 907
368 654
368 951
369 983
369 565
369 578
369 548
370 925
370 822
371 799
371 868
371 597
371 772
371 785
371 422
371 399
371 573
372 520
372 604
372 514
372 718
372 523
372 683
373 449
373 497
374 377
374 590
374 916
374 404
374 474
374 854
374 502
374 639
374 716
374 769
374 646
374 525
375 672
375 900
375 392
375 715
375 828
375 850
375 999
375 628
375 407
375 471
375 462
375 990
376 382
376 761
376 440
376 605
376 391
376 628
376 830
377 597
377 906
377 462
377 415
377 526
377 708
377 862
377 921
377 416
377 788
377 791
378 503
378 417
378 896
378 719
378 424
378 488
378 584
379 473
379 558
379 490
380 671
380 678
380 384
380 972
381 681
381 402
381 428
381 598
381 807
381 794
381 645
381 532
381 800
382 861
382 830
382 403
382 570
382 627
383 391
383 667
383 861
384 407
384 801
384 575
384 618
384 664
385 424
385 518
385 554
385 623
385 510
385 690
385 917
385 712
385 728
386 440
386 831
386 483
386 784
386 603
387 743
387 572
387 713
387 864
388 791
388 739
388 997
388 524
388 597
389 544
389 462
389 468
389 932
389 675
390 488
390 423
390 416
390 420
390 620
390 705
391 523
391 484
391 874
391 927
391 589
391 679
391 869
391 969
393 435
393 679
393 425
393 572
393 589
393 969
393 447
393 638
393 830
394 840
394 980
394 732
394 901
395 478
395 530
396 770
396 584
396 527
396 775
397 406
397 422
397 965
397 741
397 817
398 688
398 827
398 983
398 882
398 491
398 837
398 464
398 484
398 534
398 567
398 667
398 726
399 750
399 497
399 522
399 790
399 604
399 730
399 400
399 410
399 897
399 700
399 657
400 578
400 883
400 742
400 600
400 722
400 868
400 410
400 697
400 802
401 607
402 542
402 666
402 429
402 618
403 534
403 603
403 617
403 702
403 764
403 482
403 631
403 517
403 715
403 727
403 752
403 516
403 415
403 607
404 433
404 809
404 662
404 781
404 456
404 757
405 410
405 788
405 466
405 875
405 526
405 586
406 576
406 424
406 723
407 412
407 442
407 542
408 591
408 615
408 504
409 421
409 650
410 505
410 747
410 829
410 774
410 828
410 439
410 727
411 602
411 421
411 730
411 832
411 689
411 972
412 742
412 476
412 660
412 789
412 859
412 662
412 902
413 597
413 579
413 590
413 429
413 796
414 697
414 701
414 768
414 888
415 723
416 482
416 706
416 417
416 540
416 934
417 579
417 683
417 780
418 710
418 651
418 902
418 719
418 790
419 507
419 594
419 448
420 460
421 452
421 461
421 501
421 487
421 455
421 705
422 452
422 541
422 489
423 498
423 732
423 535
423 808
423 730
424 732
425 668
425 758
425 969
425 484
425 651
425 493
425 615
425 643
425 779
425 845
425 749
426 445
426 741
426 995
426 930
427 764
427 452
427 605
427 804
427 584
427 591
427 970
427 607
427 823
427 758
428 654
428 695
428 824
428 438
429 490
429 594
429 493
429 517
429 737
429 467
429 635
429 669
429 680
429 959
430 462
430 908
430 582
430 590
430 930
430 605
431 874
431 560
431 653
431 607
432 654
432 865
432 743
433 627
433 818
433 820
433 853
433 561
433 813
434 506
434 743
434 693
434 843
434 678
434 584
434 550
434 825
435 602
435 596
435 466
435 492
435 919
436 785
436 700
436 452
436 473
436 937
436 811
436 964
437 945
438 495
438 528
438 923
438 511
438 497
439 608
439 557
440 846
440 545
440 986
441 943
441 606
441 620
441 725
442 567
443 669
443 496
443 502
443 894
443 472
443 897
444 605
444 764
444 573
445 653
445 839
446 563
446 550
446 863
446 655
447 612
447 543
447 869
447 886
447 957
447 482
447 602
448 512
448 542
448 463
448 786
448 989
448 466
449 559
449 582
449 568
449 692
450 453
450 483
450 505
450 764
450 808
450 838
451 894
451 601
451 605
452 647
452 831
452 598
452 619
452 716
452 954
452 477
452 523
452 574
452 652
452 839
453 958
453 957
453 973
454 725
454 502
454 819
454 608
454 482
455 595
455 908
455 855
455 995
456 739
456 655
456 888
456 901
456 917
457 650
457 769
457 744
458 591
458 581
458 868
458 886
458 757
459 964
459 694
459 679
459 978
459 803
461 714
461 511
461 568
462 574
462 951
462 576
463 514
463 610
463 890
463 702
463 622
463 863
464 495
464 736
464 935
464 912
465 644
466 730
466 964
466 471
466 486
466 921
467 520
467 472
467 818
467 926
467 872
468 746
468 490
468 680
469 674
469 714
469 927
470 949
470 509
470 760
470 851
470 844
470 711
471 533
471 544
471 793
471 712
471 978
472 798
473 686
473 697
473 617
473 691
473 760
473 962
473 620
473 656
474 738
474 800
474 868
474 549
475 703
475 754
475 500
475 525
475 952
475 985
476 952
476 484
476 622
477 623
477 885
477 976
477 955
477 611
478 850
478 846
478 765
478 938
478 988
479 559
479 819
479 601
479 769
479 548
479 705
479 643
480 481
480 530
481 501
481 813
481 678
481 540
481 767
481 797
482 532
482 884
482 724
482 779
482 508
482 859
483 825
484 588
484 980
484 881
484 644
484 558
484 747
485 906
485 804
485 924
485 870
485 495
486 639
486 612
486 761
486 799
487 608
487 795
487 502
487 799
487 763
487 550
488 820
488 868
488 752
488 942
488 803
488 863
488 884
489 713
489 616
489 513
489 805
490 542
490 886
490 597
490 512
490 588
490 873
490 507
490 651
491 562
491 588
491 538
492 534
492 768
492 830
492 822
492 870
493 599
493 854
493 719
493 888
493 712
493 766
493 658
493 600
493 715
493 753
494 547
494 624
494 793
495 519
495 599
495 809
496 637
496 798
496 567
496 722
496 726
496 672
496 796
496 813
496 950
497 744
497 768
497 750
497 759
498 581
498 586
498 524
498 745
499 500
499 778
499 873
499 924
499 616
499 992
499 730
499 532
499 625
499 711
499 931
500 916
501 810
501 685
501 974
502 802
502 959
502 726
502 775
503 595
503 992
503 648
504 751
504 596
504 640
504 785
504 906
504 917
504 839
505 815
506 542
506 633
506 768
507 530
507 516
507 656
507 812
508 610
508 809
508 726
509 538
509 598
509 817
509 721
509 687
510 592
510 911
511 849
511 919
511 570
512 583
512 810
513 612
513 847
513 725
513 908
514 772
514 808
514 796
514 799
514 577
515 749
515 591
515 963
515 852
516 809
516 582
516 761
517 587
519 682
519 920
519 939
519 678
519 535
519 583
520 635
520 757
520 966
520 636
520 734
520 943
521 546
521 836
522 966
523 629
523 624
523 852
523 987
524 599
524 586
524 876
524 892
524 894
524 618
524 781
524 640
525 714
526 932
526 897
526 579
526 896
526 657
527 763
528 626
528 611
528 755
528 954
529 671
529 723
529 949
530 871
530 957
530 647
531 639
531 847
531 841
532 953
532 654
532 677
533 637
533 693
533 720
533 980
533 598
533 628
533 867
534 914
534 659
534 907
535 823
535 598
536 720
536 937
537 962
537 889
538 954
538 993
539 677
539 592
539 820
539 917
540 873
541 848
541 907
541 872
541 900
542 887
542 953
542 736
542 912
542 966
542 572
542 680
542 549
542 563
542 782
542 818
543 581
543 768
543 893
543 735
544 999
544 551
544 752
544 831
544 749
544 592
544 770
545 639
545 965
545 622
545 624
545 689
545 942
546 972
546 783
548 856
548 928
548 892
549 895
549 692
549 843
550 585
550 847
550 691
550 756
551 671
551 915
551 967
551 996
551 786
551 758
551 879
552 696
552 862
553 601
555 600
556 789
557 845
557 606
557 677
557 848
557 864
557 933
558 748
559 724
559 911
559 562
559 621
559 572
559 708
560 665
560 738
560 640
560 793
561 935
561 844
561 816
561 628
561 662
562 857
562 825
562 899
564 652
564 719
564 628
564 667
565 977
565 865
566 744
566 753
566 813
566 982
566 738
566 617
566 684
567 931
567 653
568 840
568 593
568 694
568 738
568 887
568 584
568 605
568 970
569 956
569 725
569 638
570 589
570 837
570 758
570 979
571 575
571 889
572 767
573 590
573 633
573 580
574 722
574 733
574 805
574 951
574 996
574 785
574 614
574 668
574 881
576 631
576 714
576 928
576 989
576 702
576 706
576 960
576 986
576 874
576 680
576 736
576 737
576 743
576 893
576 781
577 856
577 864
577 847
577 664
577 894
578 593
578 818
579 593
579 633
579 664
579 690
580 641
580 961
581 871
582 858
582 747
583 613
583 685
583 759
584 703
585 635
585 887
586 704
586 866
587 756
587 811
587 925
588 928
588 637
588 616
589 754
589 717
589 632
590 667
590 597
590 602
591 767
591 916
591 857
591 952
592 724
592 714
592 762
592 720
592 935
592 998
593 761
594 883
594 664
595 768
595 716
595 933
596 846
596 722
596 754
596 906
596 701
597 705
597 724
598 621
598 894
598 863
598 871
599 679
599 787
599 929
600 809
600 668
600 751
601 754
601 941
601 879
602 726
603 970
604 747
605 993
605 720
605 838
605 851
605 678
606 825
606 684
606 730
606 796
607 976
607 689
607 734
607 834
607 967
607 919
608 717
608 815
608 982
609 707
609 863
609 903
609 642
610 849
610 914
610 887
611 805
612 633
612 728
612 944
613 953
613 620
613 919
613 812
614 636
614 669
614 860
614 936
615 621
615 794
615 934
616 819
617 748
617 914
617 657
617 942
617 828
617 845
619 626
619 675
619 890
620 895
620 661
620 923
621 735
621 987
622 635
622 850
622 928
623 741
623 783
623 669
624 762
624 669
624 999
625 915
625 878
625 881
625 998
626 800
626 762
626 861
626 673
627 662
627 845
628 867
628 896
628 976
629 641
629 643
629 853
629 800
630 806
631 896
631 997
631 684
631 804
631 705
631 824
632 922
632 779
632 862
633 818
633 912
634 647
634 663
634 919
634 932
634 953
634 998
635 778
635 764
636 781
639 755
639 889
639 696
641 812
641 829
642 857
642 718
642 822
642 745
642 650
643 776
643 966
643 672
643 813
643 947
645 972
645 693
645 758
645 974
646 716
646 672
647 674
648 998
648 789
649 712
649 787
649 873
651 767
651 840
651 750
651 787
652 709
653 760
653 675
654 658
654 916
654 948
654 730
655 702
655 834
656 661
656 966
658 970
659 746
659 868
661 730
661 966
661 698
662 704
662 828
662 992
663 766
665 950
665 877
665 936
666 737
667 680
668 772
668 938
668 739
668 830
670 858
671 899
671 700
671 801
671 925
672 914
673 999
673 698
673 892
673 960
674 733
674 915
674 978
676 705
676 862
677 784
677 738
677 921
678 958
678 830
679 684
679 993
680 879
680 945
681 777
681 729
682 685
682 915
682 981
682 891
682 926
683 717
683 979
683 782
684 871
684 843
684 752
685 903
686 795
686 889
687 983
689 849
689 936
690 807
690 713
690 987
691 968
691 776
692 992
692 706
693 899
693 875
693 957
693 885
693 909
693 878
694 720
694 795
694 865
694 753
695 898
695 703
695 784
696 823
696 803
697 952
697 815
697 727
698 843
699 863
700 760
700 921
701 811
701 777
702 753
702 789
702 890
702 888
702 834
702 711
703 753
703 836
704 881
704 957
705 845
705 898
705 889
706 918
706 813
706 920
706 936
707 834
707 846
708 924
708 711
708 769
709 763
709 801
709 935
710 811
710 832
711 830
711 788
711 810
712 891
713 859
713 890
714 784
715 986
716 777
716 902
717 895
717 973
718 736
718 890
718 727
719 819
719 964
722 851
724 735
726 745
726 763
726 843
727 851
727 920
727 994
728 774
728 983
728 848
729 785
730 853
730 769
732 918
733 867
735 966
736 756
737 964
737 745
738 760
738 740
738 858
738 878
739 836
740 978
740 839
741 920
742 774
742 899
742 762
744 802
744 848
745 912
745 765
745 985
745 848
745 999
747 968
747 840
748 803
748 996
749 778
750 759
752 964
753 823
753 928
753 824
753 898
755 953
755 849
755 807
756 782
757 850
759 772
760 761
760 781
761 933
761 788
762 963
763 849
763 883
765 880
766 854
766 856
766 981
769 926
769 844
770 833
770 932
770 998
772 838
772 901
773 827
774 836
774 835
776 801
776 931
776 843
776 937
778 945
779 826
779 902
780 953
781 902
781 913
781 855
783 935
783 900
783 919
784 863
784 965
785 923
786 994
789 901
789 967
789 909
790 915
790 897
790 983
791 990
792 931
793 946
795 921
797 857
798 834
798 947
799 955
800 871
800 878
801 814
801 816
804 832
810 922
810 959
810 933
812 979
813 962
815 941
815 890
815 868
815 916
817 910
818 918
819 914
819 921
819 865
821 870
821 910
822 829
822 984
823 976
823 870
826 900
826 998
828 974
829 877
831 986
833 838
833 854
834 867
834 933
834 857
834 907
836 895
838 999
840 952
840 891
841 945
841 850
842 892
844 938
845 979
845 996
850 985
855 920
858 931
858 978
859 949
862 889
863 880
864 864
868 987
868 905
869 944
870 944
870 915
874 874
876 976
877 981
877 882
879 985
881 954
882 891
886 906
887 939
888 910
890 965
890 931
893 950
894 998
896 899
898 939
900 959
901 903
901 905
902 940
902 973
902 971
903 968
904 929
905 959
905 937
906 908
906 919
906 953
906 926
908 924
909 911
909 955
910 951
912 961
914 941
925 975
926 952
927 958
930 938
936 945
943 961
943 979
944 963
948 986
956 988
965 997
977 994
