2000 10000
1712 1828
1712 563
1712 14
1712 652
1712 1446
1712 1781
1712 1769
1712 1959
1712 1180
1712 1381
1828 1046
1828 693
1828 353
1828 182
1828 1133
1828 90
1828 1290
1828 94
1828 27
776 1536
776 1316
776 1614
776 36
776 1078
776 1797
776 1874
776 1626
776 404
776 1665
1536 1909
1536 1693
1536 1447
1536 1704
1536 1282
1536 1255
1536 414
1536 1247
1536 1383
1289 1321
1289 569
1289 1983
1289 1476
1289 1396
1289 1871
1289 1518
1289 1517
1289 1000
1289 1083
1321 1831
1321 412
1321 94
1321 1397
1321 1593
1321 112
1321 1706
1321 1900
1321 1852
83 1282
83 1020
83 1455
83 1457
83 449
83 600
83 1893
83 824
83 1906
83 1975
1282 49
1282 655
1282 131
1282 365
1282 1235
1282 1219
1282 1744
1282 1067
251 996
251 1845
251 196
251 338
251 1247
251 48
251 1562
251 428
251 1489
251 1647
996 1044
996 842
996 1339
996 942
996 1432
996 1122
996 1183
996 1663
996 597
1461 1643
1461 1752
1461 1663
1461 1521
1461 442
1461 1634
1461 1839
1461 472
1461 1792
1461 1095
1643 439
1643 1696
1643 1931
1643 331
1643 353
1643 1515
1643 252
1643 1219
1643 1904
128 259
128 1001
128 242
128 1465
128 237
128 291
128 1186
128 1583
128 613
128 1072
259 593
259 689
259 1002
259 1358
259 12
259 602
259 1050
259 1592
259 1441
184 1963
184 75
184 601
184 1236
184 1552
184 784
184 539
184 1450
184 1589
184 1045
1963 438
1963 79
1963 1982
1963 1696
1963 1590
1963 22
1963 631
1963 508
1963 1249
990 1433
990 1717
990 137
990 1577
990 1730
990 841
990 1151
990 904
990 413
990 1997
1433 526
1433 758
1433 1753
1433 1531
1433 1699
1433 1411
1433 1000
1433 431
1433 1148
25 701
25 1462
25 82
25 1210
25 2
25 1190
25 698
25 1653
25 1359
25 611
701 471
701 1356
701 1103
701 527
701 1200
701 1129
701 125
701 1616
701 1042
709 1087
709 589
709 1269
709 1672
709 351
709 213
709 1565
709 1046
709 196
709 655
1087 95
1087 298
1087 300
1087 446
1087 846
1087 1064
1087 1396
1087 610
1087 1039
1656 1988
1656 123
1656 409
1656 1384
1656 1010
1656 1722
1656 541
1656 170
1656 804
1656 1460
1988 241
1988 913
1988 1359
1988 276
1988 502
1988 1537
1988 1054
1988 56
1988 588
424 521
424 1549
424 1402
424 1699
424 612
424 240
424 649
424 587
424 663
424 1690
521 1912
521 1191
521 953
521 1511
521 986
521 984
521 350
521 1494
521 1288
1447 1689
1447 204
1447 89
1447 1300
1447 1537
1447 466
1447 960
1447 337
1447 257
1689 1741
1689 1670
1689 1807
1689 117
1689 170
1689 354
1689 1413
1689 857
1689 547
540 719
540 182
540 81
540 844
540 1598
540 6
540 266
540 1182
540 1866
540 1298
719 1082
719 1109
719 1713
719 1543
719 1317
719 1123
719 1387
719 941
719 1469
377 559
377 1327
377 875
377 1173
377 654
377 752
377 499
377 1493
377 276
377 108
559 1272
559 481
559 1045
559 1788
559 1412
559 1468
559 937
559 1864
559 530
1211 1410
1211 203
1211 572
1211 1888
1211 0
1211 281
1211 841
1211 297
1211 1718
1211 1688
1410 1380
1410 695
1410 470
1410 1833
1410 433
1410 1347
1410 724
1410 1054
1410 1264
877 906
877 160
877 1927
877 1921
877 722
877 1914
877 485
877 169
877 1325
877 1961
906 1648
906 691
906 1627
906 1907
906 1025
906 860
906 754
906 1261
906 1694
38 228
38 1626
38 644
38 1902
38 1507
38 9
38 658
38 238
38 840
38 1748
228 857
228 1033
228 578
228 839
228 767
228 1888
228 763
228 1299
228 1624
685 1111
685 1343
685 1498
685 1218
685 1975
685 484
685 1943
685 1333
685 646
685 56
1111 1374
1111 379
1111 238
1111 1775
1111 1362
1111 1179
1111 1759
1111 809
1111 457
1648 1423
1648 547
1648 1823
1648 449
1648 207
1648 1962
1648 525
1648 1524
1648 1391
1229 1562
1229 1264
1229 1300
1229 743
1229 373
1229 257
1229 1491
1229 711
1229 1370
1229 1406
1562 1384
1562 932
1562 1306
1562 1732
1562 1912
1562 349
1562 1891
1562 624
272 1280
272 92
272 1343
272 117
272 1744
272 274
272 1602
272 794
272 261
272 340
1280 743
1280 1625
1280 1158
1280 309
1280 1082
1280 500
1280 1974
1280 1647
1280 1587
1085 1250
1085 1208
1085 1775
1085 466
1085 1654
1085 543
1085 1304
1085 325
1085 1719
1085 212
1250 1408
1250 1561
1250 824
1250 995
1250 545
1250 208
1250 400
1250 1253
1250 1278
1055 1186
1055 903
1055 1331
1055 1695
1055 507
1055 573
1055 167
1055 752
1055 998
1055 1674
1186 553
1186 902
1186 1333
1186 1540
1186 642
1186 283
1186 939
1186 654
1480 1520
1480 1786
1480 1671
1480 1219
1480 831
1480 1996
1480 451
1480 40
1480 1505
1480 1489
1520 320
1520 64
1520 537
1520 767
1520 381
1520 278
1520 444
1520 1960
1520 814
100 948
100 1444
100 1214
100 1527
100 1084
100 992
100 1105
100 147
100 1406
100 105
948 127
948 36
948 1763
948 818
948 944
948 1423
948 909
948 863
948 1502
47 143
47 39
47 1818
47 144
47 1221
47 626
47 46
47 1183
47 1663
47 710
143 577
143 1891
143 837
143 1955
143 449
143 1271
143 1246
143 1669
143 66
1553 1981
1553 885
1553 1174
1553 209
1553 573
1553 1315
1553 1264
1553 1347
1553 1113
1553 1137
1981 1726
1981 335
1981 1690
1981 506
1981 23
1981 491
1981 1537
1981 376
1981 1320
96 1075
96 221
96 537
96 904
96 410
96 644
96 1200
96 1318
96 312
96 94
1075 936
1075 1019
1075 1054
1075 1610
1075 85
1075 68
1075 44
1075 72
1075 1890
673 1873
673 1640
673 1382
673 1158
673 1675
673 1832
673 465
673 606
673 87
673 1990
1873 603
1873 1785
1873 1730
1873 1855
1873 1813
1873 1042
1873 615
1873 315
1873 50
1252 1571
1252 501
1252 373
1252 1746
1252 290
1252 1709
1252 1137
1252 1319
1252 1036
1252 4
1571 436
1571 935
1571 1475
1571 339
1571 1513
1571 144
1571 668
1571 85
1571 55
720 1364
720 894
720 725
720 1716
720 1816
720 571
720 1876
720 455
720 735
720 198
1364 1950
1364 1806
1364 500
1364 489
1364 563
1364 549
1364 344
1364 862
1364 1403
255 505
255 696
255 633
255 1870
255 1709
255 284
255 420
255 458
255 208
255 394
505 1906
505 968
505 1908
505 493
505 788
505 590
505 1233
505 1695
505 989
580 992
580 1653
580 1183
580 631
580 1567
580 976
580 345
580 1464
580 1444
580 987
992 823
992 981
992 159
992 995
992 1127
992 880
992 57
992 1781
549 939
549 1549
549 1268
549 131
549 1222
549 1138
549 1150
549 1228
549 1509
939 1264
939 901
939 1906
939 413
939 1877
939 984
939 1779
939 1821
1906 411
1906 346
1906 1547
1906 729
1906 442
1906 1015
1906 1191
200 1216
200 995
200 1173
200 1670
200 733
200 1595
200 289
200 408
200 1543
200 415
1216 724
1216 888
1216 142
1216 1603
1216 999
1216 396
1216 472
1216 1846
1216 1424
352 679
352 1751
352 1208
352 943
352 492
352 1668
352 920
352 782
352 1173
352 1530
679 168
679 462
679 1544
679 935
679 325
679 1195
679 1417
679 1596
679 1069
404 1482
404 1741
404 1669
404 715
404 1534
404 133
404 453
404 1954
404 1940
1482 44
1482 1903
1482 105
1482 1358
1482 852
1482 52
1482 1737
1482 1238
1482 1147
173 455
173 1781
173 654
173 1661
173 1383
173 833
173 333
173 397
173 1657
173 411
455 250
455 1835
455 474
455 514
455 1830
455 1734
455 1470
455 757
62 554
62 1587
62 1195
62 151
62 1424
62 1341
62 958
62 1010
62 414
62 1654
554 1995
554 1960
554 1738
554 288
554 1708
554 175
554 1745
554 1112
554 1886
545 732
545 1297
545 84
545 1502
545 1907
545 1332
545 1273
545 1896
545 1927
732 1652
732 1502
732 91
732 1149
732 328
732 400
732 1931
732 340
732 288
1324 1398
1324 457
1324 1603
1324 1073
1324 1391
1324 1119
1324 1142
1324 1330
1324 331
1324 1372
1398 1426
1398 301
1398 12
1398 278
1398 471
1398 862
1398 347
1398 1871
1398 1700
76 1046
76 905
76 476
76 801
76 1285
76 1858
76 929
76 502
76 44
76 178
1046 1271
1046 316
1046 670
1046 707
1046 10
1046 1240
1046 607
354 1424
354 319
354 622
354 1225
354 675
354 1247
354 1347
354 1877
354 1868
1424 494
1424 199
1424 1701
1424 1314
1424 1138
1424 1755
1424 89
350 1761
350 1771
350 1586
350 1372
350 1025
350 1141
350 1181
350 320
350 975
1761 429
1761 846
1761 329
1761 192
1761 1279
1761 1623
1761 398
1761 1319
1761 1145
153 811
153 219
153 1581
153 1904
153 433
153 1742
153 1780
153 1934
153 1082
153 40
811 265
811 598
811 555
811 1303
811 1264
811 1425
811 1098
811 381
811 1731
80 773
80 36
80 1159
80 1503
80 1412
80 1351
80 867
80 681
80 1387
80 420
773 1734
773 1623
773 610
773 815
773 868
773 670
773 26
773 731
773 644
258 1939
258 111
258 1901
258 1056
258 1554
258 1430
258 161
258 791
258 550
258 1739
1939 1717
1939 423
1939 376
1939 1979
1939 1444
1939 551
1939 692
1939 1965
1939 541
27 782
27 1658
27 306
27 106
27 627
27 1755
27 1059
27 451
27 1163
782 277
782 647
782 644
782 1463
782 537
782 307
782 234
782 1977
974 1503
974 1008
974 1585
974 280
974 1485
974 855
974 175
974 154
974 1059
974 267
1503 750
1503 33
1503 1226
1503 361
1503 124
1503 927
1503 483
1503 1998
163 478
163 1005
163 1755
163 756
163 1514
163 949
163 927
163 790
163 1846
163 1765
478 1287
478 518
478 881
478 1332
478 431
478 1846
478 1107
478 929
478 1065
36 311
36 1883
36 1824
36 1531
36 1947
36 1889
36 760
864 1713
864 1467
864 794
864 45
864 746
864 589
864 1740
864 1970
864 771
864 513
1713 95
1713 465
1713 1865
1713 1465
1713 1323
1713 156
1713 209
1713 117
1011 1878
1011 201
1011 81
1011 1551
1011 1425
1011 406
1011 1831
1011 1104
1011 77
1011 1179
1878 373
1878 940
1878 723
1878 857
1878 399
1878 152
1878 874
1878 309
1878 890
48 1934
48 1018
48 1944
48 1383
48 453
48 1950
48 1832
48 362
48 967
1934 1930
1934 1591
1934 41
1934 610
1934 1853
1934 1894
1934 1260
1934 632
506 1682
506 868
506 89
506 1048
506 809
506 371
506 724
506 565
506 1178
1682 421
1682 20
1682 1179
1682 905
1682 1484
1682 367
1682 275
1682 266
1682 287
1230 1983
1230 97
1230 300
1230 789
1230 1707
1230 1288
1230 867
1230 6
1230 617
1230 187
1983 1383
1983 869
1983 1329
1983 528
1983 745
1983 1471
1983 212
1983 1198
205 728
205 393
205 1746
205 1578
205 1722
205 1436
205 1182
205 1283
205 872
205 684
728 675
728 699
728 1683
728 1193
728 1875
728 391
728 1315
728 821
728 1918
721 1181
721 68
721 1886
721 1526
721 602
721 1213
721 1901
721 366
721 556
721 769
1181 17
1181 873
1181 598
1181 993
1181 737
1181 1417
1181 155
1181 1550
598 1105
598 1633
598 639
598 1439
598 1834
598 346
598 1989
598 360
1105 186
1105 227
1105 1646
1105 1704
1105 482
1105 518
1105 861
1105 317
656 1792
656 1935
656 867
656 1860
656 1100
656 924
656 1191
656 1078
656 1991
656 1961
1792 1349
1792 1687
1792 1381
1792 7
1792 1079
1792 1197
1792 1035
1792 896
1383 1884
1383 171
1383 1037
1383 774
1383 16
1383 1893
1884 1547
1884 206
1884 129
1884 1685
1884 1618
1884 1286
1884 796
1884 1903
1884 1219
1554 1608
1554 237
1554 1013
1554 1190
1554 1601
1554 1474
1554 985
1554 1165
1554 1886
1608 1021
1608 1669
1608 1399
1608 1862
1608 901
1608 607
1608 1468
1608 247
1608 1913
235 1834
235 1626
235 551
235 1
235 1925
235 417
235 1033
235 1875
235 1048
235 582
1834 825
1834 1930
1834 1279
1834 919
1834 619
1834 1832
1834 1800
1834 998
1283 1634
1283 881
1283 1786
1283 240
1283 613
1283 1014
1283 1355
1283 824
1283 1401
1634 1593
1634 1356
1634 583
1634 94
1634 680
1634 289
1634 231
1634 1641
1100 1518
1100 1717
1100 462
1100 1678
1100 6
1100 1484
1100 1739
1100 574
1100 328
1518 1234
1518 1176
1518 751
1518 1524
1518 726
1518 914
1518 254
1518 1047
625 970
625 1664
625 742
625 1864
625 1062
625 347
625 1862
625 676
625 26
625 236
970 689
970 405
970 1962
970 683
970 1599
970 1728
970 1729
970 1047
970 575
1123 1623
1123 832
1123 1370
1123 1768
1123 187
1123 1199
1123 576
1123 971
1123 2
1623 1261
1623 111
1623 534
1623 1168
1623 953
1623 172
1623 1631
660 1855
660 919
660 1756
660 223
660 1794
660 1779
660 66
660 113
660 414
660 1796
1855 740
1855 185
1855 236
1855 820
1855 152
1855 849
1855 308
1855 132
667 749
667 1323
667 1302
667 39
667 1039
667 839
667 1588
667 753
667 1139
667 1309
749 865
749 1624
749 1857
749 1443
749 572
749 1207
749 516
749 166
749 849
338 1885
338 265
338 1133
338 1463
338 135
338 1428
338 1226
338 215
338 164
1885 1848
1885 129
1885 428
1885 775
1885 1348
1885 1976
1885 387
1885 1334
1885 1801
157 439
157 1572
157 1127
157 1020
157 1736
157 351
157 201
157 617
157 1394
157 1414
439 1389
439 457
439 1566
439 979
439 189
439 1172
439 718
439 1415
320 1141
320 1638
320 1846
320 1964
320 1472
320 94
320 1614
320 139
1374 1840
1374 344
1374 1263
1374 658
1374 619
1374 568
1374 1585
1374 1990
1374 324
1840 1820
1840 292
1840 838
1840 250
1840 1565
1840 324
1840 844
1840 1864
1840 620
606 1522
606 1020
606 801
606 23
606 1962
606 108
606 1286
606 1594
606 336
1522 1851
1522 1093
1522 149
1522 887
1522 1291
1522 1332
1522 1144
1522 1369
1522 624
515 1585
515 1609
515 972
515 1462
515 1095
515 409
515 1274
515 1486
515 1721
515 172
1585 1320
1585 981
1585 33
1585 1665
1585 312
1585 700
1585 1973
244 1979
244 1319
244 1468
244 222
244 1005
244 510
244 918
244 87
244 1500
244 982
1979 647
1979 485
1979 648
1979 792
1979 1235
1979 779
1979 1770
1979 1065
1714 1837
1714 95
1714 1539
1714 168
1714 113
1714 711
1714 504
1714 1281
1714 356
1714 807
1837 1258
1837 1487
1837 837
1837 1013
1837 651
1837 753
1837 476
1837 245
1837 275
126 1443
126 1528
126 402
126 1532
126 1950
126 167
126 579
126 42
126 207
126 566
1443 301
1443 499
1443 1624
1443 1301
1443 1883
1443 1414
1443 1422
1443 1330
1063 1772
1063 1540
1063 169
1063 925
1063 1534
1063 1008
1063 315
1063 203
1063 1726
1063 1947
1772 1881
1772 215
1772 8
1772 1332
1772 1668
1772 1627
1772 81
1772 836
1772 910
1393 1898
1393 1599
1393 136
1393 1856
1393 1835
1393 1746
1393 910
1393 666
1393 115
1393 1560
1898 1779
1898 1238
1898 1609
1898 510
1898 1513
1898 814
1898 1400
1898 1781
1898 1891
531 1511
531 542
531 1263
531 582
531 284
531 839
531 1720
531 30
531 61
531 1397
1511 282
1511 534
1511 1002
1511 1727
1511 51
1511 1473
1511 786
1511 1019
17 306
17 393
17 1800
17 107
17 104
17 1147
17 1022
17 933
17 655
1188 1411
1188 668
1188 1331
1188 374
1188 1630
1188 4
1188 145
1188 1193
1188 1758
1188 1911
1411 323
1411 1242
1411 949
1411 964
1411 674
1411 1245
1411 460
1411 555
1155 1370
1155 1166
1155 1173
1155 779
1155 1668
1155 1935
1155 593
1155 546
1155 1774
1155 1842
1370 388
1370 1577
1370 1315
1370 1961
1370 1415
1370 1151
1370 88
655 1306
655 341
655 146
655 1810
655 363
655 591
655 99
1306 1557
1306 810
1306 1258
1306 1402
1306 429
1306 1489
1306 1633
1306 311
348 1816
348 963
348 274
348 1435
348 1429
348 420
348 601
348 1909
348 1144
348 1516
1816 133
1816 1459
1816 1866
1816 1767
1816 1965
1816 1326
1816 1311
1816 1685
595 605
595 1238
595 1459
595 1505
595 300
595 79
595 1225
595 1780
595 1680
595 1307
605 797
605 131
605 1982
605 448
605 607
605 1106
605 1097
605 1018
605 68
609 1189
609 137
609 799
609 613
609 1627
609 1994
609 1499
609 1732
609 1726
609 1127
1189 1716
1189 854
1189 564
1189 1725
1189 1579
1189 635
1189 952
1189 1144
1189 1041
1729 1830
1729 376
1729 1157
1729 1242
1729 847
1729 194
1729 1819
1729 1778
1729 627
1830 1395
1830 1667
1830 218
1830 1465
1830 1696
1830 1122
1830 504
1830 727
129 553
129 1998
129 771
129 1028
129 242
129 629
129 1483
129 901
553 1183
553 1838
553 1080
553 303
553 1927
553 1435
553 716
553 937
1380 919
1380 1749
1380 1768
1380 82
1380 1449
1380 1074
1380 941
1380 199
1380 950
233 653
233 1989
233 1994
233 1845
233 477
233 61
233 1027
233 120
233 1074
233 959
653 624
653 1102
653 539
653 1543
653 1994
653 1041
653 1681
653 467
653 604
97 1844
97 1795
97 1793
97 199
97 1632
97 1200
97 529
97 136
97 1490
421 1363
421 976
421 1314
421 828
421 1741
421 963
421 1083
421 1419
421 635
652 1298
652 1631
652 1706
652 462
652 1492
652 536
652 1493
652 1741
652 1587
1298 766
1298 1025
1298 1472
1298 624
1298 74
1298 1453
1298 1254
1298 729
144 1365
144 1823
144 1163
144 1646
144 1783
144 978
144 450
144 1667
1365 1110
1365 1086
1365 1371
1365 60
1365 1897
1365 342
1365 300
1365 915
1365 91
1171 1750
1171 812
1171 995
1171 1734
1171 623
1171 231
1171 1836
1171 1120
1171 158
1171 410
1750 1789
1750 1996
1750 684
1750 637
1750 1580
1750 698
1750 993
1750 1574
1750 175
695 748
695 327
695 1959
695 817
695 283
695 882
695 1786
695 1301
695 1292
748 1853
748 981
748 1455
748 1949
748 1686
748 1144
748 1876
748 285
748 316
522 866
522 984
522 1016
522 577
522 1984
522 1455
522 1258
522 1904
522 525
522 583
866 1243
866 1964
866 1470
866 1382
866 560
866 756
866 224
866 317
866 1833
242 423
242 1478
242 564
242 41
242 1489
242 846
242 1523
242 960
423 908
423 1908
423 1346
423 1808
423 529
423 1227
423 1943
423 1746
1349 889
1349 1084
1349 909
1349 482
1349 214
1349 64
1349 453
1349 72
1349 1213
136 1916
136 763
136 1542
136 295
136 1555
136 852
136 130
136 1340
1916 254
1916 379
1916 691
1916 530
1916 433
1916 1953
1916 631
1916 1540
1916 638
582 1265
582 395
582 315
582 190
582 1156
582 1036
582 222
582 58
1265 993
1265 1632
1265 688
1265 435
1265 1989
1265 1135
1265 1382
1265 1516
1265 459
292 1675
292 1391
292 1264
292 1706
292 278
292 816
292 1877
292 470
292 763
1675 965
1675 489
1675 396
1675 1467
1675 1557
1675 15
1675 518
1675 1228
1599 1948
1599 1829
1599 500
1599 278
1599 1532
1599 1039
1599 637
1599 1897
1948 1569
1948 659
1948 39
1948 976
1948 1013
1948 1353
1948 520
1948 1523
1948 1432
1146 1300
1146 1797
1146 329
1146 2
1146 1862
1146 1150
1146 442
1146 973
1146 525
1146 1877
1300 632
1300 213
1300 927
1300 282
1300 845
1300 81
1300 1475
722 1004
722 1423
722 1303
722 112
722 1560
722 1209
722 593
722 1720
722 257
1004 766
1004 498
1004 1172
1004 372
1004 1692
1004 1107
1004 70
1004 1495
1004 1262
1649 1703
1649 7
1649 1953
1649 361
1649 1345
1649 936
1649 1024
1649 223
1649 1136
1649 176
1703 1910
1703 944
1703 629
1703 1664
1703 268
1703 1896
1703 1736
1703 474
1703 901
174 691
174 252
174 894
174 201
174 588
174 1196
174 1094
174 658
174 1986
174 1376
691 1787
691 1091
691 1493
691 1357
691 862
691 1773
691 451
310 1843
310 1809
310 319
310 1029
310 1668
310 1291
310 252
310 1931
310 799
310 1929
1843 42
1843 1137
1843 192
1843 1029
1843 137
1843 698
1843 737
1843 1359
1843 443
437 991
437 789
437 965
437 538
437 469
437 1658
437 215
437 1531
437 1789
437 1832
991 432
991 1588
991 5
991 246
991 176
991 692
991 601
991 509
991 1783
186 1730
186 1796
186 411
186 988
186 1666
186 430
186 781
186 952
186 367
351 889
351 947
351 1344
351 983
351 977
351 1448
351 1403
351 1470
889 1142
889 161
889 4
889 1290
889 373
889 714
889 1014
889 775
281 1347
281 1437
281 268
281 1101
281 125
281 1452
281 433
281 1108
281 1332
1347 1156
1347 1814
1347 1646
1347 1470
1347 760
1347 1659
306 1962
306 1084
306 1218
306 1676
306 218
306 623
306 1326
306 1550
1962 413
1962 1287
1962 961
1962 560
1962 1178
1962 781
8 1740
8 278
8 850
8 1179
8 1042
8 600
8 1122
8 930
8 268
1740 1727
1740 998
1740 603
1740 1355
1740 1026
1740 1796
1740 946
1740 340
599 1128
599 768
599 894
599 1758
599 1053
599 385
599 757
599 10
599 1366
599 815
1128 1660
1128 483
1128 318
1128 1940
1128 1504
1128 574
1128 488
1128 297
1128 195
229 1842
229 1030
229 1198
229 1018
229 279
229 641
229 1445
229 1340
229 784
229 68
1842 273
1842 1166
1842 1191
1842 16
1842 769
1842 963
1842 1228
1842 1471
360 1363
360 325
360 1156
360 758
360 1470
360 765
360 1933
360 1759
360 1353
1363 483
1363 710
1363 16
1363 1796
1363 1601
1363 388
1363 1944
1363 91
1658 1969
1658 727
1658 683
1658 110
1658 1997
1658 1513
1658 1142
1658 462
1969 55
1969 368
1969 911
1969 461
1969 1741
1969 1506
1969 1814
1969 988
1969 1240
22 193
22 1737
22 349
22 1279
22 1937
22 1797
22 1212
22 1653
22 1851
193 1384
193 1366
193 1918
193 241
193 861
193 1687
193 561
193 557
193 1495
1044 1929
1044 738
1044 254
1044 1160
1044 1335
1044 1317
1044 1118
1044 1609
1044 1594
616 676
616 1614
616 467
616 1854
616 879
616 61
616 1201
616 1749
616 817
616 1701
676 1182
676 601
676 706
676 261
676 1760
676 176
676 1070
676 1135
1437 393
1437 1489
1437 1455
1437 1023
1437 971
1437 860
1437 1357
1437 536
1437 1564
865 1975
865 1419
865 1808
865 357
865 1025
865 576
865 1918
865 1276
865 137
1975 900
1975 1071
1975 1320
1975 535
1975 678
1975 119
1975 940
826 1463
826 539
826 1933
826 608
826 947
826 413
826 528
826 1377
826 497
826 1915
1463 614
1463 1558
1463 1449
1463 412
1463 21
1463 1115
1463 10
241 1149
241 1779
241 802
241 607
241 201
241 735
241 533
241 1801
1149 611
1149 897
1149 162
1149 328
1149 1067
1149 425
1149 257
1149 976
1127 1639
1127 1548
1127 359
1127 985
1127 638
1127 938
1127 66
1639 166
1639 1625
1639 70
1639 1914
1639 1945
1639 1261
1639 1785
1639 1933
1639 708
955 1517
955 78
955 1506
955 1164
955 1083
955 495
955 1498
955 28
955 90
955 1514
1517 127
1517 164
1517 1318
1517 469
1517 925
1517 711
1517 1911
1517 297
16 121
16 538
16 1596
16 312
16 1710
16 1201
16 780
121 86
121 1039
121 1279
121 1114
121 1575
121 1079
121 1938
121 55
121 746
905 844
905 1266
905 265
905 510
905 1544
905 1993
905 1577
905 825
170 1474
170 1198
170 104
170 1115
170 716
170 1598
170 1604
170 1891
1474 550
1474 858
1474 260
1474 1791
1474 1710
1474 1082
1474 1838
1474 1389
1053 1777
1053 369
1053 586
1053 507
1053 821
1053 1502
1053 1683
1053 855
1053 363
1777 1193
1777 1021
1777 112
1777 1519
1777 52
1777 1841
1777 1069
1777 1257
1777 910
818 1622
818 921
818 1954
818 1455
818 1793
818 1672
818 1263
818 1057
818 1780
1622 649
1622 552
1622 1579
1622 1379
1622 1967
1622 1245
1622 1596
1622 301
1622 99
1650 1827
1650 1316
1650 1416
1650 102
1650 1235
1650 983
1650 1301
1650 1418
1650 1016
1650 1133
1827 9
1827 1887
1827 149
1827 1642
1827 54
1827 1253
1827 420
1827 1494
1827 888
1425 1606
1425 333
1425 415
1425 1019
1425 810
1425 297
1425 968
1425 486
1606 817
1606 1627
1606 945
1606 1883
1606 1108
1606 465
1606 1228
1606 1132
1606 1471
1294 1733
1294 1967
1294 1125
1294 1825
1294 1077
1294 674
1294 356
1294 694
1294 1333
1294 1958
1733 1286
1733 1238
1733 130
1733 1668
1733 646
1733 1850
1733 1342
1733 1203
1733 892
33 1070
33 1861
33 731
33 801
33 63
33 1490
33 77
33 1368
1070 547
1070 1605
1070 213
1070 914
1070 436
1070 164
1070 928
1070 1823
589 451
589 431
589 1783
589 1778
589 1636
589 716
589 448
589 1287
1388 1611
1388 1178
1388 1469
1388 943
1388 703
1388 1217
1388 1725
1388 1699
1388 827
1388 1992
1611 1532
1611 1844
1611 1107
1611 162
1611 1701
1611 1093
1611 880
1611 1569
1611 893
1478 1628
1478 1642
1478 1716
1478 101
1478 1419
1478 1930
1478 1868
1478 945
1478 1477
1628 1126
1628 584
1628 24
1628 563
1628 1204
1628 1235
1628 1041
1628 197
1628 1481
815 1472
815 587
815 1273
815 1555
815 445
815 54
815 957
815 240
1472 208
1472 928
1472 89
1472 1773
1472 300
1472 960
1472 514
639 1804
639 1270
639 1174
639 1061
639 158
639 1506
639 9
639 914
639 127
1804 125
1804 1245
1804 1977
1804 657
1804 388
1804 198
1804 273
1804 1387
1804 482
396 594
396 967
396 1793
396 58
396 6
396 726
396 167
396 1770
594 1144
594 854
594 621
594 825
594 49
594 1601
594 635
594 630
594 921
862 997
862 441
862 274
862 1680
862 727
862 1290
862 853
997 1618
997 717
997 452
997 1066
997 831
997 1851
997 1807
997 1858
997 571
304 1677
304 528
304 1652
304 373
304 441
304 514
304 402
304 637
304 827
304 1631
1677 705
1677 1486
1677 250
1677 1893
1677 1696
1677 1304
1677 165
1677 842
1677 608
389 1859
389 335
389 132
389 1332
389 68
389 130
389 319
389 1928
389 680
389 1454
1859 1137
1859 1857
1859 1715
1859 1489
1859 1451
1859 968
1859 1731
1859 1972
1859 854
729 944
729 46
729 836
729 1924
729 1874
729 1182
729 202
729 1350
944 500
944 1221
944 785
944 1494
944 666
944 794
944 1888
1141 1915
1141 746
1141 1068
1141 430
1141 677
1141 678
1141 321
1141 919
1915 103
1915 438
1915 1368
1915 269
1915 1811
1915 1768
1915 1633
1915 1760
781 1254
781 820
781 1484
781 577
781 1432
781 1651
781 1259
781 1285
1254 968
1254 441
1254 411
1254 1286
1254 71
1254 207
1254 1244
1254 1978
1652 214
1652 943
1652 1949
1652 1034
1652 534
1652 422
1652 425
1652 662
471 492
471 1743
471 499
471 753
471 428
471 733
471 57
471 291
492 741
492 9
492 1142
492 1635
492 1669
492 371
492 1516
492 1736
476 1152
476 765
476 541
476 957
476 290
476 819
476 176
476 1002
1110 265
1110 562
1110 1166
1110 190
1110 1147
1110 185
1110 1793
1110 1150
1110 1698
739 1112
739 1479
739 601
739 1613
739 894
739 1035
739 730
739 40
739 1870
739 146
1112 1107
1112 65
1112 1479
1112 1728
1112 166
1112 1232
1112 1723
1112 1627
1183 1831
1183 445
1183 333
1183 1913
1183 590
1183 1811
1831 1035
1831 675
1831 744
1831 86
1831 1175
1831 805
1831 456
530 697
530 1175
530 832
530 1420
530 1836
530 181
530 1166
530 1303
697 474
697 1811
697 511
697 180
697 1406
697 1134
697 755
697 692
697 1913
912 1438
912 345
912 1687
912 271
912 1812
912 1059
912 891
912 581
912 134
912 1412
1438 1209
1438 1389
1438 453
1438 954
1438 524
1438 1002
1438 34
1438 1095
1438 197
982 1708
982 44
982 757
982 1921
982 787
982 1224
982 464
982 41
982 1150
1708 57
1708 337
1708 1782
1708 754
1708 785
1708 1775
1708 511
1708 699
1547 1912
1547 789
1547 26
1547 1312
1547 649
1547 1707
1547 779
1547 1903
1797 1989
1797 1313
1797 1588
1797 596
1797 733
1797 1760
1797 984
742 1016
742 526
742 138
742 1416
742 1833
742 120
742 561
742 1295
742 1868
1016 1327
1016 707
1016 1582
1016 712
1016 1618
1016 1317
1016 1570
245 1200
245 1803
245 322
245 14
245 710
245 1526
245 1402
245 253
245 384
1200 1968
1200 1987
1200 1284
1200 180
1200 1170
1200 1019
799 1367
799 705
799 1595
799 693
799 262
799 1421
799 712
799 1919
1367 456
1367 91
1367 1042
1367 1452
1367 1542
1367 1774
1367 1679
1367 718
1367 1957
1178 1678
1178 14
1178 1108
1178 1238
1178 849
1178 801
1178 1513
588 1666
588 234
588 1315
588 631
588 1569
588 1945
588 1637
588 822
1666 477
1666 1172
1666 23
1666 626
1666 1742
1666 335
1666 642
1666 1685
539 1213
539 1684
539 1506
539 878
539 1835
539 1590
539 1515
21 527
21 723
21 399
21 1297
21 1529
21 1589
21 1867
21 190
21 1940
527 271
527 1510
527 425
527 171
527 847
527 1848
527 147
527 572
563 1239
563 636
563 344
563 446
563 141
563 941
563 434
541 1556
541 935
541 1173
541 698
541 1715
541 856
541 1609
1556 687
1556 122
1556 1273
1556 280
1556 1905
1556 1584
1556 597
1556 1709
1556 574
160 1976
160 61
160 620
160 904
160 1604
160 1169
160 1565
160 801
160 1018
366 1659
366 1909
366 690
366 341
366 1143
366 214
366 1233
366 1732
366 854
1659 1222
1659 1876
1659 708
1659 1967
1659 151
1659 485
1659 450
1659 766
55 800
55 198
55 650
55 28
55 425
55 1982
55 1311
800 426
800 1246
800 680
800 854
800 1614
800 771
800 1674
800 150
800 663
99 368
99 1999
99 1446
99 812
99 115
99 700
99 590
99 650
368 1693
368 1512
368 287
368 908
368 1034
368 279
368 930
368 498
581 1084
581 1589
581 1965
581 1021
581 1396
581 1964
581 523
581 807
581 1487
1084 1583
1084 1673
1084 945
1084 1802
1084 1341
1084 67
1572 1002
1572 683
1572 923
1572 1563
1572 630
1572 171
1572 395
1572 199
1572 1637
1142 793
1142 1704
1142 1060
1142 879
1142 1391
1142 727
446 487
446 850
446 628
446 1516
446 1273
446 1883
446 1360
446 915
487 746
487 385
487 395
487 116
487 388
487 212
487 1598
487 1069
487 1778
359 898
359 887
359 431
359 1407
359 106
359 1735
359 512
359 45
359 1806
898 1965
898 1990
898 1904
898 1296
898 1003
898 626
898 1067
898 409
898 730
419 1401
419 668
419 1345
419 374
419 778
419 1242
419 1382
419 225
419 11
419 760
1401 1737
1401 1722
1401 441
1401 1514
1401 1248
1401 579
1401 95
1401 1308
1779 485
1779 931
1779 125
1779 1756
1779 1196
1779 715
456 784
456 460
456 402
456 1204
456 829
456 408
456 1941
456 1068
107 1594
107 500
107 1379
107 1515
107 613
107 922
107 925
107 1209
107 1705
1594 1078
1594 772
1594 702
1594 1954
1594 1955
1594 138
1594 714
638 1514
638 794
638 333
638 1588
638 1796
638 1244
638 342
638 1861
1514 353
1514 564
1514 1748
1514 1109
1514 312
1514 313
603 542
603 1360
603 693
603 1159
603 1845
603 103
603 1638
603 969
513 585
513 35
513 1945
513 1277
513 558
513 224
513 1125
513 1692
513 305
585 1563
585 1662
585 1287
585 1224
585 812
585 1638
585 1935
585 488
585 875
13 1405
13 382
13 1826
13 1852
13 30
13 1129
13 822
13 327
13 497
13 725
1405 1727
1405 1395
1405 1426
1405 177
1405 266
1405 836
1405 635
1405 678
1405 106
861 1049
861 197
861 675
861 1129
861 1631
861 1260
861 1813
861 1340
1049 969
1049 586
1049 1631
1049 577
1049 1964
1049 1928
1049 1935
1049 528
1049 1158
479 1758
479 1305
479 797
479 1922
479 1272
479 106
479 1817
479 1700
479 935
479 372
1758 365
1758 750
1758 1143
1758 1759
1758 460
1758 1773
1758 1015
462 1276
462 77
462 894
462 1951
462 1805
462 433
1276 491
1276 1931
1276 899
1276 1079
1276 1219
1276 1583
1276 708
1276 1670
1502 109
1502 1376
1502 1259
1502 1555
1502 849
1502 1040
1328 1569
1328 286
1328 358
1328 1091
1328 1805
1328 118
1328 617
1328 1106
1328 1268
1328 102
1569 355
1569 1397
1569 1140
1569 1340
1569 434
1569 768
46 1946
46 481
46 705
46 622
46 687
46 743
46 1323
46 636
1946 957
1946 796
1946 923
1946 159
1946 705
1946 1469
1946 1953
1946 1619
1946 645
1165 1234
1165 1920
1165 1982
1165 109
1165 1818
1165 1086
1165 1036
1165 1724
1165 1019
1234 376
1234 1162
1234 575
1234 1513
1234 384
1234 745
1234 830
1234 682
1626 1882
1626 584
1626 1256
1626 1209
1626 765
1626 1060
1626 1942
386 807
386 1445
386 856
386 1907
386 1877
386 497
386 1484
386 956
386 1538
386 1717
807 1952
807 1316
807 104
807 399
807 23
807 1213
807 1574
206 556
206 641
206 207
206 1491
206 1818
206 1655
206 1798
206 934
206 1657
1312 1785
1312 190
1312 180
1312 1968
1312 1545
1312 1973
1312 1731
1312 413
1312 1725
1785 876
1785 1941
1785 633
1785 1909
1785 142
1785 1751
1785 288
416 1326
416 1894
416 1883
416 602
416 374
416 535
416 1102
416 1454
416 275
416 1799
1326 119
1326 636
1326 179
1326 1755
1326 535
1326 1227
1326 375
1299 1809
1299 837
1299 1978
1299 1159
1299 274
1299 907
1299 969
1299 256
1299 1421
1809 493
1809 1566
1809 1237
1809 227
1809 267
1809 315
1809 1235
1809 486
577 1010
577 98
577 1436
577 1419
577 1286
577 408
702 1776
702 871
702 1753
702 803
702 345
702 1354
702 482
702 238
702 305
1776 109
1776 1882
1776 490
1776 1603
1776 931
1776 1251
1776 1081
1776 253
1776 403
1007 1307
1007 1787
1007 1375
1007 103
1007 657
1007 303
1007 1960
1007 429
1007 1558
1007 989
1307 146
1307 592
1307 1006
1307 355
1307 1857
1307 81
1307 1187
1307 1465
759 1354
759 564
759 1322
759 586
759 1933
759 1770
759 1893
759 785
759 1228
759 925
1354 168
1354 1982
1354 1757
1354 1587
1354 1790
1354 1426
1354 636
1354 1784
958 1269
958 1329
958 108
958 680
958 886
958 1867
958 821
958 1964
958 1793
1269 855
1269 237
1269 1089
1269 0
1269 910
1269 569
1269 216
1269 1516
485 1273
485 1008
485 115
485 1966
485 1223
485 714
1273 1270
1273 1971
1273 1798
1273 1687
1273 498
474 830
474 1473
474 1597
474 75
474 461
474 1895
474 1428
830 355
830 152
830 886
830 1416
830 418
830 537
830 1688
830 298
418 1314
418 1612
418 1990
418 591
418 1642
418 37
418 1052
418 1430
418 274
1314 473
1314 1497
1314 1982
1314 282
1314 933
1314 1080
1314 1241
613 1793
613 232
613 928
613 792
613 459
613 1684
1793 1094
1793 1279
1793 1716
1793 198
344 1215
344 53
344 1767
344 248
344 442
344 1203
344 1739
1002 548
1002 362
1002 1742
1002 1139
1002 1094
1717 1937
1717 1185
1717 654
1717 58
1717 1617
1717 95
1226 1924
1226 496
1226 1270
1226 1710
1226 1672
1226 417
1226 230
1226 682
1924 1260
1924 802
1924 591
1924 966
1924 1499
1924 1972
1924 294
1924 87
92 1268
92 1892
92 1341
92 1459
92 159
92 1477
92 1802
92 172
92 64
150 240
150 520
150 137
150 50
150 1086
150 1782
150 1883
150 1134
150 1302
240 1126
240 1260
240 621
240 1734
240 1023
240 1578
393 611
393 388
393 1027
393 1833
393 1062
393 1616
393 1923
1140 1905
1140 1989
1140 213
1140 1442
1140 879
1140 1308
1140 443
1140 1108
1140 1287
1905 576
1905 668
1905 239
1905 887
1905 19
1905 1350
1905 1416
1905 1372
813 1845
813 1061
813 999
813 500
813 79
813 1020
813 151
813 1014
813 984
813 1214
1845 957
1845 1541
1845 762
1845 1494
1845 1121
1845 1013
286 355
286 1033
286 1080
286 663
286 35
286 661
286 834
286 607
286 407
355 1017
355 1573
355 443
355 523
355 178
355 432
322 1192
322 337
322 221
322 1304
322 734
322 610
322 845
322 1101
322 1697
1192 848
1192 1545
1192 32
1192 1691
1192 1452
1192 79
1192 1710
1192 1429
1192 1676
243 1922
243 1284
243 273
243 524
243 358
243 1346
243 1523
243 1304
243 330
243 1607
1922 872
1922 959
1922 0
1922 315
1922 1817
1922 1821
1922 703
1922 316
1329 1550
1329 1377
1329 299
1329 651
1329 1644
1329 280
1329 302
1329 24
665 1966
665 1399
665 1073
665 879
665 1835
665 840
665 426
665 851
665 723
665 4
1966 0
1966 1080
1966 1103
1966 1691
1966 86
1966 1340
1966 91
1966 825
1875 1928
1875 1507
1875 1757
1875 1731
1875 654
1875 973
1875 1641
1875 1293
1928 1551
1928 1014
1928 1064
1928 142
1928 73
1928 756
1928 620
1357 1441
1357 743
1357 1104
1357 269
1357 1636
1357 1952
1357 1214
1357 1446
1441 668
1441 646
1441 564
1441 1327
1441 952
1441 1195
1441 190
1441 1160
496 1865
496 1566
496 1487
496 873
496 85
496 1506
496 1206
496 1546
496 224
371 998
371 1653
371 1119
371 323
371 86
371 1464
371 1930
371 1027
998 1460
998 317
998 1301
998 178
998 614
998 943
687 1694
687 1566
687 1212
687 1040
687 617
687 1236
687 1481
687 1583
1694 1161
1694 381
1694 628
1694 463
1694 1232
1694 383
1694 1465
1694 1754
34 234
34 1247
34 1317
34 666
34 953
34 458
34 1448
34 1375
34 1373
234 1337
234 147
234 1967
234 1770
234 564
234 273
234 1339
127 1036
127 1909
127 376
127 358
127 1436
127 1912
127 1961
806 1080
806 780
806 1428
806 857
806 1065
806 294
806 1494
806 1390
806 299
806 1101
1080 1862
1080 1863
1080 922
1080 466
1080 69
1781 508
1781 287
1781 1801
1781 332
1781 1686
1781 110
68 989
68 177
68 102
68 1575
68 39
989 1387
989 1197
989 363
989 1543
989 1854
989 364
989 966
275 349
275 1576
275 1551
275 1143
275 49
275 542
275 1359
349 1241
349 1625
349 1313
349 1965
349 181
349 1938
349 1196
385 493
385 483
385 1751
385 1738
385 1378
385 881
385 1331
385 392
493 1945
493 779
493 557
493 745
493 744
493 1215
493 1492
1167 1770
1167 1534
1167 775
1167 253
1167 976
1167 381
1167 1450
1167 1945
1167 1955
1167 137
1770 178
1770 1546
1770 451
1770 1409
1770 1499
526 1767
526 1199
526 1409
526 1232
526 1057
526 1027
526 969
526 1558
345 481
345 231
345 1356
345 72
345 897
345 167
345 1725
481 713
481 463
481 552
481 1052
481 1475
481 1882
481 1920
628 1672
628 1454
628 342
628 1082
628 1372
628 725
628 370
628 1173
1672 1911
1672 1534
1672 1408
1672 994
1672 1470
1672 1097
1912 1396
1912 1505
1912 736
1912 1617
1912 1747
1912 1540
1175 1947
1175 295
1175 280
1175 37
1175 1001
1175 1857
1175 1688
1175 689
1947 220
1947 1690
1947 194
1947 1420
1947 980
1947 626
1947 1664
1343 1454
1343 567
1343 662
1343 1427
1343 1519
1343 860
1343 831
1343 146
1751 1869
1751 736
1751 1274
1751 635
1751 65
1751 1801
1751 978
313 1879
313 1490
313 1715
313 1439
313 666
313 70
313 12
313 1927
313 1763
1879 1886
1879 1336
1879 1624
1879 1221
1879 1527
1879 277
1879 509
1879 494
1879 4
1213 699
1213 189
1213 1390
1213 1889
1213 1460
1213 1530
1647 1723
1647 64
1647 923
1647 356
1647 617
1647 1850
1647 1353
1647 662
1723 1768
1723 1583
1723 1897
1723 221
1723 1459
1723 1138
1723 288
1723 1810
343 1759
343 1601
343 954
343 891
343 632
343 1073
343 1032
343 902
343 217
343 1318
1759 1863
1759 464
1759 1176
1759 1126
1759 185
1759 798
965 1910
965 1021
965 586
965 868
965 560
965 299
965 812
965 723
123 380
123 384
123 210
123 636
123 1078
123 265
123 53
123 1194
123 744
700 1180
700 449
700 839
700 1591
700 895
700 149
700 1695
700 1379
1180 1748
1180 293
1180 1052
1180 1219
1180 1743
1180 911
1180 1956
1180 725
491 1368
491 1348
491 1844
491 931
491 1485
491 1756
491 615
491 1500
510 808
510 1199
510 543
510 1640
510 1595
510 503
510 1496
808 1756
808 705
808 422
808 1700
808 1587
808 1660
808 1744
808 490
808 1486
556 856
556 1296
556 276
556 1709
556 91
556 372
556 509
556 382
856 1655
856 1550
856 1240
856 1251
856 844
856 331
856 1092
1696 1614
1696 28
1696 1445
1696 735
1696 550
1696 1205
984 634
984 1013
984 467
984 1693
984 271
942 1429
942 236
942 1040
942 873
942 536
942 686
942 1973
942 1244
942 20
1429 833
1429 914
1429 835
1429 977
1429 1301
1429 1430
1429 895
1454 207
1454 44
1454 627
1454 227
1454 340
1454 827
329 772
329 1908
329 1858
329 436
329 1290
329 1744
329 32
329 869
166 1890
166 1510
166 1385
166 1150
166 959
166 1066
166 1288
1025 1612
1025 427
1025 938
1025 1402
1025 71
1025 1936
1612 754
1612 29
1612 149
1612 1838
1612 1402
1612 1766
1612 1970
1612 841
546 1641
546 112
546 1952
546 890
546 1593
546 1481
546 630
546 1678
546 381
1641 435
1641 1466
1641 108
1641 325
1641 1092
1641 645
1641 512
1629 1790
1629 1935
1629 316
1629 138
1629 1052
1629 1753
1629 1394
1629 454
1629 661
1629 1132
1790 1131
1790 895
1790 1371
1790 1317
1790 119
1790 1867
1790 326
1790 980
907 927
907 116
907 1041
907 1583
907 1745
907 1104
907 1769
907 1232
907 975
927 1711
927 74
927 420
927 648
927 1853
927 1999
1387 203
1387 395
1387 1598
1387 1700
1387 601
1387 230
218 290
218 1249
218 1012
218 1684
218 1897
218 1683
218 1702
218 1060
290 961
290 1483
290 45
290 109
290 1394
290 1722
290 134
480 1285
480 747
480 839
480 84
480 737
480 1561
480 1597
480 884
480 494
480 746
1285 645
1285 1901
1285 1106
1285 1231
1285 1118
1285 149
1285 1668
1419 1876
1419 181
1419 1160
1419 921
1419 61
1419 1462
1876 980
1876 1490
1876 1534
1876 1143
1876 1591
1876 1320
562 1023
562 525
562 1757
562 435
562 516
562 1076
562 473
562 1871
562 1272
1023 1038
1023 1993
1023 1182
1023 564
1023 677
1023 1787
1023 1122
928 1833
928 148
928 910
928 1614
928 1678
928 1385
928 611
1833 104
1833 1430
1833 1356
1833 923
1833 1607
373 710
373 768
373 1937
373 1421
373 1551
710 1617
710 473
710 1006
710 1500
710 650
710 507
192 649
192 1747
192 1764
192 790
192 1191
192 1704
192 1227
192 671
649 1801
649 1336
649 1690
649 1109
649 1754
649 734
279 1485
279 382
279 412
279 1237
279 1009
279 1914
279 20
279 1753
1485 1242
1485 410
1485 952
1485 1176
1485 543
1485 1091
1485 993
35 837
35 756
35 921
35 543
35 1331
35 774
35 1715
35 77
837 1702
837 413
837 1091
837 1624
837 20
837 1822
31 1212
31 191
31 1138
31 620
31 1655
31 740
31 1692
31 102
31 708
31 1174
1212 1943
1212 1621
1212 504
1212 1090
1212 975
1212 1177
1212 1024
548 1701
548 1698
548 465
548 1462
548 911
548 1929
548 78
548 253
548 1555
1104 1849
1104 1334
1104 1113
1104 614
1104 899
1104 312
1104 1869
1849 45
1849 1366
1849 1767
1849 88
1849 1819
1849 1516
1849 1504
1849 283
1849 1747
276 1316
276 1338
276 604
276 897
276 369
276 651
276 122
1316 1310
1316 756
1316 834
1316 364
1316 1198
1316 543
26 435
26 1220
26 583
26 1059
26 1601
26 1015
26 1993
435 614
435 1338
435 933
435 1327
435 555
435 410
793 488
793 1072
793 803
793 1369
793 1436
793 1450
793 994
793 1769
793 743
444 1746
444 1131
444 1243
444 1029
444 155
444 1377
444 1322
444 943
444 836
1746 1861
1746 1262
1746 332
1746 1169
1746 1206
1829 394
1829 882
1829 1917
1829 1460
1829 180
1829 1422
1829 893
1829 388
1829 302
1284 963
1284 783
1284 1241
1284 30
1284 1121
1284 1126
1284 929
1284 1305
1950 75
1950 817
1950 952
1950 1752
1950 1567
1950 1416
1950 451
873 1545
873 904
873 1561
873 1794
873 1642
873 1253
873 519
1460 1800
1460 1491
1460 39
1460 88
1460 1368
1460 1539
528 608
528 1190
528 1565
528 287
528 504
528 340
608 12
608 1638
608 64
608 968
608 1686
608 1227
608 37
757 819
757 1018
757 398
757 1247
757 1927
757 64
757 1624
819 1679
819 662
819 558
819 514
819 1109
819 1026
819 745
819 1865
261 1086
261 778
261 488
261 1439
261 1261
261 1113
261 219
261 433
1086 1475
1086 1225
1086 966
1086 454
1086 346
1086 59
1035 1783
1035 981
1035 1671
1035 1117
1035 1956
1035 1865
1035 260
1261 780
1261 1704
1261 367
1261 903
1261 270
1261 425
817 1512
817 1275
817 176
817 60
817 1341
817 988
464 1258
464 236
464 1288
464 1636
464 483
464 846
464 1838
464 1997
1258 1459
1258 271
1258 938
1258 902
1258 1333
1258 670
921 876
921 711
921 1022
921 1115
921 779
921 1815
1532 443
1532 1621
1532 1119
1532 1457
1532 1860
1532 874
1532 1645
537 583
537 946
537 1952
537 1544
537 1814
537 1278
583 911
583 933
583 1274
583 1232
583 1498
583 708
509 1814
509 207
509 1749
509 810
509 698
509 1292
509 1573
1814 771
1814 1406
1814 1757
1814 1093
1814 734
1814 1568
369 675
369 1504
369 1385
369 319
369 1446
369 1651
369 226
369 149
675 1182
675 14
675 295
675 713
675 840
1655 544
1655 1618
1655 900
1655 1895
1655 1255
1655 454
1655 10
1257 1857
1257 1741
1257 1187
1257 641
1257 1911
1257 575
1257 167
1257 788
1257 151
1857 935
1857 1334
1857 1815
1857 323
1857 1619
884 1525
884 1820
884 308
884 217
884 849
884 1936
884 751
884 1225
884 770
1525 962
1525 1815
1525 1449
1525 770
1525 1587
1525 803
1525 612
1525 327
1525 547
1862 1784
1862 285
1862 75
1862 1339
1862 1464
1862 3
1444 465
1444 1116
1444 1359
1444 1974
1444 517
1444 460
1444 1812
1549 262
1549 790
1549 266
1549 1030
1549 1327
1549 891
1549 137
1549 158
274 1117
274 1541
274 534
274 1671
274 319
1117 1333
1117 1897
1117 1891
1117 87
1117 1815
1117 151
1117 326
1117 409
533 612
533 1267
533 188
533 209
533 1288
533 120
533 1671
533 1546
533 1615
612 1920
612 1590
612 140
612 264
612 1984
612 1705
612 1617
1032 1821
1032 1103
1032 1893
1032 829
1032 1232
1032 642
1032 1355
1032 237
1032 1735
1821 1348
1821 1697
1821 321
1821 1846
1821 19
1821 1390
1821 1709
1743 185
1743 477
1743 142
1743 637
1743 681
1743 152
1743 1158
1743 788
426 381
426 1825
426 740
426 1986
426 282
426 1660
426 1395
426 1434
341 1839
341 1024
341 1980
341 735
341 692
341 1617
341 631
341 1999
1839 622
1839 1850
1839 195
1839 1145
1839 1163
1839 1710
1839 1047
1839 1088
325 362
325 132
325 1762
325 1907
325 1985
325 1430
362 1493
362 465
362 1056
362 913
362 1067
362 1458
362 94
1638 1432
1638 1705
1638 1092
1638 340
1638 460
1638 514
490 1550
490 1955
490 1058
490 1791
490 892
490 82
490 1310
490 1455
1550 1479
1550 1860
1550 894
1550 971
1550 1533
622 1815
622 1812
622 870
622 1203
622 1794
622 803
622 1539
221 1448
221 1496
221 1646
221 869
221 1508
221 1538
221 1227
924 1169
924 420
924 1813
924 293
924 88
924 596
924 568
924 707
924 626
1169 1355
1169 1960
1169 49
1169 51
1169 1574
1169 903
1169 1684
391 896
391 403
391 743
391 463
391 909
391 734
391 40
391 1259
391 724
896 1673
896 1177
896 1731
896 1287
896 51
896 1498
896 1557
896 1378
1823 1808
1823 1702
1823 147
1823 1645
1823 1527
1823 1031
1823 1030
1911 442
1911 1050
1911 1588
1911 116
1911 1059
1911 1162
1391 1059
1391 778
1391 317
1391 499
1391 713
1391 271
1107 1850
1107 661
1107 1021
1107 105
1107 838
1107 1198
1850 843
1850 1954
1850 333
1850 249
1850 1156
1850 1555
61 1206
61 783
61 843
61 119
61 111
1206 620
1206 1957
1206 1701
1206 1476
1206 23
1206 1113
1206 1738
747 1580
747 987
747 688
747 1431
747 740
747 1968
747 1973
747 1057
747 72
857 1673
857 135
857 1413
857 1243
857 1515
857 1519
1241 1748
1241 796
1241 1627
1241 1000
1241 663
1241 1893
1241 298
1748 962
1748 1625
1748 140
1748 0
1748 964
1748 1027
319 778
319 1671
319 962
319 1984
319 1344
1872 1902
1872 619
1872 737
1872 1883
1872 1488
1872 730
1872 557
1872 835
1872 1108
1872 847
1902 1851
1902 1813
1902 1783
1902 387
1902 1674
1902 1718
1902 331
1902 950
1954 102
1954 1465
1954 53
1954 1051
1954 1272
1954 1392
741 771
741 645
741 266
741 525
741 367
741 1802
741 1846
741 269
741 1921
249 1960
249 1888
249 1366
249 774
249 1491
249 850
249 519
249 1597
249 1081
1960 1134
1960 1711
1960 308
1960 1423
1960 1662
1935 1722
1935 1736
1935 1589
1935 1351
1935 1488
1633 1819
1633 333
1633 1695
1633 1575
1633 764
1633 1535
1633 1346
1166 694
1166 1101
1166 1807
1166 1205
1166 1498
1166 4
1487 1421
1487 1736
1487 821
1487 1964
1487 1233
1487 1193
1487 1125
885 1275
885 1139
885 308
885 117
885 845
885 52
885 1702
885 512
885 1341
1275 1281
1275 1710
1275 283
1275 833
1275 1551
1275 761
1275 1083
1275 403
495 1667
495 400
495 486
495 1513
495 1763
495 220
495 712
495 407
495 159
1667 843
1667 1795
1667 1096
1667 1334
1667 694
1667 1348
1667 1197
690 1531
690 1889
690 1819
690 1555
690 1201
690 574
690 715
690 1538
690 604
1531 1835
1531 895
1531 1121
1531 890
1531 132
1531 216
489 574
489 1014
489 1103
489 1844
489 484
489 1542
489 4
489 1027
574 1160
574 909
574 1202
574 3
574 777
1197 893
1197 1462
1197 1817
1197 886
1197 693
1197 1202
1197 600
327 330
327 195
327 49
327 1864
327 1005
327 949
327 63
330 621
330 300
330 1538
330 919
330 1704
330 1931
330 1941
330 1164
1199 1358
1199 786
1199 1122
1199 207
1199 1384
1199 37
1199 1236
1358 130
1358 1810
1358 412
1358 459
1358 211
1358 1754
1358 769
999 1492
999 1908
999 1560
999 1559
999 94
999 1066
999 1555
999 194
1492 550
1492 1209
1492 1893
1492 1838
1492 87
1492 465
1492 1707
1021 1057
1021 570
1021 1900
1021 1806
1021 918
1038 1315
1038 326
1038 1496
1038 1281
1038 347
1038 1156
1038 1270
1038 566
1038 1375
1163 1917
1163 429
1163 1336
1163 1034
1163 508
1163 1528
1163 1565
1917 417
1917 1582
1917 307
1917 822
1917 796
1917 154
1917 1707
1917 569
211 1730
211 1788
211 1019
211 1237
211 1493
211 185
211 930
211 935
211 1841
1730 59
1730 727
1730 41
1730 1193
1730 1992
1730 1407
1018 139
1018 1039
1018 1418
1018 1583
1018 706
1020 224
1020 1711
1020 460
1020 1390
1020 210
1020 1621
267 1449
267 1825
267 1
267 1145
267 586
267 1337
267 1071
267 930
1449 969
1449 1698
1449 738
1449 949
1449 1853
1449 1131
1043 1636
1043 3
1043 1195
1043 1559
1043 913
1043 1930
1043 938
1043 216
1043 1551
1043 1691
1636 1990
1636 1325
1636 69
1636 713
1636 1856
1636 1446
57 1305
57 755
57 1813
57 264
57 1637
57 596
57 657
1305 1854
1305 1500
1305 1901
1305 785
1305 1546
1305 1664
1305 1989
1578 1811
1578 1644
1578 1516
1578 1097
1578 651
1578 428
1578 1251
1578 392
1811 1901
1811 1766
1811 15
1811 1168
1811 1967
1811 684
535 564
535 1130
535 1041
535 1403
535 1287
535 1967
535 1466
564 1217
564 196
713 1082
713 1868
713 1987
713 171
713 925
713 1998
296 1671
296 1413
296 878
296 1796
296 1762
296 1687
296 1426
296 1807
296 1665
296 409
1671 1512
1671 1910
1671 312
1671 1615
632 887
632 834
632 703
632 1533
632 1062
632 443
632 1237
887 1680
887 394
887 399
887 798
887 1009
887 1973
1789 1985
1789 1654
1789 1565
1789 621
1789 1302
1789 131
1789 704
1789 802
380 1795
380 449
380 473
380 629
380 1386
380 432
380 1644
380 1524
380 1184
291 600
291 158
291 1279
291 1062
291 1861
291 1373
291 460
291 1445
600 1170
600 365
600 1866
600 845
600 401
600 951
995 458
995 1224
995 794
995 951
995 451
995 718
98 178
98 10
98 169
98 246
98 909
98 201
98 627
98 409
98 1786
178 1914
178 1330
178 730
178 201
178 101
980 301
980 753
980 1255
980 1311
980 1062
980 346
980 1958
1726 1597
1726 775
1726 1001
1726 502
1726 860
1726 293
1726 972
954 1899
954 1642
954 1456
954 870
954 901
954 168
954 175
954 1215
1899 1325
1899 387
1899 141
1899 364
1899 875
1899 922
1899 1205
1899 72
1899 1985
81 1421
81 1538
81 45
81 901
81 880
1421 1582
1421 1118
1421 1651
1421 1624
1421 1551
1889 1541
1889 44
1889 901
1889 882
1889 1233
1889 963
1889 1782
1315 1390
1315 1204
1315 66
1315 1559
1315 1995
1390 155
1390 1997
1390 1755
1390 681
1390 262
45 1302
45 11
45 1092
45 785
45 1786
1302 475
1302 900
1302 1880
1302 51
1302 946
1302 167
161 185
161 597
161 1481
161 716
161 816
161 750
161 1279
161 1838
946 254
946 353
946 1268
946 841
946 883
946 671
946 696
631 1494
631 1515
631 1249
631 699
631 1774
1494 1448
1494 1841
1494 1335
1494 1900
1351 1977
1351 1674
1351 978
1351 1909
1351 187
1351 269
1351 760
1351 1453
1977 1996
1977 617
1977 1355
1977 1467
1977 1929
1977 1615
1977 120
482 823
482 1177
482 1980
482 254
482 769
482 1775
823 59
823 1096
823 1897
823 71
823 658
823 642
823 167
823 1042
403 1202
403 1317
403 1495
403 89
403 115
403 1972
403 727
365 1118
365 443
365 932
365 870
365 572
365 737
365 1645
1118 103
1118 956
1118 1353
1118 1074
1118 43
1118 67
58 518
58 1114
58 1687
58 1570
58 760
58 664
58 1956
518 1688
518 1196
518 978
518 1710
518 604
518 575
771 1342
771 1747
771 560
771 1607
771 1174
1404 1681
1404 1048
1404 285
1404 260
1404 1152
1404 467
1404 294
1404 422
1404 1295
1404 611
1681 77
1681 236
1681 1595
1681 668
1681 1434
1681 1210
1681 1824
1681 703
542 1248
542 1978
542 1786
542 1509
542 1012
542 1953
542 1246
1248 1929
1248 831
1248 483
1248 519
1248 225
1248 239
1248 693
1248 1691
14 1253
14 1510
14 49
14 1000
14 1621
14 1010
1253 85
1253 1698
1253 1535
1253 1240
1253 271
1253 643
451 1778
451 761
451 180
1848 1267
1848 523
1848 1322
1848 117
1848 1866
1848 494
1848 1996
1848 825
1263 39
1263 547
1263 523
1263 1735
1263 1464
1263 766
1263 805
963 1894
963 615
963 1597
963 1568
963 1453
219 663
219 878
219 1721
219 977
219 339
219 401
219 511
219 1961
870 888
870 1332
870 1207
870 1745
870 666
870 1841
870 378
888 441
888 1048
888 657
888 1372
888 666
888 239
888 1
375 1466
375 1345
375 1752
375 1462
375 836
375 1815
375 273
375 1106
375 1788
1466 1072
1466 1780
1466 370
1466 950
1466 1237
1466 1824
1466 133
56 1246
56 399
56 1313
56 1635
56 414
56 269
56 1268
56 843
1246 1982
1246 309
1246 1541
1246 118
1246 226
1246 1952
43 1668
43 1616
43 6
43 1078
43 786
43 7
43 903
43 777
43 1775
1668 1012
1668 1890
1668 1476
311 231
311 363
311 745
311 208
311 1600
311 216
311 1242
311 29
1323 102
1323 1598
1323 1699
1323 1395
1323 1799
1323 1313
1323 1993
104 517
104 1663
104 1735
104 1904
104 986
104 1432
517 1618
517 917
517 1528
517 983
517 1744
517 1794
517 1519
517 590
1214 450
1214 1353
1214 931
1214 1817
1214 215
1214 95
1214 1871
1920 497
1920 778
1920 1114
1920 917
1920 1949
1920 922
1920 1676
895 1921
895 763
895 1645
895 475
895 876
895 406
1921 712
1921 257
1921 1521
1921 790
1921 1999
1921 780
1266 1303
1266 93
1266 145
1266 1408
1266 875
1266 922
1266 1177
1266 801
1266 53
1303 1465
1303 392
1303 264
1303 1335
1303 1267
1303 1435
363 1264
363 786
363 1071
363 567
363 723
363 647
1264 1580
1264 105
1264 1217
1174 1718
1174 1997
1174 1943
1174 1028
1174 133
1174 769
1718 86
1718 387
1718 525
1718 566
1718 195
1718 1676
1718 1686
848 73
848 410
848 688
848 775
848 568
848 1145
848 44
848 607
848 1720
1076 1344
1076 664
1076 725
1076 1233
1076 1579
1076 1662
1076 12
1076 71
1076 972
1344 1705
1344 752
1344 587
1344 1131
1344 1256
1344 1089
1344 125
945 962
945 1138
945 484
945 1795
945 1414
945 847
945 943
962 1783
962 814
962 40
962 333
962 641
962 467
216 1006
216 336
216 387
216 1414
216 469
216 63
1006 67
1006 477
1006 812
1006 1836
1006 611
1006 1593
1006 158
1720 1764
1720 662
1720 512
1720 337
1720 1201
1720 1361
1720 931
1764 473
1764 855
1764 964
1764 1927
1764 213
1764 758
1764 1644
1764 10
364 1930
364 220
364 1310
364 263
364 1033
364 961
364 561
1930 791
1930 994
1930 838
1930 661
619 698
619 1635
619 1926
619 196
619 1765
619 733
619 1224
634 751
634 473
634 1196
634 497
634 926
634 1801
634 777
634 1114
634 1586
1541 1428
1541 1530
1541 915
1541 1904
1541 1995
1541 1587
736 1976
736 1791
736 1825
736 689
736 90
736 427
736 640
736 237
1976 1009
1976 12
1976 1399
1976 1932
1976 1512
1976 394
1976 918
1851 1005
1851 1881
1851 401
1851 196
1851 1987
1851 1982
1473 1477
1473 1073
1473 1031
1473 113
1473 1897
1473 120
1473 1420
1473 860
1477 1442
1477 1322
1477 124
1477 1418
1477 1958
1477 1126
1477 567
284 686
284 220
284 358
284 1580
284 852
284 1744
284 1292
284 1296
686 1228
686 405
686 1207
686 529
686 1685
686 342
686 1408
686 390
683 1361
683 1094
683 120
683 287
683 1379
683 971
683 551
959 1715
959 1293
959 1030
959 1523
959 1124
959 1126
959 1245
1715 718
1715 971
1715 705
1715 1334
1715 336
714 1414
714 420
714 983
714 900
714 209
714 761
714 1923
1414 1619
1414 597
1414 328
1414 486
1414 165
1334 842
1334 1459
1334 1894
1334 621
1334 663
550 519
550 246
550 590
550 1557
550 969
550 789
461 1767
461 463
461 1082
461 250
461 1577
461 1632
461 1573
461 397
1767 744
1767 1013
1767 1755
1767 763
1767 269
614 918
614 1529
614 1600
614 1768
614 751
614 1402
3 1238
3 514
3 1987
3 1338
3 224
3 118
3 838
578 761
578 155
578 1927
578 1674
578 1353
578 779
578 195
578 1495
578 764
761 579
761 1045
761 775
761 51
761 1067
761 24
1001 1970
1001 961
1001 832
1001 1874
1001 151
1001 209
1001 1318
1970 1817
1970 1542
1970 755
1970 707
1970 64
1970 1881
1970 1379
820 1468
820 383
820 204
820 627
820 342
820 390
820 85
820 1493
801 1698
801 684
801 1573
801 1371
1698 1933
1698 1664
1698 469
1698 983
1698 1574
935 1987
935 295
935 175
935 763
1987 1533
1987 248
1987 1260
1987 1580
1987 1775
919 1056
919 738
919 1050
919 1121
919 850
883 1458
883 1807
883 1881
883 1061
883 626
883 132
883 1820
883 1795
883 787
1458 804
1458 731
1458 475
1458 1986
1458 940
1458 899
1458 767
1458 1153
1231 1624
1231 783
1231 1765
1231 904
1231 1907
1231 1752
1231 1998
1231 1771
1231 1616
1624 12
1624 1209
18 288
18 220
18 1031
18 0
18 828
18 1156
18 1642
18 730
18 1040
18 790
288 1942
288 784
288 1505
288 779
288 737
20 1754
20 640
20 265
20 1820
20 1888
20 1955
1754 1721
1754 1456
1754 379
1754 499
1754 1177
1754 1072
648 1015
648 1403
648 1245
648 576
648 775
648 225
648 778
648 226
1015 983
1015 1690
1015 1240
1015 1998
1015 488
1015 382
1808 395
1808 1089
1808 1847
1808 810
1808 454
1808 1645
1808 1490
1996 705
1996 453
1996 440
1996 768
1996 430
1996 1635
278 397
278 1361
278 871
278 658
278 1072
1355 1407
1355 223
1355 834
1355 1088
1355 880
1099 1274
1099 1868
1099 1457
1099 1858
1099 146
1099 615
1099 547
1099 1498
1099 417
1099 1223
1274 1382
1274 1385
1274 138
1274 1497
1274 780
1274 1787
692 1596
692 610
692 1645
692 1389
692 1456
692 1558
1596 407
1596 1251
1596 465
1596 570
1596 1676
1596 197
783 934
783 923
783 547
783 60
783 477
783 299
783 1701
1134 370
1134 1426
1134 1151
1134 1880
1134 1170
1134 114
1134 643
764 1766
764 568
764 384
764 1102
764 968
764 503
764 5
764 784
1766 1564
1766 1130
1766 109
1766 1581
1766 384
1766 960
1766 499
269 450
269 1201
269 415
269 1798
450 1017
450 930
450 447
450 897
450 1559
450 1309
957 1346
957 1870
957 407
957 852
957 1240
957 915
538 1225
538 1039
538 737
538 1895
538 1861
538 753
538 875
538 105
1225 529
1225 220
1225 230
1225 324
1225 890
5 472
5 1863
5 899
5 1235
5 1094
5 511
5 1543
5 1692
472 1575
472 949
472 797
472 1130
472 1662
472 1782
472 787
698 804
698 661
698 851
698 1610
872 285
872 561
872 109
872 671
872 1892
872 1685
872 1157
872 1145
1817 1941
1817 1103
1817 1408
1817 1818
1817 1825
1082 1661
1082 933
1082 591
1661 321
1661 684
1661 913
1661 1288
1661 1744
1661 1368
1661 164
1661 658
788 1664
788 1033
788 501
788 780
788 167
788 1078
788 262
1664 1731
1664 253
1664 1835
1664 704
443 54
443 1765
443 1551
443 1345
187 551
187 869
187 1423
187 1161
187 845
187 567
187 696
551 1422
551 467
551 1352
551 1439
551 854
551 760
114 637
114 1657
114 1888
114 1309
114 1003
114 627
114 814
114 1033
114 1239
637 1604
637 1796
637 797
637 1045
637 1190
63 1972
63 1479
63 882
63 892
63 1925
63 1386
63 1232
1972 1739
1972 1604
1972 289
1972 1022
1972 706
1972 1028
91 400
91 1022
91 247
91 929
75 874
75 1640
75 1224
75 1270
75 795
75 225
874 838
874 1684
874 645
874 1204
874 111
874 29
874 1209
618 1680
618 1989
618 1089
618 956
618 140
618 1577
618 1806
618 1807
618 688
618 223
1680 881
1680 555
1680 1941
1680 247
1680 172
1680 920
142 1688
142 1891
142 1815
142 519
142 172
142 602
1688 1625
1688 1908
1688 466
1688 1291
1688 1481
237 657
237 1705
237 1439
237 115
237 621
950 1031
950 1607
950 1416
950 1077
950 570
950 1145
950 966
1031 224
1031 74
1031 118
1031 547
1031 1297
1031 1116
335 1942
335 459
335 130
335 1618
335 453
335 1009
335 1929
1450 1706
1450 1687
1450 674
1450 937
1450 1335
1450 985
1450 1287
1706 9
1706 268
1706 256
1706 1529
1706 135
1706 477
463 86
463 230
463 1135
463 1129
463 994
463 9
176 737
176 1322
176 1439
176 1430
176 1949
737 347
737 53
1687 1674
1687 412
1687 1524
881 383
881 1871
881 1113
881 831
881 1058
881 1994
703 1279
703 804
703 752
703 411
703 254
703 1512
1279 1096
1279 51
1325 399
1325 154
1325 1207
1325 972
1325 769
1325 507
1325 336
1989 1272
1989 164
1989 199
1033 1513
1033 566
1033 1908
1033 1427
103 1077
103 1335
103 1523
103 1242
103 1583
103 182
112 1239
112 1147
112 387
112 1940
112 1818
112 262
483 1245
483 1009
483 544
483 1662
1245 682
1245 738
1245 1278
1245 822
7 1096
7 621
7 1919
7 1877
7 1526
7 227
7 199
1286 459
1286 337
1286 70
1286 570
1286 191
1886 1984
1886 390
1886 610
1886 413
1886 432
1886 1072
1684 1918
1684 772
1684 1066
1684 1673
1684 111
318 949
318 501
318 1625
318 1724
318 1375
318 536
318 1803
318 940
318 1079
949 1686
949 1101
949 1061
949 1235
843 1974
843 1077
843 934
843 433
843 252
843 42
1756 1616
1756 1858
1756 1445
1756 130
1756 1319
1756 1217
1602 1613
1602 72
1602 1846
1602 1632
1602 459
1602 60
1602 71
1602 1974
1602 674
1613 457
1613 1054
1613 979
1613 1752
1613 1595
1613 1045
1613 1256
1613 1022
79 452
79 1870
79 1453
79 9
79 1618
79 1036
452 827
452 1471
452 1762
452 315
452 1913
452 1584
452 1222
452 1009
227 1350
227 131
227 427
227 1397
227 565
227 189
1215 356
1215 397
1215 785
1215 1780
1215 1691
1215 1646
1215 430
15 620
15 268
15 298
15 1586
15 1413
15 111
15 1537
15 1096
620 835
620 334
620 842
620 1537
394 1704
394 158
394 84
394 1563
394 1637
394 1959
1704 1563
1704 1132
1704 831
1557 1854
1557 1242
1557 1805
1557 181
1557 1470
1557 1890
202 1061
202 785
202 270
202 1690
202 511
202 332
202 839
202 1576
202 1151
1061 1709
1061 1113
1061 1787
1061 1464
1061 636
1620 1945
1620 116
1620 180
1620 1959
1620 1564
1620 1528
1620 592
1620 643
1620 1993
1620 1552
1945 1998
1945 1313
1945 409
1945 1311
1727 1991
1727 1157
1727 226
1727 1870
1727 717
1727 1734
1727 367
1991 467
1991 915
1991 410
1991 1109
1991 1505
1991 804
1991 1381
1991 869
1997 1674
1997 1187
1997 1642
1997 28
1997 108
785 859
785 1259
785 985
431 988
431 951
431 597
431 1856
431 868
431 154
988 1457
988 1591
988 633
988 536
988 1937
988 1574
217 544
217 1567
217 1732
217 967
217 1773
217 1051
217 1686
217 1160
544 1932
544 1012
544 1807
544 1780
544 1297
544 1760
544 706
105 1822
105 1194
105 1951
105 1892
105 1926
1822 24
1822 1147
1822 1918
1822 353
1822 643
1822 1050
1822 316
1822 1506
1243 149
1243 558
1243 384
1243 1908
1243 308
1243 1071
1243 28
9 1763
9 916
9 1967
429 849
429 297
429 147
429 1663
429 398
429 180
890 1017
890 1692
890 524
890 120
890 367
890 1173
1017 893
1017 1102
1017 565
1017 909
1017 1805
1017 1630
1017 918
185 972
185 1173
185 1925
185 1036
433 1468
433 1396
433 1350
1468 1008
1468 1576
1468 863
1468 134
1468 1978
1475 711
1475 1799
1475 309
1475 141
1475 236
1475 410
438 1765
438 165
438 1260
438 102
438 816
438 24
438 453
438 706
1498 140
1498 361
1498 1697
1498 151
1090 1194
1090 1493
1090 1148
1090 159
1090 239
1090 1362
1090 1955
1090 119
1090 1451
1194 390
1194 1753
1194 1579
1194 44
1194 1806
1194 1013
1194 936
1888 172
1888 252
1888 1527
1888 1566
1646 1999
1646 1293
1646 1097
1646 1249
1646 1570
1999 1619
1999 1654
1999 1663
1999 586
1999 445
1103 567
1103 832
1103 248
1103 587
1103 882
24 805
24 769
24 863
24 1051
24 1208
1686 1244
1686 379
1686 1616
1686 1598
1014 448
1014 42
1014 658
1014 1114
1014 1431
1036 611
1036 755
1036 1259
1036 960
1609 1936
1609 512
1609 868
1609 647
1609 441
1609 560
1936 733
1936 1272
1936 41
1936 630
1936 347
1936 314
1936 893
1964 149
1964 1068
1964 1407
1964 436
1469 693
1469 1262
1469 573
1469 466
1469 985
1469 312
1469 1233
120 1846
120 1382
120 972
1846 1130
1846 1711
289 1771
289 1345
289 892
289 730
289 842
289 684
289 903
1771 1971
1771 70
1771 570
1771 1138
1771 908
1771 1029
1771 1600
1026 1508
1026 500
1026 195
1026 342
1026 560
1026 497
1026 689
1026 1268
1508 738
1508 1172
1508 1369
1508 1247
1508 239
1508 810
1508 1295
1508 1407
555 654
555 751
555 475
555 1802
555 1310
555 1297
1619 1860
1619 41
1619 1507
1619 280
1619 78
1619 987
1576 812
1576 1894
1576 1062
1576 392
1576 1877
1576 1227
1576 1203
71 1589
71 298
71 4
71 956
71 1918
1589 411
1589 1088
1589 1601
1589 854
1589 1185
908 1057
908 230
908 1959
908 534
908 561
908 196
908 1339
301 1796
301 1320
301 1184
301 1256
301 1064
301 503
1796 1071
1796 1154
1337 512
1337 441
1337 115
1337 1818
1337 1205
1337 1088
1337 561
1337 805
1795 1008
1795 1657
1795 1869
1795 918
1795 226
1462 1683
1462 831
1462 1256
1462 1122
1683 1467
1683 934
1683 731
1683 851
1683 459
1683 412
1679 1546
1679 1179
1679 1716
1679 1338
1679 1330
1679 971
1679 1399
1679 1575
1208 1985
1208 1907
1208 399
1208 930
1208 148
1208 1749
1208 1251
869 1887
869 718
869 1151
869 1484
869 849
951 1434
951 1914
951 1455
951 1590
951 1417
951 1077
951 520
1434 405
1434 790
1434 568
1434 508
1434 118
1434 1068
1434 293
1345 1707
1345 1205
1345 651
1345 575
1345 615
1707 172
1707 407
1707 1582
1707 1724
1707 1665
756 1249
756 1251
756 572
756 486
756 520
1249 1914
1249 2
1249 470
1249 125
1249 1632
993 410
993 1176
993 1397
993 1459
993 1247
993 867
42 779
42 636
42 1942
42 1600
42 460
42 1481
357 1422
357 1136
357 1385
357 23
357 59
357 1233
357 1491
357 84
357 1818
1422 1691
1422 1724
1422 1154
1422 1198
1422 1512
1422 448
1228 1371
1228 735
1228 786
1228 893
836 1340
836 1635
836 797
836 1132
836 947
1340 617
1340 1051
1340 1893
1340 1040
579 1788
579 1810
579 181
579 1024
579 1863
579 188
579 798
1048 1483
1048 1753
1048 165
1048 508
1048 1094
1048 1768
417 986
417 854
417 116
417 1773
417 390
417 1455
986 1148
986 1919
986 1120
986 110
986 1995
986 833
986 1320
627 1489
627 651
627 1783
627 1538
1489 116
1489 983
1489 1574
1998 195
1998 1491
1998 532
1998 90
842 1625
842 1501
842 1577
842 1598
842 1047
1625 177
1625 1397
1625 1238
6 1428
6 956
6 1601
6 1523
6 1732
1428 315
1428 1177
1428 1738
1428 680
1428 909
523 1151
523 834
523 831
523 891
523 1537
523 658
1151 132
1151 1177
1151 88
1151 666
390 1133
390 1470
390 1735
390 844
390 1207
1965 1574
1965 1509
1965 146
1965 753
1965 101
1660 1262
1660 1456
1660 1227
1660 630
1660 302
1660 937
1660 1278
1575 1974
1575 1932
1575 1453
1575 1926
1575 50
1974 358
1974 1295
1974 699
1974 1690
1974 1179
834 1787
834 406
834 1221
834 93
834 1923
1787 576
1787 1985
1787 1313
1787 1205
1597 1958
1597 236
1597 1479
1597 1635
1597 303
1958 672
1958 321
1958 941
1958 85
1958 543
1958 1415
1952 1914
1952 1382
1952 1431
1952 1338
1952 1168
1993 725
1993 789
1993 1697
1993 1262
1993 1548
647 299
647 425
647 172
647 1008
647 1168
647 247
1504 979
1504 468
1504 312
1504 93
1504 1913
1504 232
1504 1185
204 1222
204 1459
204 1277
204 1346
204 640
204 1835
204 1406
204 1292
119 968
119 1486
119 853
119 1456
119 1232
968 1373
968 681
968 295
307 1218
307 1336
307 1882
307 1210
307 346
307 1037
307 223
307 1937
1218 1147
1218 1728
1218 1304
1218 317
1218 633
1218 1369
1218 752
1929 387
1929 1980
1929 795
1929 1452
73 484
73 916
73 498
73 1559
73 110
73 334
73 1863
73 1091
484 1372
484 650
484 1400
484 1791
484 809
484 1244
109 1521
109 1961
109 90
109 367
1147 1528
1147 525
1147 1709
1147 41
596 1604
596 699
596 1867
596 1381
596 1640
596 67
596 398
1604 851
1604 1866
1604 1209
1604 401
1604 1774
280 778
280 762
280 1509
280 938
280 1685
778 469
778 1539
778 705
617 743
617 300
617 1187
743 1304
743 10
743 1537
1227 1630
1227 139
1227 106
1630 734
1630 498
1630 1773
1630 28
1630 829
1630 1824
1630 1990
298 1426
298 1047
298 1073
298 1162
298 575
1426 1543
1426 283
1426 1471
1426 382
77 110
77 1034
77 1788
77 1220
77 666
1384 1255
1384 1678
1384 706
1384 1457
1384 573
1384 900
1844 1114
1844 1125
1844 1505
1844 247
1844 901
1844 1559
725 1381
725 183
725 1552
725 383
1381 891
1381 1069
1381 584
1381 932
1381 979
172 1887
172 543
1534 1721
1534 314
1534 1452
1534 802
1534 724
1721 1971
1721 427
1721 1778
1721 1356
1721 1490
1721 1
576 1255
576 282
576 1097
576 569
576 256
137 827
137 584
137 1442
641 1901
641 681
641 1719
641 448
641 1456
641 746
1901 904
1901 1451
1901 1439
1901 1101
93 1376
93 303
93 1548
93 293
93 263
93 1277
93 635
1376 1423
1376 1310
1376 1267
1376 917
1376 1152
1376 886
1376 871
1239 1591
1239 1932
1239 415
1239 1734
1239 936
1239 488
1239 1045
181 1540
181 1062
181 786
181 711
181 1412
1540 772
1540 122
1540 1051
1540 1203
1540 326
633 1819
633 1476
633 704
633 1408
633 498
633 1984
1819 1760
1819 1292
1819 930
1819 640
1819 672
321 816
321 847
321 671
321 148
321 498
321 410
1528 1984
1528 901
1528 777
1528 189
1528 762
1135 1420
1135 568
1135 1431
1135 1598
1135 646
1135 707
1135 1769
1420 1592
1420 1486
1420 436
1420 1690
1420 1182
1420 693
499 964
499 1980
499 415
499 717
19 1778
19 536
19 1397
19 1095
19 1068
19 1052
19 1887
19 367
1778 212
1778 89
1778 716
1778 1432
804 1022
804 262
804 1526
804 794
804 1657
134 225
134 1774
134 1710
134 717
134 1168
134 346
134 640
225 84
225 470
225 1786
225 1784
225 1069
376 623
376 792
376 314
376 796
376 1292
623 1695
623 525
623 1399
623 844
623 878
623 684
623 209
1173 1177
1173 1760
180 295
180 1995
180 1565
295 886
295 1586
295 752
295 768
44 1640
44 1545
740 1973
740 1332
740 1768
740 324
740 1605
740 1603
1287 1896
1287 1382
1896 1734
1896 938
1896 1320
1896 428
1896 1824
1896 253
1896 1040
501 1081
501 1497
501 1744
501 1615
501 1488
501 933
501 514
1081 1806
1081 1161
1081 65
1081 199
1081 659
1081 246
1081 978
1542 663
1542 1476
1542 1132
1542 370
1542 2
1542 1693
1820 1959
1820 1319
1820 626
1820 1803
1820 681
1820 1009
54 207
54 987
54 932
54 1763
54 858
54 569
54 1145
1861 1161
1861 90
1861 1956
1861 1412
1861 1342
738 678
738 1665
738 1904
738 1102
738 498
672 1121
672 557
672 1187
672 624
672 262
672 465
672 626
672 1060
1373 751
1373 1558
1373 1657
1373 565
1373 775
1373 1130
1373 1210
1959 621
1959 916
1959 11
1959 969
277 1529
277 1079
277 1926
277 733
277 767
277 165
277 1092
277 1423
1529 1765
1529 1825
1529 428
1529 1591
1529 238
1529 190
853 1882
853 1757
853 1705
853 1012
853 1047
853 372
853 268
853 882
1882 1217
1882 1060
1882 231
1882 340
1882 179
1931 1739
1931 1738
1931 265
1931 1451
1931 512
1262 1137
1262 1595
1262 210
1262 1784
1262 1695
458 498
458 30
458 1735
458 717
458 1738
458 29
458 1131
498 1854
1319 486
1319 1427
1319 967
1319 1941
1319 1098
956 1185
956 1270
956 552
956 1697
956 1095
1185 339
1185 346
1185 1201
1185 1870
1185 1369
1185 213
265 587
265 1762
265 774
1653 1856
1653 926
1653 1153
1653 1491
1653 1407
1653 1115
253 1071
253 682
253 642
253 1309
1071 183
1071 1029
1071 1353
1071 900
624 1826
624 1236
624 293
624 1318
624 1978
1465 1097
1465 1867
1465 1509
699 1102
699 629
699 1605
699 1709
798 1187
798 1130
798 1039
798 1573
798 1807
798 827
798 1027
1187 1527
1187 70
1187 1968
1187 854
1030 1923
1030 190
1030 766
1030 1497
1030 415
1030 1853
201 573
201 1874
201 256
201 70
573 1894
573 332
573 903
573 78
573 1605
53 516
53 913
53 1709
53 1066
53 381
516 1034
516 397
516 770
516 392
516 726
516 1986
516 1739
1445 1132
1445 868
1445 60
1445 326
1445 1728
524 1219
524 1013
524 1568
524 802
524 765
524 1784
524 1378
1219 587
1219 1415
1219 378
465 214
436 1651
436 1369
436 1728
436 1802
436 1430
1783 1944
1783 1900
1783 1780
191 795
191 1064
191 668
191 671
191 287
191 642
191 1195
191 763
795 833
795 449
795 1267
795 1362
795 1233
795 171
795 1903
95 447
95 717
95 1895
95 1237
447 1408
447 1825
447 1711
447 1159
447 1891
447 113
447 825
447 1288
1806 880
1806 1244
1806 1871
1806 1098
50 108
50 70
50 190
50 1013
50 1603
50 1496
50 1567
108 1716
108 232
108 381
108 1973
512 952
512 1887
512 1651
1702 1120
1702 356
1702 1736
1702 1883
1702 983
1702 361
1803 668
1803 1747
1803 49
1803 1506
1803 792
1803 1470
1803 664
314 696
314 1674
314 1530
314 460
314 445
314 1060
314 316
696 1523
696 1595
696 871
696 529
696 1193
696 1654
1361 1352
1361 1645
1361 328
1361 1526
1361 1417
1361 468
1361 1762
1863 1895
1863 1867
1863 1423
1863 1392
1863 1136
212 882
212 1157
212 372
212 1154
212 1890
212 146
214 832
214 1791
214 1509
214 473
214 1892
214 1050
832 125
832 39
832 1701
832 1378
832 1512
835 745
835 981
835 116
835 1366
835 1510
835 1267
835 1978
379 177
379 754
379 1561
379 1121
379 124
379 1812
346 1940
346 1757
346 117
1940 427
1940 1530
1940 1022
1940 117
1940 188
1120 1251
1120 975
1120 361
1120 154
1120 824
1120 669
1120 309
1894 863
1894 1455
1894 828
1894 1327
734 1593
734 1369
734 353
734 1982
734 1003
207 130
207 10
1497 342
1497 882
1497 293
1497 1637
1497 196
1497 1951
82 1805
82 395
82 1256
82 1136
82 1108
82 662
82 868
1805 565
1805 1041
1805 1736
1805 1627
1805 299
69 1765
69 1313
69 584
69 1366
69 1527
69 1360
69 1951
69 1034
1765 1247
1765 179
1765 684
1024 1342
1024 300
1024 774
1024 1467
1024 1741
1024 1158
1008 1973
1008 682
1008 718
1008 1510
525 1352
525 829
162 1900
162 131
162 1691
162 138
162 789
162 1221
162 1838
162 1132
1900 662
1900 640
1900 374
1900 441
1900 197
868 677
868 1051
868 124
1853 1435
1853 821
1853 1592
1853 194
1853 560
32 1161
32 1618
32 252
32 381
32 1281
32 763
32 975
32 198
1161 250
1161 1139
1161 494
1161 1131
1161 1642
254 1000
254 1368
254 1749
254 615
791 1747
791 11
791 940
791 1774
791 303
791 159
791 1153
791 1799
1747 384
1747 772
1747 1909
1747 803
876 457
876 1782
876 428
876 1864
876 669
876 805
876 11
164 1887
164 1045
164 1442
164 1836
164 670
979 923
979 626
979 635
979 790
979 558
979 1762
209 1968
209 1865
209 809
209 148
1968 718
1968 1168
1968 953
1968 891
1968 1810
1195 297
1195 1807
1195 718
1195 1670
1195 1210
52 334
52 148
52 1221
52 1360
52 358
52 1403
52 1126
334 1098
334 1992
334 1154
334 72
334 929
334 1144
334 1119
405 210
405 1561
405 892
405 1394
405 1865
405 1579
405 829
387 1763
387 1716
387 148
1763 331
1763 925
1763 1501
1763 1519
1734 860
1734 1692
1734 118
1591 271
1591 630
1591 694
1591 1749
1467 1621
1467 1914
1467 190
1467 952
1467 247
1621 763
1621 395
1621 1826
1621 1368
1621 1386
1891 1663
1891 402
1891 1077
1663 1057
1663 1496
1663 1040
1182 1509
1182 342
1182 226
511 670
511 666
511 1665
511 1139
511 1539
670 398
670 708
670 130
670 766
670 680
1092 1296
1092 731
1092 1005
1092 1270
1092 1980
1296 1395
1296 239
1296 1955
1296 1143
1296 1096
1296 916
903 947
903 724
903 1544
903 1637
947 1614
947 1564
947 156
947 1446
947 532
947 361
1890 1662
1890 87
1890 1205
1890 294
1890 569
131 1582
131 674
131 1072
131 1994
1336 303
1336 917
1336 1699
1336 937
1336 1397
1336 1592
1342 977
1342 101
1342 1150
1342 1052
1342 1533
1342 1603
1096 1448
1096 1476
1096 1637
1096 333
395 1558
395 733
395 1552
406 1910
406 1521
406 383
406 839
406 475
406 981
406 565
1910 1741
1910 730
1910 1453
1910 1610
1910 875
1910 1318
1423 1858
1423 1579
497 1220
497 1131
497 1773
497 182
339 933
339 1676
339 1327
339 1464
339 84
339 1938
339 285
933 1400
933 1501
933 1247
1744 1856
1744 827
1856 636
1856 845
1856 1725
1856 1098
1856 203
789 1392
789 1731
789 565
789 1386
886 101
886 1439
886 1074
886 1618
886 1417
317 593
317 260
317 1919
317 203
317 966
232 814
232 111
232 224
232 994
232 188
232 1595
232 1559
814 305
814 726
814 1860
814 708
814 168
1125 1132
1125 1372
1125 1548
1125 1500
1125 1267
1125 1913
1132 302
1132 440
915 1841
915 777
915 1938
915 1417
915 1774
1841 1440
1841 677
1841 1852
1841 1220
1841 29
408 409
408 412
408 1184
408 1615
408 597
408 1217
408 1399
409 829
409 1293
646 1091
646 1440
646 1320
646 520
646 1493
646 922
1091 1501
1091 1864
1091 488
1091 1309
353 847
353 936
353 839
353 1923
1318 724
1318 1196
1318 1236
1318 630
382 1513
382 1933
382 964
382 1548
382 976
1741 223
1741 1592
1042 1507
1042 871
1042 1065
1042 775
1042 977
1507 1012
1507 1260
1507 133
1507 960
1507 1164
1507 401
1072 1967
1072 156
1072 1574
1179 1719
1179 1505
1179 152
1179 571
1719 1871
1719 248
1719 682
1719 532
1719 1956
1719 502
1719 650
1490 717
1490 572
1490 23
1490 297
1126 936
1126 829
1126 705
899 762
899 1309
899 932
899 1232
899 822
899 1402
1457 1722
1457 1050
1457 246
1457 1435
1457 784
1722 215
1722 792
1722 847
1722 1479
223 175
223 1291
223 1078
223 367
1137 1990
1137 378
1137 854
1137 106
1137 750
1990 88
1990 1202
1990 138
1005 629
1005 1737
1005 1903
1005 976
1005 148
1346 1470
1346 1582
1346 591
1346 10
1346 1678
116 158
116 154
116 60
49 1101
49 337
49 1773
1757 328
1757 182
1757 640
1757 1570
1631 220
1631 1995
1631 1957
1631 1871
1631 1607
1775 1415
1775 188
1775 1371
1775 135
1095 1198
1095 1277
1095 1880
1095 1852
1095 268
1198 486
1198 1074
1198 1452
1760 678
1760 937
1760 849
1760 238
1272 723
1272 85
1272 1786
1272 1000
158 1056
158 88
158 1164
381 1471
1883 448
1883 1442
1538 560
1538 1205
1538 140
1538 520
1527 1539
1527 684
1527 572
1527 644
1539 309
1539 264
1539 809
1539 283
1587 1427
1587 1967
1587 1669
441 51
441 271
1012 1742
1012 960
1012 411
1012 1408
780 1780
780 308
780 1739
780 1926
1551 941
1551 1533
936 1971
936 1448
936 1089
936 917
1971 846
1971 1868
1971 1068
1971 1657
1971 494
1971 1581
236 1377
236 133
236 930
1238 1435
1238 1448
1238 1913
684 1097
179 383
179 222
179 1724
179 302
179 711
179 654
179 1600
383 198
383 155
383 324
383 1394
475 1236
475 1860
475 994
475 88
475 704
1236 1150
1236 1618
1236 238
1236 1519
1 1335
1 303
1 1138
1 1069
1 1201
1 398
1335 914
1335 468
1335 1251
1335 731
208 733
208 473
208 1362
208 1600
208 151
208 23
733 966
733 1400
894 1521
894 40
894 402
894 1154
1521 1464
1521 1066
1521 669
1521 358
1521 568
196 809
196 805
196 467
809 78
809 1567
809 1176
809 1568
626 1678
1678 1184
1678 10
1678 1233
133 1737
133 923
133 663
133 1176
1406 1535
1406 1360
1406 1190
1406 182
1406 1992
1535 74
1535 674
1535 840
1535 1073
1535 1566
1535 440
1535 1644
1739 920
1739 434
1739 1412
786 1586
786 154
786 831
786 1563
1586 504
1586 358
1586 514
1586 1724
1586 326
238 1019
238 1784
238 411
238 1724
1150 1332
1150 0
1150 1605
682 1051
682 141
682 145
682 661
693 1432
693 101
693 1957
183 707
183 39
183 273
183 29
183 1415
183 1548
183 978
183 784
707 1442
707 1162
707 1133
707 750
668 1897
668 203
101 1000
101 1956
101 615
101 1350
1868 145
1868 139
1868 677
1868 779
663 1260
663 159
1451 1994
1451 1560
1451 1512
1451 1567
1451 1768
1451 1039
1994 1341
1994 657
1994 1311
1994 829
203 1573
203 584
203 911
203 1483
448 1304
448 726
448 1627
448 1877
1136 1919
1136 1543
1136 430
1136 12
1136 879
1136 754
1919 708
1919 432
1919 1077
1919 855
1919 1436
847 124
847 859
847 787
1156 584
1156 342
1156 250
1156 909
1944 1881
1944 812
1944 1413
1944 882
1944 285
1944 504
1944 557
860 971
860 1176
860 1548
860 723
560 934
560 1617
934 831
934 1544
934 706
934 715
934 689
155 1366
155 1130
155 940
155 850
155 1786
1654 1755
1654 1992
1654 810
1654 113
1654 1101
1755 892
1755 1524
1755 1699
664 964
664 171
664 1050
664 1953
664 90
664 1519
664 1483
964 1124
964 1615
964 645
964 1887
1581 852
1581 502
1581 420
1581 987
1581 1056
1581 1530
1581 1610
1933 1138
1933 985
1933 1362
1933 552
177 1240
177 1359
177 333
177 1937
177 399
177 967
529 750
529 442
529 1158
529 430
529 285
750 1073
750 1077
750 347
750 1588
644 1158
644 504
644 694
644 1210
644 468
1973 1566
1973 671
900 1506
900 897
900 1690
900 1716
1506 1642
1506 197
1277 1486
1277 1926
1277 1176
1277 1418
1277 293
1277 250
508 1669
508 1094
508 1479
508 503
508 1148
1669 263
1669 607
1669 879
1669 1452
602 1742
602 1949
602 388
602 923
602 694
602 1610
1742 914
1742 1352
1742 239
1742 507
1742 1395
916 340
916 305
916 1644
916 94
916 904
916 858
723 1242
723 331
723 828
1242 1570
1242 1427
1301 1791
1301 1697
1301 880
1301 152
1301 1665
1791 1866
1791 494
1791 812
1791 340
30 1813
30 1484
30 844
30 1259
30 1590
30 1223
147 678
147 124
147 659
147 1738
147 838
1098 132
1098 875
1098 467
1098 1152
1098 1129
1455 859
500 731
500 1221
500 765
1223 1548
1223 1471
1223 1515
1223 1164
1223 115
1223 294
1223 532
1548 1812
1548 331
468 442
468 953
468 407
468 570
468 1501
468 1907
337 1986
337 11
337 1818
337 302
597 372
597 402
597 1593
597 1064
863 1605
863 89
863 615
863 1069
863 1124
863 755
678 263
678 610
678 372
678 445
1079 1222
1079 1217
1079 1101
1079 140
1079 630
271 1545
271 1509
1545 1311
1545 285
1545 973
1545 1124
1545 657
370 1524
370 568
370 561
370 486
370 1644
370 188
1524 1870
1524 1784
1524 519
1524 1065
1942 867
1942 1157
1942 1309
1942 1865
1942 717
1942 878
220 1546
220 1909
220 1255
1546 1153
1546 827
1546 1867
1546 1978
1674 1869
1674 488
805 1566
805 671
805 904
805 1711
427 917
427 1701
427 557
427 1985
427 769
1617 1339
1617 1029
1617 1552
1617 770
1908 1568
1908 586
1908 1313
796 926
796 940
796 735
796 1481
796 1918
926 590
926 1362
926 591
926 1304
926 1941
926 1157
926 122
1558 422
1558 1162
1558 1516
1558 1297
1923 1768
1923 1162
1923 1029
1923 1350
1923 1501
662 770
662 1552
662 651
1800 1927
1800 878
1800 1207
1800 565
1800 1028
1800 1555
1800 1691
428 256
428 1122
428 1396
110 1119
110 1281
110 1270
110 1003
110 299
1119 828
1119 1122
1119 400
1119 1064
1119 969
976 650
976 833
976 558
568 1037
568 1907
1051 138
1051 1560
1051 1427
1366 1592
1366 1028
1366 140
323 29
323 532
323 922
323 146
323 1037
323 1259
323 629
1396 1133
1396 1953
1396 156
1396 1984
1794 197
1794 1403
1794 712
1794 102
1794 1601
1794 1054
1784 440
1784 1563
1784 922
0 1154
0 851
0 1665
333 1516
1452 1510
1452 1505
1452 1938
1510 263
1510 413
1510 1069
1510 1371
943 1089
943 1190
943 1184
943 611
1089 839
1089 457
1089 671
1089 650
941 1895
941 1865
941 1050
941 1801
941 51
1895 765
1895 1088
1895 324
1895 1078
293 1937
293 1113
1992 315
1992 1395
1992 953
1992 1170
1992 1221
920 1566
920 1159
920 1782
920 1584
920 1106
920 309
920 706
1566 1593
132 356
132 1874
132 1815
1925 415
1925 1670
1925 1129
1925 1810
1925 930
1925 1632
1925 1798
657 1949
657 932
657 669
1949 29
1949 347
1949 1339
1949 762
967 1260
967 1493
967 902
967 422
967 1153
1985 331
1985 534
1985 494
1985 1880
1356 297
1356 1115
1356 760
1356 1782
1356 1605
315 753
315 270
753 666
753 1951
753 1780
645 1753
645 477
645 770
645 575
1657 1953
1657 1222
1657 65
1102 1359
1102 654
1102 115
1102 1676
250 1416
250 151
250 716
1009 1041
1009 727
1009 270
1479 1852
1479 752
1479 154
838 1417
838 1144
838 917
838 1555
1417 74
1417 850
1417 1292
772 1291
772 1982
772 1880
772 264
772 1360
182 1564
182 1533
182 802
182 1256
1564 715
1564 135
1564 704
1564 1852
1564 755
398 1737
398 680
398 453
398 231
1737 1835
1737 1338
1737 1818
1737 1375
775 1858
593 1293
593 1268
593 1526
593 592
593 567
593 397
1382 215
1382 1836
1138 745
1138 1115
1190 374
1190 1673
1190 706
1190 735
1753 466
1753 197
1753 1752
1640 1130
1640 1600
1640 156
1640 294
1640 1984
1627 113
1627 1865
113 547
113 1731
113 1442
113 1603
784 669
784 1446
784 1124
833 715
833 210
833 972
833 985
40 486
40 913
40 11
40 1054
569 1203
569 1310
569 430
569 440
1144 1752
1144 400
1144 1332
231 1083
231 195
231 66
231 1632
769 1295
769 1378
165 1488
165 316
165 604
165 195
165 694
1488 1348
1488 175
1488 197
1488 169
1488 37
1488 1847
770 850
770 189
770 84
770 567
850 755
850 23
850 1580
1943 1309
1943 1561
1943 1202
1943 532
1943 547
1943 923
467 1752
1752 841
1752 118
1159 297
1159 768
1159 1435
1159 932
1159 1129
190 1067
1260 140
1980 973
1980 1378
1980 118
1980 422
1980 263
195 1418
1418 674
1418 787
1418 1673
1418 226
1418 1220
1869 1956
1869 1047
1869 754
1869 841
1869 651
1869 858
1956 897
1956 1593
1956 1290
1471 226
1471 1207
1471 356
1133 1341
1133 711
1133 1530
1133 1446
1341 1880
1341 1914
1341 4
1593 591
1593 1106
1826 86
1826 1157
1826 960
1826 1385
1826 849
1826 1056
1826 1892
983 1440
983 840
1616 604
1616 867
1616 787
1616 871
1926 432
1926 914
1926 168
1926 1389
4 1986
1986 1788
1986 1813
1986 1881
1986 84
1293 378
1293 230
1293 514
1293 858
1293 825
488 561
488 1313
1440 1769
1440 1887
1440 1378
1440 257
1440 1580
1440 1172
1440 914
1493 708
1941 1595
1941 1322
1941 430
1509 822
1509 953
169 1066
169 1495
169 1290
169 1385
169 1632
169 324
72 1083
72 1736
72 828
432 1058
432 1907
432 840
432 1077
1160 1880
1160 975
1160 1782
1160 610
1160 1330
724 1984
724 918
724 1311
1350 400
1350 1456
1350 651
1350 1059
449 972
449 1725
449 1592
449 1331
1177 1416
1177 875
1824 1486
1824 1333
1824 502
1824 1360
1824 70
74 859
74 1157
74 1802
74 1281
74 1313
326 328
326 1651
326 824
326 1484
1736 1978
1736 1491
704 1317
704 1762
704 777
704 1067
704 248
1317 1897
1317 1512
1317 1058
473 140
473 445
1078 1735
1078 1555
1240 1610
1240 1205
1240 1932
1937 1543
1937 1322
1937 1210
1154 1375
1154 1431
1154 846
1154 1379
797 677
797 1224
797 507
797 1662
797 1037
1207 1695
1207 106
1207 152
1695 1568
1695 1093
1695 1961
914 1432
914 1000
392 1864
392 1635
392 1045
392 1568
392 361
1864 1570
1864 1645
1864 910
923 1483
1338 194
1338 2
1338 1513
1338 630
148 931
148 1913
148 758
536 414
536 1168
536 767
536 247
601 1614
601 303
601 1094
601 1327
1408 1603
1408 1233
1533 66
1533 1431
1533 1255
1533 1339
503 760
503 904
503 931
503 1732
503 1500
503 1788
760 1588
760 953
222 787
222 1010
222 825
222 378
222 1297
222 1711
222 768
1580 1665
1580 1395
1580 1812
1904 1858
1904 1496
1904 1394
399 372
399 1877
779 1635
1339 1483
1339 1436
1339 1203
1483 414
1483 1961
1483 146
787 891
787 263
787 1637
1047 1204
1047 1375
1047 1615
67 1552
67 1164
67 1067
67 384
67 816
67 367
1073 1139
1073 1210
1073 1237
86 880
86 356
86 1394
519 892
519 1330
519 1799
519 829
11 1481
11 1592
11 937
1705 422
1705 1552
1705 215
1705 434
198 466
198 1281
198 1700
198 1308
825 1059
825 1431
1059 735
1059 1064
388 855
388 570
388 917
1676 171
1676 1798
1676 1825
273 470
273 457
273 1838
273 1728
758 592
758 1116
758 711
758 1456
758 851
758 1412
494 37
494 1184
168 859
168 1010
168 264
168 1129
372 1291
372 892
1995 802
1995 1484
1995 294
1995 592
650 1116
650 1054
650 902
1577 1762
1577 716
1577 1221
1577 305
1268 1495
1268 1505
1268 1352
572 407
572 328
572 1378
453 859
453 566
859 532
859 1292
859 145
859 1847
1582 252
1582 715
1582 1394
1582 891
466 1108
466 300
466 135
1835 1662
1835 106
828 1476
828 607
828 87
828 1093
768 1774
768 746
768 64
1774 122
1774 892
188 1537
188 1034
188 1403
188 1583
1537 855
1537 156
1386 1523
1386 1040
1386 765
1386 712
1386 1802
1386 1515
1523 1603
1523 1453
694 135
694 1065
694 1810
669 1308
669 917
669 1544
669 332
669 422
266 1065
266 28
266 565
266 1499
266 1359
1065 867
1065 122
1065 175
1083 1114
1083 1143
1083 1088
1083 1685
1114 247
1114 122
1114 294
1432 1700
1432 643
1513 1697
1854 1692
1854 1813
1854 1635
1854 59
1854 23
587 1330
587 635
587 124
587 1773
1372 139
1372 1359
1372 1951
37 215
37 1559
37 1121
37 1745
215 680
215 953
303 1459
303 1749
1191 1697
1191 85
1191 1798
1191 1978
1191 952
1697 1812
1697 1295
1701 1957
1701 1519
361 911
361 1352
361 1130
911 1389
911 65
911 1887
911 1041
1693 878
1693 929
1693 1193
1693 60
1693 839
1693 1220
59 1700
59 1152
59 1573
59 1281
59 1077
1700 1914
1700 1431
1700 1932
1385 507
1385 689
1385 904
39 520
39 689
689 1037
689 1202
1932 111
1932 141
1932 1244
1932 1415
459 1400
459 975
459 89
1400 378
1400 374
1400 1836
1400 1769
1400 1866
1412 1651
1412 1290
1412 1892
1651 1057
1651 1892
1651 347
1157 1101
1157 1476
1094 659
1094 1590
1121 636
1121 1610
1121 1614
1397 1909
1397 1847
1690 1040
592 1724
592 1691
592 858
592 1584
592 305
1220 1152
1220 1309
1220 552
1220 973
1918 1060
1918 681
1918 643
210 1068
210 629
210 802
210 1413
210 1000
268 1267
268 262
268 415
1074 1416
1074 1499
1074 705
1074 283
1074 336
1416 122
1164 1290
1164 175
1164 1598
1164 1362
1290 822
1290 1584
1389 1331
1389 1097
1389 1699
1389 12
1614 402
1724 1453
1724 1311
1573 1903
1573 1392
1573 1295
1903 812
1903 1961
1903 1251
1903 1495
762 1259
762 766
762 90
762 765
762 561
1259 1860
1259 1271
1108 89
1108 1204
1108 1590
1041 1027
1041 1874
1788 658
1788 727
1788 745
981 139
981 892
981 1670
981 65
1019 60
1019 1476
1019 566
961 591
961 1331
961 1499
961 845
961 256
961 263
1735 442
1735 880
1735 1348
1022 643
1022 1415
1022 1311
661 584
661 1665
661 878
661 1607
397 532
397 117
397 1052
397 1799
1251 1670
89 845
1953 558
1953 918
1953 239
285 901
285 425
486 1379
1395 774
1395 643
1068 1453
1068 1559
1068 875
1453 846
1515 124
1515 520
1515 1459
777 1832
777 309
777 1377
777 567
1832 659
1832 1255
1832 1496
1832 1409
1832 1607
1184 621
1184 194
1184 567
1184 28
1858 1560
1858 977
70 922
566 902
566 1066
566 1310
566 1603
902 680
902 256
902 1867
902 1143
1399 1637
1399 28
1399 1097
1399 1543
1115 1495
1115 1224
1115 189
1115 840
1495 51
1495 1270
604 642
604 802
604 283
604 851
674 118
674 1610
674 824
1124 1295
1124 1500
1124 88
1124 1725
1124 1244
1295 571
1295 1309
457 194
457 1392
457 224
636 978
85 1880
85 1278
1291 966
1291 454
1291 1738
1291 156
1738 925
1738 1501
711 1881
199 1148
199 336
199 308
1148 643
1148 642
1148 1369
1148 1202
1148 816
1402 717
1402 1731
1402 1394
1222 1892
1222 867
1222 897
1222 502
1892 1158
1892 1802
878 1217
878 264
1139 88
1139 145
1139 124
1139 1957
1773 1874
1407 1152
1407 1847
1407 1476
1407 1064
246 1563
246 929
246 1579
246 1348
246 65
882 558
1731 1352
1691 1881
969 102
969 1330
1270 731
794 977
794 302
794 938
794 937
571 1662
571 1798
571 1322
571 1392
571 960
571 1162
1662 1957
1786 1563
84 1592
84 1281
567 1818
1039 1745
1039 401
1116 754
1116 1170
1116 543
1116 879
1116 340
1116 844
300 1799
402 752
402 840
402 640
897 384
897 552
897 810
1052 1588
1052 751
1052 1202
1588 852
1588 1877
688 879
688 294
688 1348
688 1377
688 117
688 940
879 629
879 821
1574 1762
1574 1583
442 469
442 102
299 1196
299 1446
299 1288
1196 1331
1196 1352
1196 141
316 1093
316 282
316 1058
1308 1592
1308 1590
1308 1559
1308 230
1308 1193
1308 1874
139 305
139 434
139 1203
139 1027
305 994
305 152
305 1193
659 543
659 122
659 1728
659 1204
659 1413
1860 855
1860 454
1860 422
1456 1491
1456 822
812 871
504 938
504 1353
504 752
754 1769
754 880
754 845
401 1304
401 111
401 1699
401 1392
1304 975
297 1375
1145 407
1145 978
1145 263
1415 1745
1415 952
1745 557
1745 792
1745 154
1745 1027
469 2
469 867
469 64
469 765
413 29
413 1162
1034 1499
1034 1221
1034 282
1768 1601
1561 1486
1561 332
1561 822
1561 1368
477 1435
477 60
477 610
1813 1093
1813 792
1881 374
1881 1130
966 470
966 422
966 1093
1267 1054
1267 1153
420 520
420 1360
822 925
1512 726
78 1143
78 938
78 1815
78 1728
78 440
384 940
1865 358
125 1271
125 302
125 262
1271 1799
1271 1353
1271 1692
1271 378
1271 260
1271 1838
654 731
654 260
1762 264
1978 1330
712 821
712 1409
712 374
712 328
532 1670
532 1060
151 415
415 454
1247 1093
821 1176
821 1377
821 1874
1176 590
1010 677
1010 1565
1010 1501
1010 1000
1040 445
51 1496
1699 260
1699 194
356 425
356 1394
972 1109
972 1448
445 1235
445 1109
445 440
1235 1836
1235 1812
558 1732
558 851
558 414
189 1109
189 1172
189 1810
189 1526
520 1106
917 145
1505 552
138 154
138 937
138 766
407 910
407 117
1348 1496
1348 130
1427 1938
1427 1692
1427 1057
1427 1867
1938 973
1938 715
1938 257
1938 65
1563 745
1563 1543
1955 1897
1955 717
1955 434
1601 893
400 1436
400 726
400 1377
940 1333
1685 840
1685 611
1685 937
610 1836
282 247
282 1815
282 1281
909 1802
909 1579
1802 816
1799 611
1799 543
264 336
264 1244
336 430
336 727
336 194
745 1322
1322 1204
1278 677
1278 1320
1278 1409
1278 1168
1278 767
1967 1870
1202 411
1202 1431
1709 1725
115 985
115 827
985 575
985 1782
374 824
374 1162
731 1961
122 730
470 252
470 411
470 774
470 1782
1292 1635
1292 1749
140 774
1798 849
1798 1069
1798 1605
1951 283
1951 66
1951 790
1951 1645
586 1368
586 929
586 1711
621 270
2 744
2 1499
2 1378
880 90
1310 1632
1310 1067
1310 1442
1825 412
1825 262
1403 1615
1403 260
1403 629
171 257
171 1847
171 1584
1375 347
1375 1607
766 1584
766 152
1331 434
1331 715
332 1579
332 1642
332 256
332 106
1579 910
1725 671
1725 308
584 328
584 94
342 1600
1143 1333
1143 1028
1327 1088
1327 118
1710 1359
1710 1711
1716 1670
1716 257
1193 1880
1409 1500
1409 1067
1409 1093
1409 1464
1409 1129
1500 507
1500 1170
1893 827
1893 931
1439 816
1439 440
1209 454
1209 1237
1598 557
1448 1957
1448 727
978 111
978 1170
855 1670
855 141
247 145
1056 716
1056 607
1056 1131
1056 1728
230 1131
230 841
230 1769
1131 1205
263 774
534 871
534 156
534 840
534 846
871 1435
871 149
1749 1109
1749 1413
410 213
1812 987
1812 1913
1909 324
1491 846
1013 1297
106 1153
87 1050
87 952
87 763
1050 1673
1320 977
1064 358
1064 975
29 1352
891 1870
891 893
124 1368
1530 1526
1530 774
1530 270
1984 1584
1360 1836
1360 1430
1037 1256
1037 858
1037 1311
1037 1057
953 1153
1807 852
1436 1045
1436 640
1436 767
765 60
1544 1880
1544 1362
1544 1058
1544 715
1887 502
1560 260
1560 66
1560 716
1560 1003
851 1170
851 1568
1847 430
1847 1801
1847 755
1847 1605
973 858
973 557
973 1644
973 1867
1352 1201
755 680
755 767
1435 145
194 1431
910 1838
910 1210
925 590
925 1369
565 1210
1109 1711
412 1152
412 1255
1927 1003
1927 1644
213 1158
213 1122
213 454
1158 378
1732 708
1732 1297
1732 226
746 591
746 918
746 1153
159 324
159 829
159 1852
324 1810
1552 1333
1552 1201
790 1605
790 629
1871 1379
1871 913
643 802
810 1172
810 1957
810 1519
1058 378
1058 1728
1058 718
1058 1516
175 552
816 744
816 913
507 1499
507 929
1907 1003
552 1029
552 824
824 1568
824 1168
591 287
844 1852
844 642
706 167
557 312
270 994
270 1371
270 658
270 1153
994 1780
994 858
590 987
590 607
1607 309
1607 635
677 744
677 1501
1113 1801
1113 1122
1113 256
1237 1288
1237 1874
744 977
744 1045
744 987
922 239
1170 1362
1170 681
730 66
730 1297
1645 938
1377 642
1377 1069
1496 971
893 1567
893 1673
197 1600
1600 309
1567 1852
1567 1129
1567 1584
260 1590
149 287
1057 1203
1866 630
1866 929
1866 792
615 681
615 94
90 751
378 975
514 1430
1769 152
1769 1028
146 248
1590 167
1499 1003
414 1379
414 803
414 735
1379 312
867 257
1632 1413
440 1481
440 1204
41 1565
41 651
41 130
1333 1028
1446 425
1484 930
1484 1481
751 718
751 252
1172 308
1172 846
1172 1392
1371 1673
1371 1442
1371 1224
287 845
287 1003
931 971
931 66
1615 331
1615 141
308 1162
1637 64
971 852
1501 256
1442 331
1836 1673
852 803
852 1852
252 1152
28 1610
434 767
434 1054
434 156
425 635
932 1486
932 918
932 726
1486 913
502 1584
502 248
1256 987
1256 1062
1870 302
1232 1570
302 141
1595 1570
575 1062
575 156
1217 1610
1217 570
1152 1244
224 1029
224 1003
1957 1062
1255 135
1526 1224
1526 1106
726 226
726 135
1392 294
1392 735
1054 1378
1288 767
1369 1565
803 671
803 716
803 65
570 1060
570 792
1060 347
1810 1224
135 1203
1028 752
1028 1201
1168 1464
248 1106
248 239
248 1088
1097 454
960 1519
1464 841
12 1066
145 640
1066 141
1413 987
65 1430
1692 681
977 841
913 1570
1570 1029
1362 1088
1801 1106
841 460
1568 1913
792 1088
875 1644
561 1353
858 283
1330 1204
