1000 5000
545 706
545 611
545 285
545 374
545 608
545 717
545 797
545 346
545 983
545 937
706 735
706 800
706 263
706 191
706 960
706 13
706 604
706 670
706 159
247 740
247 331
247 286
247 309
247 716
247 341
247 151
247 753
247 463
247 446
740 523
740 548
740 349
740 412
740 265
740 739
740 93
740 942
740 69
142 714
142 919
142 699
142 924
142 570
142 967
142 532
142 638
142 502
142 239
714 647
714 626
714 488
714 461
714 880
714 69
714 514
714 113
714 460
822 962
822 271
822 783
822 294
822 623
822 635
822 531
822 486
822 158
822 658
962 483
962 50
962 705
962 492
962 469
962 925
962 457
962 637
962 285
34 294
34 549
34 775
34 430
34 971
34 646
34 375
34 182
34 306
34 87
294 943
294 430
294 217
294 932
294 243
294 148
294 559
294 708
473 607
473 471
473 341
473 596
473 538
473 744
473 860
473 583
473 676
473 27
607 63
607 845
607 955
607 610
607 956
607 754
607 101
607 513
607 161
8 63
8 277
8 752
8 40
8 838
8 981
8 857
8 416
8 858
8 893
63 61
63 747
63 687
63 382
63 778
63 191
63 173
63 154
138 686
138 338
138 579
138 792
138 393
138 474
138 47
138 605
138 24
138 602
686 656
686 342
686 985
686 347
686 132
686 227
686 172
686 779
686 900
30 287
30 823
30 963
30 167
30 641
30 910
30 603
30 542
30 796
30 679
287 328
287 694
287 196
287 240
287 736
287 673
287 73
287 889
287 44
819 963
819 96
819 847
819 852
819 514
819 29
819 413
819 439
819 47
819 555
963 553
963 268
963 601
963 304
963 563
963 392
963 173
963 835
397 520
397 88
397 208
397 738
397 685
397 697
397 356
397 455
397 277
397 90
520 178
520 309
520 758
520 592
520 500
520 228
520 866
520 971
520 484
197 955
197 28
197 91
197 591
197 125
197 866
197 838
197 567
197 651
197 459
955 827
955 546
955 899
955 631
955 766
955 729
955 313
955 131
551 604
551 527
551 624
551 275
551 712
551 199
551 321
551 648
551 102
551 810
604 268
604 405
604 223
604 482
604 78
604 404
604 988
604 440
399 403
399 2
399 985
399 317
399 832
399 253
399 206
399 11
399 783
399 857
403 385
403 728
403 354
403 683
403 573
403 865
403 242
403 676
403 921
291 314
291 111
291 709
291 455
291 552
291 585
291 976
291 43
291 276
291 336
314 865
314 232
314 263
314 117
314 427
314 625
314 887
314 901
314 621
254 761
254 599
254 148
254 44
254 881
254 960
254 592
254 672
254 324
254 826
761 720
761 904
761 993
761 534
761 140
761 902
761 620
761 162
761 234
256 829
256 23
256 840
256 852
256 525
256 421
256 892
256 73
256 939
256 440
829 92
829 3
829 218
829 588
829 984
829 131
829 68
829 331
829 768
456 913
456 168
456 880
456 853
456 712
456 504
456 350
456 733
456 354
456 488
913 525
913 661
913 121
913 185
913 229
913 252
913 886
913 778
913 920
844 969
844 776
844 782
844 199
844 956
844 468
844 386
844 922
844 156
844 845
969 666
969 911
969 555
969 505
969 514
969 80
969 186
969 939
969 14
78 86
78 638
78 111
78 394
78 743
78 824
78 939
78 771
78 837
86 510
86 613
86 346
86 810
86 453
86 625
86 177
86 426
86 239
540 600
540 195
540 413
540 359
540 248
540 470
540 422
540 852
540 745
540 324
600 192
600 973
600 576
600 346
600 300
600 22
600 275
600 96
600 194
6 654
6 451
6 895
6 491
6 636
6 351
6 924
6 163
6 157
6 987
654 332
654 671
654 731
654 500
654 191
654 286
654 211
654 692
654 49
721 817
721 906
721 18
721 971
721 428
721 944
721 886
721 187
721 612
721 3
817 920
817 619
817 191
817 669
817 40
817 228
817 425
817 215
817 675
278 995
278 155
278 123
278 730
278 528
278 504
278 182
278 870
278 889
278 272
995 43
995 56
995 880
995 919
995 422
995 179
995 852
995 710
995 442
304 362
304 961
304 892
304 385
304 289
304 793
304 678
304 881
304 123
362 597
362 59
362 358
362 807
362 203
362 98
362 779
362 161
362 331
341 672
341 699
341 305
341 421
341 851
341 930
341 354
341 2
672 301
672 751
672 346
672 440
672 56
672 906
672 543
672 747
710 934
710 267
710 695
710 765
710 303
710 689
710 865
710 238
710 21
934 990
934 51
934 707
934 368
934 918
934 652
934 357
934 418
934 889
12 909
12 424
12 575
12 499
12 805
12 780
12 767
12 103
12 897
12 715
909 59
909 544
909 413
909 949
909 141
909 919
909 11
909 350
909 39
553 1
553 920
553 609
553 407
553 838
553 930
553 312
553 232
553 282
113 415
113 130
113 469
113 904
113 532
113 49
113 258
113 451
113 821
415 848
415 116
415 870
415 680
415 587
415 67
415 707
415 770
415 129
76 88
76 853
76 62
76 467
76 319
76 609
76 390
76 919
76 419
76 342
88 463
88 705
88 742
88 394
88 510
88 233
88 475
88 972
459 759
459 637
459 319
459 511
459 972
459 350
459 886
459 475
459 349
759 783
759 454
759 423
759 534
759 979
759 477
759 873
759 791
759 807
25 384
25 983
25 110
25 329
25 563
25 641
25 388
25 747
25 272
25 647
384 717
384 490
384 588
384 175
384 165
384 574
384 685
384 458
384 259
501 938
501 136
501 946
501 193
501 20
501 418
501 330
501 396
501 640
501 595
938 32
938 495
938 461
938 594
938 101
938 239
938 666
938 821
938 663
245 741
245 750
245 441
245 887
245 606
245 190
245 482
245 910
245 548
245 312
741 781
741 169
741 932
741 875
741 557
741 922
741 7
741 11
741 703
407 911
407 869
407 539
407 993
407 662
407 379
407 707
407 127
407 161
911 52
911 623
911 502
911 161
911 723
911 133
911 178
911 731
283 389
283 905
283 418
283 489
283 20
283 697
283 240
283 380
283 749
283 542
389 515
389 494
389 673
389 943
389 541
389 130
389 764
389 918
389 630
339 813
339 515
339 893
339 313
339 581
339 675
339 944
339 996
339 400
339 800
813 836
813 503
813 764
813 631
813 772
813 175
813 667
813 613
813 29
178 866
178 290
178 927
178 738
178 917
178 585
178 382
178 833
919 61
919 570
919 712
919 921
919 947
919 552
853 734
853 110
853 976
853 363
853 949
853 167
853 972
853 381
370 941
370 199
370 836
370 64
370 288
370 521
370 890
370 560
370 811
370 949
941 139
941 383
941 237
941 364
941 643
941 918
941 628
941 898
941 744
495 877
495 443
495 828
495 55
495 735
495 248
495 398
495 261
495 315
877 572
877 56
877 489
877 9
877 221
877 194
877 679
877 326
877 596
331 964
331 605
331 9
331 587
331 188
331 477
331 322
964 224
964 876
964 79
964 248
964 642
964 559
964 184
964 284
964 547
629 762
629 946
629 918
629 626
629 371
629 114
629 747
629 616
629 145
629 292
762 570
762 584
762 791
762 438
762 332
762 804
762 372
762 327
762 769
776 855
776 80
776 550
776 644
776 992
776 323
776 918
776 542
776 361
855 439
855 257
855 533
855 202
855 867
855 701
855 862
855 521
855 738
248 497
248 546
248 305
248 788
248 244
248 667
248 633
497 590
497 805
497 318
497 77
497 372
497 333
497 39
497 42
497 565
874 912
874 457
874 869
874 242
874 289
874 897
874 409
874 563
874 482
874 785
912 974
912 303
912 945
912 228
912 472
912 405
912 711
912 119
912 400
735 903
735 432
735 50
735 499
735 91
735 343
735 357
735 176
121 979
121 223
121 426
121 151
121 610
121 906
121 299
121 647
121 96
979 391
979 390
979 319
979 702
979 388
979 516
979 773
979 898
451 692
451 447
451 676
451 747
451 261
451 671
451 879
451 834
692 833
692 466
692 578
692 150
692 382
692 89
692 765
692 793
211 849
211 632
211 9
211 679
211 257
211 394
211 615
211 94
211 391
849 991
849 872
849 310
849 641
849 958
849 901
849 295
849 738
849 115
469 547
469 711
469 413
469 658
469 656
469 662
469 582
469 620
547 840
547 687
547 482
547 796
547 260
547 867
547 851
547 669
694 910
694 90
694 952
694 542
694 135
694 489
694 328
694 151
694 700
910 72
910 427
910 647
910 320
910 125
910 586
910 56
678 980
678 904
678 13
678 805
678 386
678 808
678 293
678 187
678 54
980 443
980 652
980 488
980 413
980 333
980 275
980 141
980 130
980 500
35 437
35 771
35 606
35 890
35 471
35 323
35 489
35 650
35 27
35 62
437 698
437 253
437 620
437 392
437 989
437 118
437 804
437 426
437 917
383 493
383 505
383 486
383 423
383 452
383 141
383 104
383 273
383 522
493 276
493 626
493 549
493 96
493 846
493 956
493 100
493 650
493 103
3 614
3 50
3 53
3 16
3 416
3 116
3 270
3 734
614 106
614 46
614 240
614 483
614 116
614 970
614 250
614 416
614 645
334 814
334 376
334 886
334 742
334 372
334 494
334 448
334 33
334 593
334 102
814 315
814 378
814 360
814 201
814 80
814 977
814 888
814 174
814 787
650 858
650 514
650 217
650 151
650 561
650 345
650 225
650 542
858 903
858 900
858 536
858 820
858 184
858 136
858 200
858 91
405 625
405 376
405 595
405 660
405 207
405 132
405 711
405 809
625 852
625 54
625 471
625 824
625 387
625 800
625 282
83 618
83 71
83 411
83 768
83 506
83 66
83 573
83 787
83 561
83 100
618 927
618 14
618 671
618 837
618 436
618 231
618 345
618 277
618 635
376 224
376 701
376 159
376 189
376 270
376 122
376 215
376 807
265 729
265 480
265 809
265 837
265 393
265 188
265 930
265 381
265 28
729 851
729 226
729 717
729 850
729 292
729 929
729 167
729 787
677 713
677 396
677 326
677 368
677 560
677 21
677 698
677 453
677 486
677 935
713 954
713 147
713 930
713 737
713 234
713 428
713 242
713 837
713 133
307 959
307 222
307 992
307 758
307 646
307 184
307 354
307 631
307 44
307 583
959 94
959 527
959 400
959 235
959 279
959 601
959 170
959 435
959 453
72 71
72 807
72 826
72 166
72 688
72 498
72 651
72 715
72 348
110 511
110 242
110 977
110 663
110 273
110 929
110 784
110 857
511 782
511 768
511 426
511 839
511 790
511 228
511 666
511 859
199 527
199 944
199 766
199 796
199 264
199 92
199 801
527 217
527 605
527 652
527 371
527 606
527 684
527 816
274 281
274 512
274 598
274 751
274 24
274 720
274 401
274 136
274 74
274 137
281 182
281 251
281 420
281 447
281 727
281 168
281 973
281 744
281 184
129 140
129 481
129 832
129 130
129 149
129 338
129 420
129 106
129 895
140 704
140 683
140 998
140 745
140 79
140 422
140 599
140 550
149 790
149 787
149 24
149 508
149 881
149 16
149 124
149 52
149 659
790 166
790 651
790 204
790 935
790 192
790 203
790 447
790 718
793 882
793 891
793 576
793 47
793 452
793 193
793 875
793 624
882 789
882 467
882 475
882 953
882 66
882 365
882 261
882 563
882 617
185 479
185 605
185 23
185 642
185 412
185 491
185 235
185 597
185 14
479 32
479 271
479 971
479 509
479 992
479 633
479 940
479 99
479 826
61 879
61 395
61 680
61 232
61 82
61 147
61 572
61 825
836 550
836 530
836 184
836 825
836 286
836 903
836 46
836 320
544 658
544 223
544 914
544 668
544 246
544 675
544 352
544 968
544 81
658 591
658 704
658 387
658 454
658 246
658 789
658 990
687 991
687 44
687 712
687 998
687 880
687 530
687 805
687 100
991 487
991 936
991 386
991 878
991 975
991 716
991 401
991 574
632 202
632 157
632 57
632 108
632 967
632 794
632 106
632 581
632 788
377 506
377 682
377 734
377 11
377 848
377 989
377 306
377 659
377 516
377 950
506 824
506 337
506 879
506 782
506 833
506 182
506 161
506 24
386 468
386 886
386 476
386 196
386 577
386 940
386 580
468 308
468 171
468 250
468 313
468 293
468 427
468 40
468 426
235 315
235 202
235 123
235 350
235 862
235 29
235 988
235 812
315 379
315 732
315 266
315 92
315 556
315 181
315 655
487 107
487 840
487 447
487 277
487 219
487 146
487 723
487 637
487 539
2 42
2 648
2 81
2 904
2 508
2 711
2 297
2 797
148 933
148 861
148 914
148 222
148 375
148 202
148 92
148 690
933 801
933 745
933 434
933 325
933 549
933 537
933 120
933 689
933 709
760 799
760 201
760 463
760 224
760 564
760 477
760 866
760 333
760 471
760 718
799 279
799 488
799 416
799 856
799 601
799 831
799 924
799 176
799 494
750 225
750 179
750 95
750 609
750 981
750 795
750 111
750 257
750 280
480 292
480 106
480 39
480 318
480 689
480 404
480 832
480 664
480 120
611 970
611 915
611 373
611 818
611 496
611 404
611 226
611 582
611 198
213 981
213 705
213 786
213 311
213 783
213 336
213 66
213 119
213 85
213 440
981 401
981 221
981 675
981 284
981 175
981 702
981 521
700 924
700 99
700 300
700 126
700 690
700 53
700 516
700 474
700 250
924 356
924 612
924 227
924 937
924 375
924 24
311 893
311 723
311 588
311 824
311 727
311 796
311 231
311 450
311 419
893 441
893 443
893 546
893 643
893 175
893 965
893 212
637 535
637 627
637 143
637 145
637 179
637 369
637 11
354 663
354 355
354 467
354 914
354 894
354 594
663 514
663 312
663 205
663 228
663 704
663 361
663 85
406 531
406 722
406 108
406 464
406 485
406 685
406 427
406 977
406 227
406 242
531 203
531 736
531 13
531 795
531 592
531 393
531 870
531 673
282 613
282 395
282 332
282 948
282 796
282 880
282 160
282 843
613 891
613 285
613 464
613 556
613 932
613 168
613 33
134 514
134 16
134 114
134 37
134 943
134 639
134 845
134 781
134 269
134 17
514 528
514 535
514 868
514 45
599 943
599 219
599 46
599 775
599 796
599 920
599 508
599 228
943 263
943 486
943 128
943 667
943 558
943 69
177 922
177 798
177 122
177 135
177 519
177 693
177 648
177 385
177 903
922 228
922 727
922 251
922 112
922 89
922 329
922 323
470 572
470 73
470 225
470 745
470 892
470 516
470 127
470 58
470 784
572 337
572 644
572 394
572 122
572 232
572 895
572 783
52 457
52 577
52 550
52 371
52 103
52 593
52 388
52 439
638 659
638 533
638 298
638 425
638 726
638 187
638 617
638 66
659 543
659 188
659 433
659 723
659 894
659 251
659 391
765 974
765 99
765 292
765 46
765 352
765 237
765 337
765 498
974 937
974 460
974 295
974 944
974 272
974 871
974 583
974 743
623 380
623 535
623 841
623 603
623 360
623 374
623 771
623 667
73 243
73 343
73 321
73 295
73 533
73 581
73 886
243 441
243 691
243 660
243 852
243 789
243 585
243 483
243 150
533 850
533 380
533 823
533 626
533 457
533 96
533 352
850 433
850 89
850 180
850 478
850 200
850 802
850 290
850 592
276 499
276 906
276 429
276 369
276 408
276 196
276 123
276 440
570 577
570 529
570 673
570 322
570 586
570 764
570 541
633 907
633 723
633 953
633 301
633 478
633 646
633 20
633 496
907 854
907 318
907 343
907 37
907 103
907 223
907 33
907 18
907 871
43 708
43 100
43 554
43 744
43 737
43 839
43 33
43 644
708 684
708 103
708 872
708 574
708 26
708 279
708 954
708 631
333 930
333 99
333 263
333 70
333 505
333 730
333 489
930 471
930 358
930 45
930 458
930 157
45 216
45 905
45 591
45 373
45 523
45 884
45 585
45 244
216 136
216 226
216 554
216 144
216 563
216 67
216 105
216 705
216 821
209 732
209 462
209 788
209 68
209 523
209 516
209 205
209 432
209 856
209 201
732 971
732 226
732 803
732 705
732 332
732 671
732 464
732 356
223 165
223 679
223 462
223 537
223 87
223 455
851 647
851 37
851 878
851 445
851 293
851 302
851 313
343 616
343 519
343 789
343 5
343 521
343 391
343 953
616 60
616 218
616 466
616 603
616 44
616 137
616 353
616 369
234 748
234 885
234 21
234 656
234 742
234 657
234 643
234 773
748 62
748 84
748 806
748 360
748 584
748 356
748 680
748 917
748 804
344 954
344 176
344 262
344 861
344 652
344 667
344 432
344 595
344 808
344 449
954 684
954 222
954 861
954 126
954 20
954 59
954 132
704 297
704 683
704 162
704 85
704 423
704 756
704 44
537 717
537 679
537 273
537 494
537 986
537 189
537 985
537 718
717 800
717 448
717 950
717 57
717 612
717 504
886 233
886 828
886 46
886 997
166 258
166 887
166 835
166 128
166 560
166 808
166 522
166 198
258 812
258 24
258 189
258 846
258 31
258 839
258 277
258 224
891 98
891 322
891 747
891 104
891 832
891 661
891 539
891 490
207 466
207 240
207 797
207 236
207 266
207 696
207 839
207 453
207 132
466 69
466 771
466 267
466 518
466 608
466 975
466 843
226 418
226 825
226 928
226 648
226 130
226 865
418 921
418 465
418 795
418 895
418 32
418 827
594 998
594 652
594 490
594 423
594 440
594 548
594 16
594 14
998 212
998 488
998 431
998 904
998 297
998 756
998 827
361 774
361 32
361 502
361 807
361 673
361 916
361 21
361 478
774 564
774 528
774 160
774 513
774 143
774 19
774 942
774 101
774 296
323 516
323 54
323 424
323 101
323 635
323 174
323 224
516 137
516 525
516 541
516 684
267 436
267 606
267 190
267 22
267 353
267 657
267 173
267 255
219 250
219 841
219 503
219 74
219 452
219 299
219 972
219 529
698 510
698 251
698 229
698 147
698 818
698 726
698 876
698 275
609 857
609 988
609 227
609 512
609 862
609 292
609 763
857 434
857 289
857 752
857 392
857 895
857 593
699 788
699 901
699 915
699 798
699 381
699 669
699 588
699 190
788 833
788 224
788 754
788 395
788 193
788 89
388 517
388 264
388 367
388 574
388 98
388 477
388 552
517 55
517 318
517 103
517 91
517 505
517 173
517 504
517 413
517 419
196 976
196 580
196 953
196 58
196 707
196 755
196 340
976 444
976 571
976 724
976 263
976 842
976 313
976 301
840 101
840 846
840 956
840 583
840 51
840 284
840 812
901 338
901 978
901 316
901 125
901 610
901 884
901 971
222 206
222 985
222 220
222 786
222 132
222 958
222 667
22 828
22 17
22 915
22 630
22 271
22 316
22 431
22 884
828 688
828 655
828 1
828 779
828 661
828 602
828 151
879 581
879 57
879 510
879 680
879 960
879 525
879 990
240 743
240 823
240 417
240 927
240 665
240 346
155 238
155 771
155 620
155 263
155 144
155 116
155 843
155 951
155 499
139 697
139 783
139 329
139 513
139 189
139 935
139 214
139 131
139 421
682 330
682 483
682 639
682 426
682 664
682 556
682 55
682 168
682 447
426 725
426 787
426 649
426 325
117 519
117 162
117 782
117 51
117 914
117 239
117 867
117 328
117 202
519 683
519 272
519 767
519 932
519 390
519 578
519 21
752 805
752 465
752 255
752 257
752 60
752 371
752 668
752 680
805 318
805 154
805 146
805 351
805 967
328 367
328 525
328 472
328 181
328 968
328 259
328 230
734 336
734 24
734 179
734 631
734 622
734 862
734 257
145 220
145 355
145 742
145 443
145 592
145 11
145 329
145 730
220 602
220 432
220 55
220 186
220 101
220 284
220 355
220 39
271 436
271 4
271 299
271 363
271 421
271 359
271 367
436 983
436 722
436 255
436 615
436 10
436 798
436 564
107 937
107 329
107 782
107 679
107 455
107 685
107 198
107 373
107 448
224 253
224 81
224 781
224 772
461 581
461 15
461 503
461 816
461 464
461 306
461 251
461 430
581 589
581 577
581 176
581 503
581 900
781 651
781 128
781 657
781 725
781 624
781 0
781 518
395 347
395 628
395 993
395 439
395 746
395 952
395 355
135 900
135 702
135 298
135 56
135 108
135 414
135 830
135 70
900 987
900 621
900 490
900 62
900 709
900 768
707 968
707 250
707 96
707 525
707 180
707 176
968 173
968 528
968 169
968 631
968 965
968 671
968 232
33 60
33 863
33 945
33 758
33 95
33 280
60 214
60 62
60 951
60 510
60 973
60 977
60 999
452 792
452 277
452 635
452 582
452 691
452 474
452 854
792 184
792 474
792 322
792 428
792 649
792 112
792 747
792 330
503 794
503 775
503 353
503 241
503 477
503 264
794 916
794 306
794 906
794 165
794 20
794 541
794 534
794 881
683 40
683 156
683 837
683 936
683 164
683 172
146 373
146 365
146 967
146 993
146 190
146 157
146 866
146 997
373 571
373 823
373 71
373 927
373 812
373 181
622 803
622 47
622 448
622 755
622 59
622 745
622 589
622 753
622 409
803 200
803 193
803 589
803 369
803 994
803 179
803 62
803 203
131 869
131 221
131 815
131 489
131 956
131 114
131 839
869 997
869 190
869 939
869 562
869 749
869 769
869 905
246 642
246 195
246 562
246 261
246 989
246 920
246 756
246 530
642 651
642 864
642 498
642 390
642 352
642 812
642 766
122 916
122 757
122 176
122 305
122 656
122 568
122 579
916 120
916 161
916 652
916 141
916 500
916 785
916 301
937 786
937 357
937 558
937 97
937 888
937 833
416 728
416 619
416 338
416 120
416 689
416 824
728 705
728 608
728 896
728 786
728 617
728 935
728 703
728 559
324 996
324 864
324 180
324 696
324 269
324 620
324 825
324 425
996 565
996 119
996 102
996 578
996 561
996 336
996 645
996 889
475 624
475 432
475 420
475 82
475 558
475 719
475 670
624 984
624 363
624 230
624 75
624 507
624 330
797 889
797 826
797 100
797 835
797 412
797 31
797 169
355 443
355 229
355 662
355 420
355 143
355 85
7 351
7 601
7 360
7 620
7 841
7 965
7 982
7 214
7 950
351 835
351 183
351 598
351 260
351 536
351 93
351 515
157 217
157 114
157 515
157 583
157 652
157 172
217 16
217 715
217 319
217 854
217 861
217 165
359 445
359 208
359 100
359 522
359 568
359 114
359 534
359 299
445 693
445 575
445 578
445 488
445 93
445 37
445 751
445 75
948 987
948 766
948 59
948 736
948 158
948 467
948 862
948 1
948 123
987 458
987 796
987 725
987 123
987 128
987 202
987 630
273 338
273 590
273 275
273 413
273 231
273 696
273 550
338 147
338 782
338 538
338 143
338 231
720 806
720 601
720 628
720 156
720 587
720 301
720 481
720 731
806 852
806 404
806 703
806 908
806 408
806 87
806 231
806 342
605 482
605 818
605 332
605 584
605 559
605 36
54 84
54 106
54 15
54 70
54 838
54 978
54 935
476 674
476 689
476 18
476 530
476 372
476 878
476 482
476 549
476 284
300 557
300 227
300 737
300 74
300 111
300 859
300 150
300 200
557 905
557 715
557 555
557 433
557 815
557 430
557 826
557 783
463 564
463 953
463 668
463 825
463 317
463 441
463 769
564 266
564 464
564 132
564 905
564 212
564 967
229 690
229 57
229 565
229 509
229 109
229 200
229 447
690 95
690 345
690 457
690 165
690 560
690 670
690 798
340 478
340 205
340 23
340 233
340 666
340 150
340 144
340 161
340 474
478 615
478 494
478 18
478 947
478 580
478 170
396 612
396 768
396 266
396 375
396 787
396 13
396 77
396 593
401 509
401 966
401 917
401 17
401 802
401 44
401 926
71 189
71 862
71 951
71 173
71 449
71 109
71 871
200 904
200 578
200 280
200 989
200 754
904 811
904 205
904 89
904 349
755 812
755 588
755 270
755 801
755 722
755 489
755 440
755 568
812 798
812 983
812 931
812 447
499 428
499 515
499 32
499 36
499 167
499 31
9 65
9 591
9 366
9 27
9 90
9 549
9 657
337 846
337 442
337 508
337 62
337 165
337 275
337 19
846 58
846 936
846 871
846 379
846 512
846 225
212 347
212 104
212 160
212 958
212 978
212 154
212 382
347 848
347 241
347 679
347 602
347 23
347 596
347 460
863 496
863 424
863 582
863 5
863 99
863 688
863 842
863 676
863 800
15 427
15 674
15 883
15 984
15 640
15 236
15 195
15 368
578 809
578 268
578 770
578 984
578 726
970 825
970 261
970 95
970 85
970 982
970 193
970 301
970 302
723 574
723 826
723 366
723 336
723 352
277 168
277 753
277 559
277 587
298 742
298 335
298 563
298 679
298 89
298 738
298 555
298 192
742 394
742 883
742 57
742 559
742 636
210 977
210 878
210 712
210 561
210 174
210 64
210 821
210 192
210 576
210 237
977 951
977 990
977 161
977 810
977 903
601 255
601 284
601 524
601 573
601 154
284 565
284 290
284 569
284 231
565 724
565 195
565 118
565 133
565 432
565 552
688 87
688 433
688 727
688 494
688 532
688 956
688 660
432 715
432 19
432 831
432 957
74 538
74 811
74 821
74 18
74 856
74 989
74 898
538 655
538 757
538 29
538 20
538 643
538 158
538 201
255 42
255 77
255 460
255 169
255 653
255 574
0 100
0 94
0 262
0 50
0 491
0 156
0 332
0 77
0 823
100 975
100 408
100 239
42 739
42 371
42 194
42 424
42 130
42 442
42 946
739 697
739 798
739 932
739 978
739 718
739 303
739 639
739 653
21 973
21 888
21 576
21 92
21 225
973 770
973 449
973 502
973 945
973 302
973 845
983 111
983 556
983 502
983 206
983 31
983 528
264 569
264 32
264 275
264 172
264 579
264 848
264 779
569 375
569 163
569 251
569 252
569 923
569 847
569 512
569 655
427 490
427 402
427 103
427 56
427 44
490 738
490 413
490 868
490 414
490 800
409 560
409 975
409 769
409 575
409 462
409 884
409 398
409 123
560 81
560 472
560 26
560 77
560 24
252 669
252 488
252 628
252 982
252 55
252 597
252 23
252 902
669 175
669 105
669 153
669 164
669 709
669 446
92 535
92 767
92 36
92 492
92 749
535 795
535 260
535 772
535 823
535 546
535 745
242 767
242 126
242 823
242 719
242 986
915 749
915 59
915 353
915 90
915 758
915 444
915 743
59 353
59 675
59 837
59 775
150 873
150 118
150 815
150 957
150 965
150 925
873 573
873 158
873 820
873 10
873 85
873 467
873 75
873 809
500 809
500 204
500 639
500 194
500 664
500 439
809 153
809 51
809 529
809 423
809 960
691 867
691 286
691 10
691 815
691 947
691 746
691 626
691 811
867 802
867 458
867 250
867 208
867 798
867 411
302 960
302 398
302 425
302 671
302 992
302 724
302 573
960 554
960 644
960 261
960 203
960 645
515 369
515 194
515 653
515 972
515 756
711 772
711 567
711 101
711 756
711 681
711 309
590 215
590 684
590 608
590 619
590 666
590 532
590 296
590 172
548 660
548 763
548 649
548 305
548 189
548 577
548 756
660 657
660 366
660 558
660 744
660 95
660 176
326 801
326 206
326 744
326 69
326 626
326 951
326 816
326 709
37 862
37 673
37 507
37 830
37 833
37 791
862 804
862 808
862 584
183 292
183 364
183 754
183 903
183 585
183 29
183 926
183 997
183 417
292 975
292 837
292 133
292 751
225 883
225 449
225 180
225 175
225 751
443 136
443 751
443 779
443 771
443 529
679 884
679 422
543 528
543 820
543 953
543 567
543 460
543 392
543 36
543 97
158 994
158 79
158 191
158 296
158 709
158 419
994 167
994 896
994 360
994 159
994 378
994 310
994 162
994 875
798 106
798 230
798 391
289 881
289 364
289 731
289 353
289 208
289 767
289 27
881 153
881 116
881 241
881 703
881 193
566 645
566 842
566 827
566 402
566 905
566 541
566 387
566 96
566 908
566 53
645 870
645 46
645 876
645 106
645 639
645 971
763 888
763 890
763 163
763 448
763 56
763 320
763 685
763 90
823 939
823 621
823 404
845 329
845 268
845 562
845 584
845 617
845 485
116 872
116 681
116 424
116 753
116 725
872 563
872 160
872 796
872 505
872 81
872 491
872 834
442 434
442 621
442 352
442 825
442 554
442 457
442 32
905 84
905 831
905 949
905 758
356 372
356 899
356 639
356 46
356 931
356 856
372 352
372 766
372 856
372 928
372 992
697 4
697 57
697 875
697 228
697 238
697 433
46 325
46 36
46 16
510 770
510 358
510 413
510 408
510 526
202 188
202 419
202 80
202 756
903 875
903 929
903 738
903 308
681 852
681 716
681 754
681 815
681 725
681 378
681 824
681 420
852 50
852 321
870 410
870 892
870 471
870 205
870 26
870 380
39 908
39 319
39 374
39 512
39 949
39 137
908 320
908 4
908 357
908 393
908 17
908 75
908 524
353 816
353 596
353 780
353 561
816 929
816 484
816 811
816 130
816 772
816 69
591 608
591 894
591 940
591 262
591 365
591 169
192 147
192 187
192 971
192 366
192 743
192 420
460 815
460 512
460 374
460 568
460 365
815 423
815 864
815 626
815 787
232 575
232 244
232 777
232 847
232 731
575 474
575 491
575 26
575 312
575 453
575 657
244 832
244 136
244 703
244 883
244 369
244 14
244 488
772 587
772 162
772 784
772 619
772 49
782 783
782 485
782 154
782 97
745 64
745 982
745 48
745 144
380 312
380 77
380 450
380 914
380 827
380 966
428 693
428 636
428 635
428 404
428 208
428 574
1 733
1 75
1 839
1 791
1 455
1 978
1 309
288 965
288 48
288 897
288 126
288 119
288 504
288 477
288 961
288 847
965 885
965 662
965 365
965 318
965 718
169 491
169 589
169 14
169 308
169 272
205 951
205 50
205 249
205 89
205 161
152 906
152 749
152 124
152 737
152 785
152 634
152 502
152 709
152 885
152 435
906 689
906 23
906 603
906 431
101 726
101 293
101 431
651 38
651 508
651 164
651 176
651 693
928 961
928 636
928 935
928 897
928 17
928 950
928 978
928 830
961 498
961 539
961 124
961 64
961 525
961 68
961 346
118 830
118 786
118 757
118 299
118 801
118 105
118 701
830 13
830 336
830 16
830 737
830 628
830 552
28 927
28 525
28 297
28 467
28 929
28 914
28 988
28 109
927 795
927 801
927 949
927 398
927 842
123 417
123 894
123 554
417 554
417 608
417 685
417 820
417 279
417 48
417 393
484 615
484 77
484 259
484 112
484 705
484 524
484 13
484 942
615 982
615 425
615 51
615 766
615 784
615 597
771 381
771 241
771 889
771 168
434 953
434 112
434 17
434 541
434 657
434 114
434 492
309 795
309 926
309 335
309 950
309 195
309 136
795 327
795 942
795 956
795 523
770 29
770 972
770 23
770 438
770 821
770 865
439 193
439 743
439 936
439 20
439 627
80 87
80 526
80 29
80 65
80 19
80 598
87 653
87 733
87 549
87 668
87 778
832 597
832 13
832 214
832 329
832 188
228 661
228 957
317 524
317 593
317 429
317 112
317 653
317 156
317 966
317 518
524 596
524 385
524 880
524 259
524 507
524 918
321 902
321 153
321 702
321 756
321 596
321 31
321 231
902 390
902 945
902 653
902 950
902 125
902 951
902 689
51 630
51 775
51 191
51 464
51 342
630 189
630 940
630 640
630 724
630 153
630 939
992 733
992 162
992 163
992 884
992 993
127 382
127 978
127 634
127 303
127 631
127 251
127 233
127 10
382 608
382 438
382 104
382 444
382 31
329 435
329 939
329 656
435 801
435 94
435 831
435 864
435 419
435 648
435 105
920 414
920 10
920 65
920 124
920 269
53 583
53 164
53 393
53 778
53 313
53 367
53 730
583 97
583 589
583 876
583 567
743 198
743 680
743 444
743 894
201 182
201 606
201 838
201 984
201 898
201 345
402 555
402 320
402 164
402 163
402 675
402 408
402 834
402 414
555 718
555 49
555 539
555 993
555 644
38 485
38 262
38 606
38 810
38 387
38 885
38 716
38 13
38 640
485 433
485 777
485 366
485 947
485 204
485 640
652 530
652 780
652 483
227 455
227 411
227 648
227 530
227 109
136 5
136 546
136 203
528 174
528 198
528 18
528 571
596 471
596 783
596 159
596 860
997 655
997 310
997 513
997 285
997 350
997 299
550 597
550 702
550 408
550 467
550 640
597 215
597 627
597 230
597 561
733 753
733 381
733 574
733 505
733 494
733 507
457 931
457 41
457 512
457 726
491 584
491 571
491 424
491 93
260 950
260 168
260 773
260 744
260 529
260 156
260 215
950 757
950 586
950 124
173 746
173 593
173 680
173 665
975 486
975 871
975 195
975 94
975 50
369 834
369 921
369 509
369 393
318 253
318 818
318 448
318 804
268 859
268 193
268 746
268 929
268 296
268 925
303 880
303 769
303 843
303 19
303 111
303 530
880 896
880 153
880 308
567 648
567 143
567 141
567 923
567 5
567 89
864 896
864 125
864 507
864 843
864 895
864 571
55 746
55 786
55 67
55 556
55 230
518 744
518 598
518 661
518 999
518 921
518 458
518 137
744 319
744 104
496 236
496 335
496 523
496 595
496 179
496 649
496 105
206 270
206 715
206 218
206 144
206 82
206 190
280 860
280 249
280 946
280 966
280 62
280 171
280 390
860 768
860 164
860 664
860 363
860 330
860 507
860 486
587 552
587 257
587 170
587 802
587 827
589 137
589 346
589 842
589 684
589 947
325 558
325 536
325 394
325 749
325 82
325 230
325 261
558 449
558 736
558 182
558 408
558 641
179 504
179 400
179 293
179 834
504 411
504 75
504 999
504 674
97 378
97 883
97 29
97 634
97 482
97 81
41 946
41 462
41 56
41 847
41 837
41 982
41 241
41 348
41 757
946 446
946 918
946 259
946 896
946 989
580 737
580 218
580 349
580 696
580 360
580 571
580 75
737 967
737 168
737 988
737 619
746 306
746 620
746 808
746 586
746 195
102 942
102 40
102 932
102 646
102 841
102 889
102 48
942 14
942 111
942 156
942 820
942 730
160 854
160 352
160 684
160 603
160 754
160 48
854 124
854 293
854 390
854 357
854 187
854 785
715 769
715 562
715 712
715 848
757 988
757 801
757 263
757 532
757 137
988 602
988 641
988 821
988 68
701 895
701 574
701 82
701 189
701 5
701 861
701 313
895 634
895 887
895 286
730 766
730 269
730 838
730 702
730 168
766 649
766 552
766 455
807 668
807 10
807 464
807 106
807 349
749 568
749 378
749 532
749 847
810 834
810 462
810 465
810 187
810 508
810 647
834 539
834 5
834 871
834 820
747 662
747 641
747 156
194 508
194 68
194 894
194 668
194 513
508 263
508 856
508 364
483 646
483 237
483 627
483 953
483 521
221 957
221 366
221 40
221 348
221 656
221 238
221 458
19 251
19 189
19 64
19 648
19 712
251 379
251 786
936 602
936 29
936 411
936 898
936 999
936 447
777 784
777 833
777 789
777 290
777 137
777 263
777 670
777 546
784 120
784 530
784 620
784 898
784 662
204 773
204 563
204 367
204 26
204 378
204 957
204 754
773 824
773 350
773 308
773 779
773 534
773 523
727 674
727 693
727 180
727 646
727 91
727 358
398 610
398 368
398 262
398 661
398 404
398 119
820 269
820 481
820 188
820 561
68 888
68 454
68 348
68 429
68 193
301 360
301 719
301 164
301 865
360 923
360 186
360 275
951 896
951 665
951 420
379 536
379 79
379 726
379 159
379 48
379 898
953 722
953 779
926 856
926 4
926 671
926 290
926 181
926 465
926 410
626 786
626 542
626 119
167 170
167 923
167 641
167 608
167 821
170 65
170 661
170 477
170 104
170 949
170 58
270 925
270 81
270 722
270 181
270 5
270 69
889 363
889 120
889 348
982 838
982 238
982 646
982 556
465 153
465 16
465 899
465 574
465 186
465 667
585 588
585 586
585 636
585 839
585 848
588 878
588 430
588 923
588 184
16 802
16 81
957 26
957 82
957 673
957 23
957 105
576 835
576 990
576 639
576 261
576 237
576 841
573 835
573 859
573 65
573 958
573 896
320 952
320 390
320 892
320 422
320 186
568 559
568 130
568 843
568 448
568 453
921 423
921 764
921 408
921 387
921 18
381 481
381 257
381 128
381 363
381 440
165 214
165 368
165 811
165 412
214 218
214 641
214 664
214 285
214 346
602 859
602 804
602 198
602 10
841 655
841 888
841 843
841 181
841 11
471 897
471 837
471 272
897 966
897 208
897 32
897 440
897 433
554 775
554 239
554 641
554 751
319 736
319 187
319 424
319 186
233 705
233 349
233 132
233 522
233 619
233 163
705 40
705 530
571 984
571 450
571 603
571 899
984 986
984 656
984 818
984 269
509 628
509 627
509 350
509 931
509 868
509 644
939 84
939 842
939 49
824 203
824 449
824 285
164 419
164 932
164 768
189 462
81 767
81 349
767 98
767 93
767 821
767 266
628 414
628 833
628 595
628 411
410 676
410 536
410 441
410 392
410 95
410 218
410 712
410 665
676 419
676 65
676 374
676 513
676 272
655 385
655 230
655 972
655 818
109 447
109 378
109 582
109 664
109 990
109 472
447 584
441 522
441 171
441 156
441 868
441 363
932 603
932 636
932 716
62 79
62 764
79 918
79 643
79 498
79 105
79 29
775 171
775 541
775 971
775 709
238 195
238 187
238 945
238 345
238 835
65 967
65 67
65 93
65 724
253 305
253 47
253 67
253 925
253 306
253 966
141 474
141 262
141 392
141 595
141 856
474 330
474 811
474 400
861 831
861 837
861 787
861 433
861 847
114 804
114 593
114 582
114 126
168 653
684 647
684 231
684 866
887 751
887 195
887 349
887 104
887 390
887 93
385 313
385 472
385 374
385 64
385 297
50 885
50 420
50 424
64 231
64 48
64 430
64 899
446 132
446 431
446 393
446 98
446 26
446 898
446 154
11 82
11 868
11 606
925 754
925 876
925 257
925 621
925 424
378 703
378 917
378 172
703 481
703 293
703 563
703 322
162 249
162 993
162 488
162 787
18 486
18 24
18 827
486 269
486 505
486 94
718 125
718 947
718 868
718 753
98 865
98 14
98 108
98 674
98 931
151 592
151 57
151 890
151 335
151 492
375 582
375 429
375 306
375 124
375 674
198 293
198 914
198 929
198 91
40 695
40 330
40 75
57 91
57 422
57 665
313 10
313 430
800 174
800 579
800 450
800 105
125 722
125 421
125 13
125 464
94 342
94 368
94 305
94 400
695 929
695 647
695 345
695 350
695 296
695 108
695 203
695 187
579 825
579 296
579 696
579 716
579 835
579 529
825 70
825 111
990 914
990 606
990 529
990 257
722 944
722 261
722 696
722 462
10 724
10 896
724 310
724 492
724 875
724 584
335 978
335 689
335 67
335 505
335 780
335 262
978 539
978 112
190 453
190 48
190 250
190 612
525 188
525 512
610 48
610 985
610 250
610 859
610 175
610 47
413 868
868 791
868 818
868 290
414 104
414 365
414 586
414 513
414 719
269 821
269 332
269 940
108 592
108 144
108 143
108 847
108 502
502 753
502 804
502 133
753 208
753 644
753 203
249 665
249 482
249 91
249 778
249 126
249 159
249 172
488 693
126 758
126 649
126 523
126 358
758 85
758 364
758 780
758 308
526 892
526 186
526 536
526 712
526 966
526 967
526 923
526 93
44 394
44 31
394 674
394 848
394 193
835 640
835 133
263 884
586 670
586 635
586 310
586 312
670 455
670 330
670 310
670 999
670 944
751 85
751 966
368 871
368 521
368 662
368 391
878 931
878 675
878 785
878 454
878 305
801 958
801 364
96 296
96 620
96 387
923 444
923 967
923 808
923 656
914 612
914 104
4 444
4 449
4 986
4 826
4 262
4 365
818 999
818 985
818 308
999 47
999 918
999 612
999 215
175 726
175 944
175 674
931 899
931 665
931 286
931 731
58 592
58 241
58 182
58 147
58 764
58 871
592 371
592 32
620 84
595 364
595 512
595 259
595 357
617 890
617 387
617 947
617 472
617 641
617 796
890 785
890 236
890 738
890 70
890 286
780 884
780 364
780 306
780 425
780 666
884 664
884 404
286 731
286 404
286 295
606 631
606 450
327 693
327 293
327 454
327 408
327 332
327 778
327 529
327 143
128 312
128 70
128 425
128 736
128 935
312 662
312 90
312 77
366 839
366 342
366 322
366 899
839 492
839 549
666 438
666 421
666 892
666 188
23 764
23 546
299 449
299 673
299 584
299 986
449 481
449 374
675 180
675 297
675 84
444 865
444 130
444 425
444 598
865 779
865 521
266 290
266 423
266 556
266 929
266 680
842 693
842 429
842 171
842 391
831 593
831 577
831 357
831 848
831 450
796 833
67 119
67 112
67 367
67 144
119 180
119 667
119 438
848 27
848 621
648 85
648 36
239 811
239 661
239 598
239 285
811 90
811 171
455 174
455 653
85 972
972 171
972 532
257 899
736 330
736 332
736 985
736 725
305 191
305 236
305 769
275 467
275 523
163 358
163 562
163 546
163 696
95 143
95 103
95 791
95 342
352 69
352 115
336 171
336 358
336 986
336 342
130 310
120 986
120 462
120 719
120 348
467 876
467 649
84 103
84 89
84 36
84 661
430 754
430 47
430 188
612 464
612 917
612 952
285 13
285 237
285 689
70 69
70 856
70 738
70 986
218 640
218 144
218 172
218 935
364 685
364 371
985 296
985 789
985 454
859 549
859 412
859 534
859 947
350 184
350 764
685 827
685 885
685 438
827 875
827 917
593 472
593 603
472 716
472 769
472 93
716 789
716 90
716 458
769 635
769 952
522 802
522 421
522 279
522 494
522 153
297 438
297 412
297 657
297 640
174 154
174 542
174 523
174 290
156 279
833 619
99 345
99 536
99 940
99 295
99 949
371 643
371 644
371 958
643 513
643 546
643 603
643 132
646 986
646 494
646 348
464 521
137 636
137 261
680 231
680 513
176 161
176 875
322 883
322 665
322 295
322 358
644 944
644 689
147 440
147 27
147 661
147 419
462 621
462 159
512 634
411 665
411 482
411 236
411 423
665 453
124 296
124 725
124 431
896 48
896 423
20 521
20 66
20 783
521 290
241 215
241 563
241 153
241 949
458 115
458 153
458 577
498 917
498 631
498 507
498 577
498 561
917 115
917 885
433 657
433 552
875 725
875 532
182 696
182 296
182 348
696 507
696 866
577 47
577 847
935 993
935 786
993 989
993 159
330 36
237 195
237 649
237 259
237 542
132 400
888 133
888 348
888 785
888 420
481 664
481 75
481 154
481 668
631 492
345 918
345 91
345 958
420 636
786 582
387 438
387 731
387 725
636 523
636 181
32 363
656 778
656 404
310 986
310 316
310 69
374 883
374 894
374 673
106 115
106 808
549 952
549 424
952 208
952 634
952 26
952 619
342 785
342 532
712 93
230 180
230 885
230 422
674 391
674 295
693 392
693 357
82 541
82 181
82 49
419 208
662 477
662 431
56 534
56 5
208 393
188 392
856 539
668 635
668 778
668 279
293 838
154 184
154 191
892 627
892 603
892 346
640 453
203 958
47 635
431 843
431 826
431 584
77 639
77 802
967 702
250 876
250 804
876 187
876 112
876 866
349 894
349 785
111 391
111 272
391 866
657 671
885 115
885 787
826 236
826 843
635 507
726 754
726 367
726 262
738 608
971 529
539 412
539 944
929 556
103 791
789 316
789 236
789 144
866 492
608 582
649 367
649 530
546 639
17 49
17 556
17 24
17 259
49 429
49 582
49 332
367 768
367 945
27 559
27 639
27 477
27 14
559 534
559 454
454 621
454 940
454 448
26 534
26 236
843 802
358 450
358 671
259 808
259 989
171 262
171 477
552 719
552 702
438 144
438 947
673 14
838 36
838 619
883 357
883 400
883 647
944 425
768 112
768 561
365 236
365 709
365 536
393 429
847 634
494 450
804 133
536 104
536 562
958 534
958 429
945 295
945 172
945 627
945 664
450 272
450 949
731 898
731 31
966 719
966 702
191 316
191 505
290 425
779 306
779 36
180 316
180 90
112 627
778 66
778 133
621 316
621 871
133 802
802 279
346 181
143 308
143 66
308 764
308 392
412 671
412 115
412 940
482 115
279 791
279 66
453 940
619 598
295 513
295 507
363 785
363 400
627 505
627 115
400 448
556 791
421 667
421 756
421 272
408 489
725 634
390 422
90 899
75 532
653 940
653 492
89 764
899 562
529 357
429 31
429 186
647 186
31 316
894 105
894 709
808 667
808 184
791 561
448 316
598 5
598 215
598 181
664 947
159 348
159 186
562 66
562 542
562 956
172 422
489 316
489 756
392 956
105 5
115 422
66 719
898 989
91 215
719 956
719 542
306 634
492 541
989 215
871 702
634 541
