1000 1035
0 1
0 2
0 11
0 46
0 105
0 573
0 782
0 943
1 2
1 3
1 5
1 6
1 9
1 14
1 19
1 31
1 33
1 39
1 40
1 82
1 84
1 94
1 125
1 127
1 131
1 137
1 143
1 190
1 191
1 195
1 197
1 211
1 214
1 221
1 267
1 326
1 364
1 369
1 383
1 402
1 443
1 514
1 523
1 564
1 603
1 611
1 671
1 691
1 731
1 746
1 822
1 846
2 5
2 13
2 15
2 16
2 17
2 20
2 21
2 23
2 29
2 30
2 36
2 47
2 50
2 53
2 57
2 58
2 64
2 65
2 75
2 131
2 139
2 160
2 165
2 166
2 171
2 193
2 194
2 195
2 199
2 204
2 259
2 265
2 267
2 373
2 392
2 411
2 439
2 469
2 502
2 535
2 576
2 578
2 600
2 622
2 630
2 637
2 642
2 657
2 704
2 740
2 741
2 764
2 791
2 823
2 834
2 847
2 855
2 861
2 875
2 884
2 897
2 903
2 941
2 953
3 92
3 146
3 371
3 417
3 454
3 559
3 567
3 628
3 671
3 778
3 820
3 886
3 899
5 33
5 34
5 697
5 919
6 16
6 80
6 178
6 369
6 689
6 895
9 18
9 267
9 447
9 663
11 693
13 37
13 47
13 70
13 71
13 76
13 84
13 92
13 94
13 103
13 114
13 115
13 118
13 121
13 124
13 144
13 161
13 166
13 208
13 230
13 237
13 253
13 255
13 280
13 297
13 306
13 314
13 323
13 337
13 340
13 378
13 407
13 435
13 453
13 471
13 503
13 506
13 561
13 590
13 591
13 607
13 621
13 624
13 637
13 647
13 671
13 680
13 712
13 732
13 738
13 743
13 762
13 795
13 808
13 840
13 847
13 851
13 860
13 878
13 987
14 33
14 55
14 64
14 85
14 268
14 273
14 425
14 544
14 668
14 721
14 994
15 29
15 35
15 54
15 68
15 73
15 74
15 94
15 102
15 169
15 207
15 208
15 513
16 23
16 196
16 218
17 424
17 557
17 981
18 22
18 101
18 210
18 221
18 409
18 508
18 672
18 682
18 787
18 943
18 962
18 966
20 26
20 31
20 73
20 117
20 154
20 196
20 255
20 260
20 288
20 521
20 640
20 710
20 862
20 873
20 891
20 897
21 26
21 40
21 44
21 65
21 133
21 234
21 257
21 306
21 389
21 398
21 440
21 492
21 510
21 555
21 635
21 808
21 821
21 835
21 937
21 966
22 705
23 94
23 177
26 62
26 132
26 228
26 261
26 344
26 419
26 622
26 787
26 791
29 53
29 75
29 99
29 116
29 158
29 303
29 304
29 380
29 437
29 449
29 465
29 514
29 535
29 713
29 848
29 946
29 948
30 79
30 180
31 80
31 84
31 201
31 218
33 56
33 82
33 115
33 168
33 212
33 215
33 390
33 545
33 566
33 603
33 622
33 640
33 687
33 692
33 764
33 815
33 954
33 961
33 997
35 141
36 51
36 245
36 671
36 768
37 151
37 157
37 180
37 187
37 244
37 339
37 766
40 55
40 112
40 160
40 203
40 246
40 473
40 544
40 623
40 726
40 728
40 736
44 70
44 90
44 165
44 333
44 339
44 455
44 461
44 625
44 818
46 472
47 136
47 220
47 549
47 616
47 934
50 112
50 205
50 434
50 840
50 849
50 964
51 110
51 186
51 229
51 291
51 446
51 861
53 128
53 136
53 210
53 581
53 613
55 90
55 133
55 210
55 470
55 512
55 705
55 868
56 100
56 207
58 116
58 246
58 258
58 342
58 343
58 347
58 405
58 406
64 255
64 260
64 309
64 410
64 480
64 497
64 556
64 649
64 666
64 877
64 879
64 898
65 602
70 104
70 175
70 311
70 320
70 437
70 739
70 987
71 168
71 751
71 757
71 761
73 77
73 86
73 109
73 115
73 119
73 147
73 148
73 150
73 169
73 189
73 216
73 221
73 252
73 282
73 304
73 428
73 469
73 549
73 603
73 654
73 700
73 715
73 759
73 875
74 327
74 551
74 681
74 914
75 792
76 112
79 410
80 155
80 189
80 202
80 260
80 323
80 357
80 397
80 731
82 83
82 102
82 140
82 167
82 235
82 236
82 426
82 692
83 113
84 425
84 564
84 656
84 781
85 86
85 940
86 161
86 284
90 123
90 226
90 290
90 430
90 460
90 899
92 483
92 592
92 642
92 901
94 111
94 127
94 298
94 355
94 515
94 748
94 854
99 101
99 113
99 138
99 260
99 342
99 756
100 224
100 300
100 777
101 215
101 217
101 229
101 234
101 872
101 873
102 135
102 223
102 229
102 286
102 299
102 439
102 484
102 575
104 105
104 345
104 377
104 400
104 454
104 554
104 623
104 675
104 678
104 895
105 255
109 128
109 158
109 899
109 978
110 275
110 303
111 385
111 680
111 901
113 148
113 426
113 478
113 595
113 662
113 983
114 183
114 190
114 378
114 486
114 634
114 896
114 952
115 138
115 409
115 479
115 742
115 981
116 125
116 142
116 159
116 170
116 269
116 315
116 442
116 560
116 624
116 858
118 177
118 365
118 574
119 573
121 219
121 245
121 260
121 522
121 675
121 763
121 985
123 162
123 395
123 485
123 574
123 622
124 392
125 262
125 434
125 768
125 973
127 252
127 715
127 919
128 142
128 267
128 550
128 554
128 649
128 880
131 482
131 544
131 940
132 150
132 455
133 258
133 321
133 334
133 345
133 362
133 414
133 437
133 479
133 518
133 541
133 589
133 693
133 729
133 839
133 871
135 266
135 978
138 200
138 588
138 692
138 842
138 917
138 951
140 176
140 351
140 879
141 549
142 808
143 150
143 212
143 267
143 447
144 581
144 666
144 784
146 292
146 552
147 564
147 629
147 894
150 182
150 203
150 210
150 260
150 323
150 346
150 367
150 841
150 916
157 731
159 242
160 466
160 644
161 232
161 239
161 827
161 908
162 239
165 522
165 760
165 992
166 264
166 664
166 775
166 816
166 841
166 857
167 206
167 303
167 323
167 970
168 235
168 554
169 277
169 587
169 661
169 788
170 277
170 601
171 236
171 451
171 788
177 276
177 293
177 649
180 238
180 539
180 641
180 710
180 984
183 859
186 260
186 731
186 963
189 613
190 279
190 417
190 808
191 441
193 312
193 851
195 399
195 813
196 266
196 522
196 549
196 884
199 709
200 225
203 257
203 453
203 577
203 671
203 822
203 885
204 332
204 732
205 340
205 410
205 457
205 543
207 226
207 418
207 765
208 386
208 538
208 557
210 686
210 709
210 788
210 853
210 903
215 943
217 240
218 326
218 809
219 443
219 478
221 268
221 669
221 920
221 954
224 467
226 234
226 508
226 609
226 978
229 246
229 491
229 597
229 661
229 690
229 762
229 972
230 416
230 532
230 706
232 345
232 787
234 374
234 378
234 384
234 808
235 286
236 377
236 422
236 426
236 615
238 658
238 844
238 870
238 931
239 336
239 519
239 858
240 587
240 626
240 735
244 765
245 263
246 509
252 563
252 708
255 286
255 470
255 790
255 795
255 958
255 994
260 278
260 343
260 384
260 578
260 591
260 594
260 614
260 666
260 854
260 921
261 334
261 418
261 440
265 305
266 437
266 505
266 564
266 618
267 279
267 282
267 303
267 316
267 346
267 349
267 511
267 579
267 813
268 763
269 955
276 373
276 479
276 689
277 568
277 682
277 830
277 832
277 932
278 347
278 430
278 828
279 382
280 397
280 776
282 691
282 768
284 590
284 976
286 643
286 722
286 768
286 786
292 670
292 746
299 491
299 585
303 342
303 348
303 457
304 432
304 577
304 672
305 521
305 875
305 958
306 682
311 536
311 576
311 828
314 330
323 598
334 423
336 628
337 661
340 831
342 536
344 550
345 498
345 537
345 710
345 943
346 529
347 869
349 675
355 457
357 421
357 483
364 423
367 721
367 905
369 448
374 738
374 743
374 928
377 524
377 691
378 408
378 443
378 898
378 930
378 955
383 990
384 387
386 531
392 689
397 447
397 478
397 511
399 948
409 803
409 880
409 934
410 440
410 652
410 996
411 504
411 963
414 522
419 990
426 781
426 981
432 481
434 494
434 703
434 923
440 868
443 983
446 912
453 853
454 508
454 559
454 777
455 747
457 618
467 624
472 933
473 778
483 553
483 895
485 944
485 994
491 582
492 552
492 553
504 808
506 616
506 724
508 832
510 606
512 679
512 702
512 838
518 656
524 646
531 779
535 607
535 822
538 584
544 688
549 572
549 676
549 931
550 899
553 588
554 686
557 812
561 705
564 664
564 842
568 806
572 592
573 761
574 672
578 939
581 772
584 604
588 833
591 643
598 959
601 848
601 918
603 859
604 653
609 987
613 762
613 980
618 881
622 889
624 955
629 945
640 799
642 834
642 921
643 833
653 993
656 684
658 688
661 882
666 670
668 986
671 749
671 967
689 695
691 816
691 832
691 945
692 768
692 856
697 802
704 884
705 999
709 927
710 794
710 959
715 938
726 927
728 923
729 980
749 854
764 814
764 896
765 871
766 961
768 854
768 879
778 791
788 980
790 890
795 827
803 881
808 996
809 960
828 866
831 986
832 878
846 911
851 866
860 916
