3000 3129
0 1
0 33
0 346
0 2338
1 2
1 3
1 4
1 5
1 6
1 8
1 9
1 14
1 19
1 23
1 24
1 29
1 50
1 79
1 84
1 106
1 124
1 130
1 154
1 156
1 177
1 228
1 318
1 326
1 343
1 350
1 353
1 370
1 380
1 405
1 477
1 494
1 497
1 508
1 516
1 526
1 573
1 601
1 630
1 658
1 685
1 687
1 759
1 796
1 879
1 905
1 922
1 935
1 964
1 1008
1 1044
1 1065
1 1066
1 1093
1 1142
1 1155
1 1175
1 1195
1 1200
1 1203
1 1277
1 1283
1 1288
1 1290
1 1357
1 1363
1 1386
1 1412
1 1471
1 1494
1 1514
1 1545
1 1588
1 1605
1 1758
1 1829
1 1839
1 1863
1 1912
1 1920
1 1974
1 2032
1 2125
1 2150
1 2166
1 2190
1 2262
1 2283
1 2365
1 2418
1 2463
1 2548
1 2598
1 2603
1 2761
1 2771
1 2778
1 2831
1 2849
1 2860
1 2910
1 2939
1 2980
3 6
3 9
3 13
3 108
3 116
3 191
3 245
3 277
3 342
3 405
3 460
3 734
3 895
3 949
3 1578
3 1812
3 2166
3 2475
3 2719
4 61
4 1469
5 8
5 9
5 16
5 23
5 61
5 93
5 98
5 151
5 220
5 416
5 417
5 465
5 1041
5 1103
5 1218
5 1223
5 1478
5 1529
5 1544
5 1997
5 2231
5 2675
5 2767
6 21
6 71
6 151
6 181
6 207
6 336
6 584
6 808
6 967
6 1135
6 1216
6 1596
6 1725
6 1755
6 1940
6 2702
6 2745
6 2771
8 9
8 13
8 17
8 20
8 21
8 24
8 27
8 33
8 36
8 37
8 45
8 52
8 56
8 62
8 74
8 78
8 85
8 102
8 123
8 127
8 137
8 142
8 153
8 171
8 183
8 186
8 193
8 210
8 222
8 254
8 258
8 260
8 311
8 317
8 346
8 364
8 378
8 404
8 413
8 414
8 436
8 462
8 463
8 484
8 492
8 510
8 513
8 514
8 515
8 532
8 538
8 540
8 541
8 578
8 596
8 634
8 635
8 643
8 680
8 683
8 700
8 701
8 709
8 713
8 726
8 739
8 748
8 761
8 799
8 827
8 833
8 860
8 874
8 886
8 934
8 951
8 1053
8 1094
8 1157
8 1175
8 1191
8 1211
8 1233
8 1235
8 1259
8 1308
8 1335
8 1365
8 1411
8 1480
8 1489
8 1521
8 1555
8 1559
8 1574
8 1623
8 1668
8 1707
8 1744
8 1757
8 1761
8 1796
8 1811
8 1847
8 1896
8 1922
8 1924
8 1928
8 1975
8 1992
8 2266
8 2302
8 2390
8 2426
8 2511
8 2583
8 2604
8 2638
8 2656
8 2764
8 2872
8 2935
8 2945
8 2964
9 21
9 24
9 30
9 41
9 53
9 79
9 165
9 202
9 217
9 230
9 246
9 267
9 310
9 331
9 407
9 424
9 430
9 436
9 455
9 810
9 899
9 913
9 1132
9 1300
9 1329
9 1396
9 1404
9 1459
9 1567
9 1767
9 1810
9 1862
9 1933
9 2009
9 2219
9 2447
9 2465
9 2759
13 41
13 202
13 219
13 403
13 523
13 528
13 1565
13 1714
13 1974
13 2387
13 2392
13 2783
13 2815
14 100
14 347
14 368
14 642
16 46
16 110
16 239
16 488
16 500
16 517
16 546
16 561
16 770
16 961
16 1406
16 1731
16 1771
16 2151
16 2608
17 25
17 131
17 521
17 937
17 1015
17 1299
17 1565
17 1616
19 25
19 160
19 205
19 450
19 741
19 812
19 923
19 1144
19 1325
19 1351
19 1944
19 2372
19 2645
20 230
20 270
20 2373
21 37
21 48
21 57
21 72
21 76
21 171
21 274
21 321
21 402
21 568
21 623
21 1110
21 1211
21 1604
21 1829
21 1967
21 2065
21 2418
21 2478
21 2716
21 2984
23 29
23 33
23 41
23 43
23 46
23 51
23 52
23 55
23 66
23 72
23 74
23 92
23 96
23 102
23 103
23 121
23 127
23 143
23 162
23 163
23 176
23 177
23 217
23 251
23 291
23 392
23 433
23 445
23 486
23 490
23 497
23 513
23 523
23 555
23 576
23 620
23 673
23 683
23 716
23 723
23 776
23 816
23 823
23 886
23 934
23 936
23 940
23 973
23 1128
23 1137
23 1231
23 1272
23 1280
23 1457
23 1469
23 1634
23 1732
23 1754
23 1780
23 1844
23 1870
23 1911
23 1964
23 1990
23 2095
23 2197
23 2263
23 2300
23 2318
23 2369
23 2502
23 2508
23 2554
23 2557
23 2574
23 2624
23 2634
23 2744
23 2756
23 2823
23 2847
23 2941
23 2964
24 26
24 35
24 50
24 73
24 523
24 675
24 679
24 749
24 780
24 1131
24 1275
24 1377
24 1468
24 1489
24 1998
24 2465
25 514
25 523
25 676
25 683
25 776
25 796
25 866
25 971
25 1054
25 1656
25 1885
25 1945
25 2413
25 2652
25 2894
27 33
27 148
27 249
27 340
27 343
27 402
27 425
27 590
27 705
27 715
27 780
27 846
27 1229
27 1241
27 1597
27 1884
27 1889
27 2072
27 2191
27 2362
27 2757
29 774
29 965
29 1165
29 1544
29 2106
29 2647
30 653
30 861
30 948
30 1555
30 2840
33 37
33 55
33 78
33 87
33 109
33 205
33 226
33 348
33 378
33 432
33 468
33 503
33 544
33 585
33 740
33 759
33 794
33 829
33 871
33 880
33 996
33 999
33 1115
33 1177
33 1304
33 1454
33 1518
33 1672
33 1786
33 1890
33 1954
33 2117
33 2482
33 2533
33 2539
35 131
35 216
35 1334
35 1705
35 2301
36 268
36 348
36 464
36 523
36 725
36 1013
36 1632
36 1835
36 1959
36 1990
36 2527
37 84
37 88
37 182
37 333
37 389
37 749
37 1329
37 1506
37 2149
37 2513
37 2616
41 45
41 83
41 103
41 114
41 121
41 161
41 166
41 221
41 252
41 294
41 350
41 435
41 467
41 473
41 516
41 546
41 602
41 656
41 777
41 889
41 1006
41 1025
41 1225
41 1274
41 1550
41 1570
41 1606
41 1688
41 1723
41 1871
41 2099
41 2293
41 2422
41 2532
43 52
43 120
43 123
43 141
43 163
43 203
43 221
43 436
43 511
43 538
43 655
43 667
43 876
43 1397
43 1399
43 1521
43 1636
43 1843
43 1919
43 2034
43 2414
43 2440
43 2492
43 2986
45 49
45 75
45 78
45 229
45 326
45 368
45 395
45 527
45 553
45 628
45 761
45 890
45 921
45 942
45 1000
45 1212
45 1351
45 2015
45 2071
45 2125
45 2133
45 2235
45 2433
45 2494
45 2671
46 64
46 159
46 185
46 199
46 280
46 321
46 325
46 503
46 620
46 697
46 815
46 896
46 970
46 1252
46 1356
46 1367
46 1571
46 1625
46 1680
46 1910
46 1969
46 2158
46 2303
46 2421
46 2510
46 2677
46 2889
46 2974
48 68
48 765
48 2019
49 62
49 87
49 347
49 1320
49 1705
49 2365
49 2520
50 62
50 87
50 100
50 131
50 188
50 233
50 238
50 512
50 516
50 754
50 820
50 876
50 885
50 899
50 974
50 1291
50 1369
50 1449
50 1477
50 1535
50 1666
50 1901
50 1991
50 2299
50 2414
50 2709
50 2857
51 257
52 573
52 621
52 630
52 809
52 818
52 1028
52 1073
52 1239
52 1790
52 1925
52 2345
52 2396
52 2638
52 2767
52 2930
53 329
53 382
53 400
53 491
53 517
53 643
53 769
53 1351
53 1532
53 1578
53 2271
53 2373
55 67
55 301
55 533
55 548
55 586
55 612
55 687
55 719
55 732
55 914
55 1007
55 1128
55 1432
55 1464
55 1708
55 1881
55 2329
55 2458
55 2482
55 2682
55 2953
56 1893
56 2372
57 85
57 185
57 284
57 285
57 294
57 300
57 419
57 500
57 516
57 742
57 900
57 926
57 970
57 1146
57 1200
57 1236
57 1562
57 1724
57 2407
61 108
61 109
61 128
61 179
61 186
61 331
61 335
61 484
61 504
61 525
61 541
61 622
61 746
61 828
61 849
61 874
61 947
61 978
61 986
61 1026
61 1059
61 1140
61 1289
61 1314
61 1474
61 1477
61 1499
61 1574
61 1589
61 1868
61 1937
61 2209
61 2255
61 2275
61 2280
61 2302
61 2340
61 2448
61 2470
61 2551
61 2576
61 2638
61 2733
61 2749
61 2945
61 2993
62 125
62 166
62 361
62 389
62 475
62 509
62 725
62 1714
62 1819
62 2054
62 2414
62 2416
62 2517
62 2540
62 2754
64 2154
66 367
66 382
66 384
66 567
66 600
66 858
66 937
66 1194
66 1551
66 1567
66 1800
66 1951
66 1958
66 2143
66 2352
66 2906
68 179
68 198
68 205
68 208
68 290
68 338
68 390
68 448
68 456
68 468
68 519
68 607
68 627
68 797
68 834
68 1298
68 1544
68 1638
68 1661
68 1707
68 2073
68 2092
68 2284
68 2456
68 2625
71 114
72 400
72 613
72 1437
72 1749
72 1809
72 2065
72 2241
72 2450
72 2690
73 550
73 1180
74 90
74 108
74 119
74 160
74 162
74 178
74 239
74 240
74 457
74 685
74 689
74 1076
74 1553
74 1583
74 1591
74 1993
74 2283
74 2345
74 2740
75 76
75 175
75 273
75 392
75 775
75 1974
75 2855
75 2954
76 118
76 318
76 766
78 140
78 210
78 500
78 839
78 975
78 1099
78 1403
78 1479
78 1644
78 1688
78 1816
78 1851
78 2356
78 2636
78 2745
78 2847
79 693
79 2349
83 1639
84 182
84 249
84 266
84 272
84 293
84 420
84 732
84 837
84 996
84 1316
84 1364
84 1418
84 1588
84 1937
84 2576
85 102
85 192
85 209
85 329
85 447
85 474
85 651
85 655
85 968
85 976
85 1298
85 2053
85 2528
85 2751
85 2968
87 108
87 224
87 332
87 412
87 446
87 530
87 790
87 1200
87 1482
87 1607
87 1793
87 1950
87 2375
87 2551
87 2657
87 2807
88 547
88 2172
90 411
90 478
90 596
90 845
90 1091
90 1141
90 1145
90 1189
90 1273
90 2119
92 296
92 1264
92 1372
92 1901
93 94
93 121
93 599
93 1981
93 2007
93 2529
93 2558
93 2605
94 1026
94 1825
94 1838
94 2084
94 2173
94 2283
94 2338
94 2512
94 2749
96 160
96 2902
98 302
98 580
98 2058
100 178
100 214
100 270
100 373
100 393
100 429
100 449
100 1042
100 1077
100 1511
100 1828
100 1842
100 2113
100 2446
100 2576
100 2942
102 136
102 145
102 306
102 320
102 668
102 926
102 970
102 1057
102 1143
102 1809
102 2016
102 2184
102 2186
102 2239
102 2459
102 2465
103 284
103 311
103 663
103 693
103 1340
103 2429
108 223
108 383
108 819
108 958
108 2480
109 248
109 718
109 1949
109 2052
109 2093
109 2126
109 2596
110 430
114 117
114 505
114 706
114 818
114 1091
114 1334
114 1391
114 1876
114 2162
114 2222
114 2921
116 730
116 860
116 1245
116 1644
116 1963
116 2358
117 220
117 1811
117 1845
117 2407
117 2476
117 2597
119 419
119 740
119 2383
120 473
120 701
120 2884
121 361
121 464
121 741
121 1141
121 1471
121 1940
121 1945
121 2063
121 2370
121 2662
121 2664
123 1063
123 1610
123 2895
124 657
124 861
124 1543
124 2921
125 317
125 1344
125 1573
127 237
127 268
127 720
127 1015
127 1158
127 1795
127 2503
127 2906
128 234
128 741
128 1243
128 1474
128 2255
130 2079
130 2223
131 302
131 345
131 983
136 441
136 695
136 1349
136 2924
140 784
140 2011
141 774
141 1323
142 892
142 981
143 749
145 189
145 296
145 2514
145 2605
148 261
148 304
148 364
148 602
148 709
148 823
148 2004
148 2089
148 2419
148 2686
151 276
151 531
151 713
151 932
151 1026
151 1192
151 1218
151 1245
151 2624
151 2848
151 2982
153 456
153 2259
153 2373
153 2498
153 2798
154 220
154 222
154 225
154 680
154 827
154 1281
154 1420
154 1501
156 181
156 194
156 200
156 349
156 402
156 437
156 454
156 489
156 598
156 885
156 926
156 1209
156 1409
156 1940
156 2013
156 2369
156 2854
159 513
160 543
160 1152
160 1412
160 2346
160 2968
161 1618
161 2080
162 277
162 287
162 288
162 493
162 520
162 569
162 609
162 628
162 672
162 918
162 1550
162 1565
162 1856
162 1995
162 2820
163 171
163 305
163 532
163 566
163 636
163 798
163 1400
163 1939
163 2374
163 2587
163 2973
165 340
165 637
165 1065
165 1564
165 2167
166 481
166 578
166 671
166 1311
166 2433
171 193
171 214
171 474
171 543
171 635
171 771
171 790
171 837
171 843
171 1164
171 1174
171 1290
171 1298
171 1341
171 1421
171 1542
171 1712
171 1779
171 1990
171 2194
171 2257
171 2398
171 2440
171 2499
171 2614
171 2633
171 2703
171 2747
175 596
177 188
177 946
177 1523
177 1526
177 2312
178 473
178 1078
178 1562
178 2147
178 2238
179 559
179 1177
179 1993
179 2224
179 2255
179 2760
181 316
181 530
181 618
181 651
181 1104
181 1236
181 2743
182 299
182 478
182 1034
182 2007
182 2071
182 2114
182 2501
183 547
183 1278
183 2100
185 247
185 277
185 751
185 801
185 1439
185 1457
185 2750
186 271
186 1399
188 292
188 346
188 633
188 2498
188 2631
189 1378
189 2980
191 1413
192 1367
192 2786
192 2904
193 662
193 806
193 1142
193 1265
193 1875
193 2104
193 2178
193 2350
193 2798
194 294
194 531
194 701
194 835
194 2460
198 924
199 2674
200 213
200 236
200 296
200 890
200 1034
200 1136
200 1806
200 2431
200 2452
202 336
202 424
202 578
202 582
202 927
202 1198
202 1252
202 1337
202 1943
202 1968
202 2268
202 2447
202 2473
205 259
205 344
205 389
205 464
205 471
205 564
205 804
205 927
205 1237
205 1321
205 1561
205 1724
205 1786
205 2014
205 2244
205 2681
207 974
207 1000
207 1902
207 2575
207 2985
208 290
208 538
208 941
208 1210
208 1284
208 2759
209 223
209 392
209 668
209 707
209 1147
209 1274
209 1621
209 1690
209 1874
209 2000
209 2102
209 2221
209 2262
209 2411
209 2570
209 2659
209 2745
209 2956
210 292
210 490
210 505
210 810
210 1977
213 532
213 842
213 951
213 1399
213 1568
213 1813
213 2487
213 2754
214 249
214 607
214 1246
214 1648
214 2127
216 2054
217 818
217 878
217 1183
217 2672
219 1125
220 1032
220 1354
220 1486
220 1866
220 2019
221 537
221 907
221 2272
221 2753
222 400
222 443
222 1600
222 1967
223 2067
224 361
224 887
224 1311
228 550
228 2303
229 970
229 1953
229 1977
229 2481
229 2805
230 759
230 1301
234 2001
238 605
238 789
239 241
239 1087
239 1515
239 1753
239 2703
239 2877
240 761
241 2977
245 532
245 1385
245 1945
245 2789
245 2802
246 274
246 549
246 782
246 1525
246 1974
246 2189
246 2849
247 808
247 1929
247 2547
249 667
249 2137
252 2591
254 298
254 530
254 1847
257 456
257 2975
258 1410
258 1984
259 1774
259 2918
260 498
260 1103
261 262
261 813
261 877
261 1636
266 1190
266 2385
267 510
267 1212
268 869
268 1277
268 1627
270 277
270 487
270 535
270 794
270 1234
270 1824
270 2414
271 1303
273 671
273 991
274 749
274 841
274 1623
276 2691
277 582
277 653
277 1103
280 531
280 1458
280 1530
280 1574
284 368
284 527
284 1089
284 1851
284 2983
285 812
287 428
287 787
287 1006
287 1014
287 1506
287 1560
291 711
291 1025
291 1186
291 1652
291 2336
292 518
292 782
292 885
292 1329
292 1728
292 2456
292 2933
293 779
293 881
293 1332
293 1579
293 1595
294 390
294 436
294 985
294 1222
294 1455
294 2612
296 1195
298 747
298 1582
299 2693
300 354
301 895
301 1909
301 2844
302 380
302 1140
304 1687
306 334
306 987
306 1086
306 2700
310 652
310 2491
311 313
311 513
311 801
311 848
311 1048
311 1114
311 1441
311 2184
311 2489
313 387
313 659
313 718
313 1063
313 1150
313 1223
313 1656
316 838
316 924
316 2723
318 360
318 2786
321 411
321 442
321 800
321 1017
321 1734
321 2184
321 2517
325 2280
326 426
326 605
326 725
326 1036
326 1207
326 1288
326 1337
326 1539
326 1588
326 2357
326 2670
326 2688
329 343
329 410
329 428
329 630
329 832
329 838
329 1223
329 1244
329 1376
329 1410
329 1507
329 1816
329 1932
329 2156
329 2307
329 2509
329 2510
329 2761
331 533
331 1525
331 2682
332 956
332 1862
332 2339
333 490
333 660
333 1283
333 2875
336 632
336 818
336 1187
336 2174
336 2867
336 2898
338 1166
340 489
340 2078
342 2079
343 395
343 764
343 1506
343 2641
346 373
346 454
346 504
346 771
346 774
346 1042
346 1211
346 2518
347 459
347 880
347 936
347 1127
347 1182
347 1250
347 1452
347 1709
347 2549
347 2616
348 1335
348 1675
353 494
353 1495
360 447
360 1124
360 2312
361 880
364 1016
364 2139
368 376
368 494
368 701
368 740
368 954
368 1161
368 1484
370 580
373 521
373 888
373 1019
373 1287
373 1708
373 1889
373 2266
373 2956
376 1372
376 1902
376 2796
376 2960
378 436
378 629
378 632
378 1116
378 1498
378 1788
378 2761
382 613
382 695
382 989
382 1813
382 2005
383 2426
387 493
387 542
387 710
387 805
387 1303
387 1553
387 2636
389 907
389 1787
389 2402
390 519
390 592
390 2807
392 769
392 880
392 1464
393 470
393 989
393 992
393 2705
395 2200
400 566
400 703
400 1044
402 762
404 829
404 831
405 512
405 751
407 560
407 900
407 2126
407 2826
416 620
416 1253
416 1910
417 580
417 2192
419 1456
419 2274
420 2720
424 657
425 1215
426 2974
428 594
428 1412
429 454
429 1638
430 474
430 475
430 2403
432 683
432 761
432 1067
432 1105
432 1705
432 1790
432 1919
432 2813
432 2965
436 649
436 969
436 1119
436 1138
436 1302
436 1360
436 1498
436 1931
436 2024
436 2426
436 2501
436 2536
436 2744
442 996
443 456
443 1410
445 894
445 1490
445 1949
445 2798
446 501
446 1592
447 797
447 1332
448 2429
449 696
449 1754
449 1959
449 2003
449 2066
450 552
450 1491
450 2389
454 559
454 615
454 630
454 672
454 1467
454 1610
454 2328
454 2421
455 927
456 1262
456 2397
457 493
457 605
457 852
457 1267
457 1501
457 1940
457 2674
459 461
459 580
459 945
459 1205
459 1581
459 2345
460 654
460 2093
462 1437
462 2453
462 2493
464 609
464 885
464 1035
464 1216
464 1306
464 1436
464 1482
464 1664
464 1854
464 2043
465 2693
467 900
468 1004
470 2896
471 611
471 1209
471 1231
473 1004
473 1281
473 1633
473 1965
473 2815
474 1007
474 1086
474 1406
474 1462
474 1470
474 2524
474 2571
474 2648
474 2808
475 499
475 764
475 869
475 1498
475 1968
475 2207
475 2498
475 2730
475 2742
477 1117
478 833
478 1118
478 1150
478 1908
478 2228
478 2946
481 953
481 2011
481 2492
484 944
486 1144
487 1900
487 2430
487 2463
489 1038
489 1375
489 1875
489 2223
490 514
490 535
490 568
490 694
490 716
490 719
490 959
490 1033
490 1039
490 1041
490 1178
490 1253
490 1520
490 1750
490 1865
490 1918
490 2101
490 2390
490 2392
490 2660
490 2782
490 2788
491 612
491 2681
493 1192
493 2860
494 691
494 1793
494 1846
497 557
497 1902
500 753
500 818
500 1374
500 1422
500 1614
500 1723
500 2841
501 1468
501 1589
501 2883
503 785
503 863
503 970
503 1946
503 2057
503 2717
503 2803
503 2962
504 518
505 783
505 1583
505 1635
505 1643
510 2917
511 1385
511 1676
512 1441
512 2864
513 1403
513 1615
513 2089
514 1399
514 1935
514 2213
514 2660
514 2746
514 2936
516 839
516 876
516 948
516 1394
516 1994
516 2699
518 1512
519 1816
520 608
521 1215
523 556
523 982
523 1535
523 1561
523 1692
523 2140
523 2263
527 600
527 1446
527 1694
527 1750
527 2155
527 2425
527 2912
528 787
528 1067
528 1348
528 1915
528 2840
528 2968
530 542
530 2149
531 628
531 911
531 1363
531 1748
531 2980
532 656
532 715
532 2358
535 1511
535 2633
537 2055
537 2986
538 1920
538 2848
540 928
540 1127
540 2748
541 839
541 1456
546 2896
547 589
547 653
547 1127
548 1081
548 2109
549 1568
549 2232
549 2380
549 2421
550 597
550 1002
550 1606
550 2070
550 2831
552 553
553 952
553 2551
555 1222
555 1744
556 1094
556 1135
556 1243
556 1542
556 1720
556 1724
557 668
559 1745
559 2331
566 882
566 898
566 906
566 1711
566 2485
566 2920
569 2905
573 710
576 584
576 1669
578 654
580 1024
580 1148
580 1197
580 1316
580 1767
580 1946
580 2078
580 2219
580 2616
582 1223
582 1538
582 1887
584 1248
584 1985
585 2124
586 793
586 832
586 1376
586 1491
586 2057
590 2044
596 1142
596 1468
596 2081
597 886
597 1316
599 1767
600 1435
600 2204
600 2244
602 684
602 839
602 909
602 1019
602 1831
602 1974
602 2035
607 826
609 1205
613 653
613 1337
613 1739
615 2394
620 2709
623 830
623 1915
627 1060
627 1587
627 1725
628 741
628 858
628 998
628 1559
628 1577
628 1677
628 2330
628 2351
629 881
629 993
629 1476
629 1554
629 2168
629 2245
629 2506
629 2698
630 668
630 696
630 798
630 960
630 1090
630 1117
630 2180
632 1368
632 1780
634 880
634 1604
635 1167
635 1187
635 1561
635 2644
636 1918
636 2480
637 705
637 1078
637 2286
637 2431
637 2616
649 1071
651 881
652 2414
654 2056
655 911
655 1512
655 2385
656 725
656 1638
657 742
657 973
657 1402
657 2446
657 2580
657 2724
657 2906
660 965
660 1778
660 2164
667 717
667 859
667 1497
667 1674
667 2032
667 2288
667 2319
667 2630
668 1387
668 1716
668 1808
668 2980
671 2777
683 745
683 876
683 1245
683 1401
683 1534
683 2787
683 2790
683 2912
684 751
684 1527
685 801
685 973
685 1856
687 1838
689 787
689 789
689 1504
693 938
700 2739
701 753
701 919
701 2027
701 2439
701 2579
705 1276
705 1945
706 1099
706 1313
707 895
709 975
709 2006
709 2720
710 777
710 1062
710 1213
710 1244
710 1576
710 1724
710 1854
710 2001
710 2168
710 2231
711 1249
715 1481
715 1642
715 2255
716 1524
717 1150
718 1826
719 1081
719 1209
719 2363
719 2922
725 1113
726 749
726 1192
732 2178
732 2598
734 2013
734 2179
734 2242
740 1791
740 2640
741 835
741 2155
741 2696
741 2977
742 900
742 1301
742 1811
742 2641
747 786
748 2138
749 864
749 1277
749 1665
749 2162
749 2815
751 1076
751 1808
751 2209
751 2513
751 2578
751 2780
753 916
753 1092
753 1450
754 2742
759 779
759 901
759 949
759 1010
759 1489
759 2147
761 1762
764 1571
764 1806
765 781
765 1200
765 2888
769 1628
770 906
770 1178
770 1621
771 998
771 1731
771 1919
771 2258
771 2654
774 797
774 1763
775 1003
775 1380
775 2133
779 2651
780 2744
782 2364
784 2224
784 2486
786 1200
786 1765
786 1798
787 906
787 921
787 1949
787 2523
789 1186
793 2172
794 970
794 1170
794 1743
794 1861
794 2981
797 1061
798 2150
799 1072
799 1815
800 1429
801 1843
801 2379
804 1894
808 1103
808 1198
808 1906
808 2642
810 939
810 1190
810 1369
810 1451
812 1486
812 1996
812 2005
812 2446
812 2962
815 2818
818 827
818 1089
818 1490
818 2218
819 2395
827 1862
828 2799
830 2650
832 1056
832 2262
833 2867
835 1324
837 1290
837 1330
837 1751
838 1974
838 2546
838 2660
839 1560
839 2187
842 1056
842 1488
842 1546
842 2055
842 2199
842 2315
843 2011
843 2040
845 1421
845 1526
845 2800
852 1780
852 1941
858 982
858 1216
858 1244
858 1988
858 2669
860 977
861 2445
863 910
864 1961
866 957
866 1063
866 1704
866 1945
866 2268
866 2296
869 2038
877 2906
879 2833
880 1371
880 2038
880 2361
880 2509
880 2632
880 2899
885 1014
887 2400
889 1621
889 1919
889 2836
890 1284
892 2481
894 953
894 1546
895 1112
895 1182
896 2566
899 1934
899 2178
900 1155
900 1252
900 1473
900 1512
900 1513
900 1569
900 2060
900 2695
900 2777
901 1485
906 2606
907 1735
907 2273
907 2704
909 972
910 2730
911 1503
911 2436
911 2940
914 1191
914 2198
916 2102
916 2223
918 1959
924 1177
924 1196
924 2153
926 2200
927 1173
927 1186
927 2259
928 2132
934 1129
934 1894
934 2116
934 2197
934 2793
935 1399
935 2236
937 1083
938 1061
938 2645
939 1209
939 1443
941 1773
942 1341
944 1800
945 2645
949 1106
949 1447
949 2039
949 2392
949 2973
951 1448
951 2005
952 1528
952 1694
953 1542
956 2133
956 2988
958 1753
959 2145
960 1615
961 1608
965 1474
965 1890
965 1949
965 2168
967 1769
969 1696
970 1257
970 1655
970 2190
970 2398
970 2437
971 1667
972 1320
973 1104
973 2022
973 2126
973 2236
975 1104
975 1327
977 2381
978 2779
986 2609
989 1695
991 2759
992 2949
993 997
993 1993
996 1042
996 2153
996 2953
998 2268
999 2117
1000 1120
1000 1734
1000 1767
1002 2190
1004 1301
1004 1522
1004 2248
1004 2595
1006 1133
1006 1180
1006 2482
1006 2873
1016 1229
1016 2595
1019 1204
1019 1574
1019 2288
1019 2874
1024 1322
1024 1639
1032 1594
1034 1129
1035 2194
1035 2484
1041 1068
1041 1509
1044 1629
1044 2051
1054 1383
1054 1521
1054 2119
1054 2299
1054 2447
1056 2571
1056 2731
1056 2927
1057 1096
1059 1103
1063 1089
1063 2789
1065 2675
1066 1243
1067 2208
1071 2391
1072 1100
1072 1157
1072 1195
1072 2152
1072 2290
1072 2381
1072 2542
1072 2996
1076 1187
1083 2437
1086 1316
1089 2411
1089 2622
1090 1572
1090 2968
1091 1884
1091 1973
1091 2564
1091 2891
1092 2786
1103 1303
1103 1681
1103 1933
1103 2454
1103 2531
1104 1150
1104 1902
1104 2232
1104 2955
1104 2995
1105 2160
1110 1239
1110 2690
1114 1365
1114 2292
1117 1150
1117 2114
1120 1807
1124 2091
1125 2247
1127 1152
1127 1796
1127 1862
1127 2115
1128 2588
1129 1656
1129 2032
1136 2751
1137 1616
1137 1918
1140 2263
1150 2429
1150 2808
1152 1783
1152 1944
1152 2629
1157 1682
1157 2713
1158 2986
1164 1361
1166 1928
1166 2316
1167 1315
1170 2139
1170 2295
1174 1449
1174 1531
1174 2087
1177 1493
1178 1658
1178 2161
1180 2127
1180 2140
1187 1638
1187 2711
1190 1853
1191 1817
1191 2062
1191 2700
1192 2064
1192 2890
1195 1231
1195 1242
1195 1821
1195 1881
1196 1309
1200 1534
1200 2439
1203 2428
1203 2640
1204 1213
1204 1388
1209 1217
1209 1916
1209 2217
1209 2362
1209 2464
1209 2490
1211 1465
1215 1230
1215 1351
1215 1772
1215 1808
1215 2196
1215 2878
1216 2083
1222 1901
1223 1967
1223 2236
1229 1235
1230 1577
1231 1301
1231 1638
1231 1865
1233 2369
1239 1575
1239 2133
1243 1512
1243 1775
1243 2108
1243 2168
1248 1695
1248 1928
1248 2020
1248 2864
1252 1425
1257 1279
1257 2084
1257 2823
1257 2905
1262 1640
1264 2739
1265 1600
1265 2093
1273 2859
1274 1832
1277 1592
1277 2151
1277 2347
1279 1376
1279 2422
1280 2909
1283 2461
1288 1787
1290 1738
1298 1897
1298 1919
1299 1587
1299 1720
1299 2872
1302 1700
1303 1608
1303 1779
1303 2694
1313 1721
1315 2198
1316 1581
1316 1704
1329 1473
1329 1951
1330 2462
1332 1384
1334 1702
1335 1380
1337 1447
1340 1347
1340 1638
1341 2334
1351 2254
1351 2298
1354 2054
1354 2415
1354 2976
1363 1689
1367 1538
1367 2355
1371 1751
1371 2021
1372 2329
1376 1739
1376 2558
1376 2656
1377 2687
1377 2979
1378 2009
1384 1522
1384 2903
1385 2451
1391 2033
1391 2124
1391 2661
1396 2286
1397 1624
1399 1428
1399 1600
1399 1822
1399 2007
1399 2026
1399 2060
1399 2809
1406 1413
1406 1555
1406 2003
1406 2165
1406 2668
1409 1736
1410 1511
1411 1882
1413 2585
1413 2607
1420 2921
1421 2420
1428 2244
1429 2824
1432 2236
1432 2251
1432 2496
1436 1497
1436 2753
1437 2109
1441 1669
1441 1989
1441 2640
1447 2483
1452 1668
1452 1915
1456 1973
1457 1484
1464 2304
1473 1560
1473 1851
1473 2526
1473 2547
1474 1740
1476 2204
1476 2533
1476 2846
1477 2276
1477 2812
1482 2287
1482 2967
1486 2296
1497 1673
1497 2111
1499 2795
1501 1671
1501 2024
1504 1581
1506 2204
1506 2889
1511 1908
1511 2099
1511 2431
1511 2898
1512 1608
1512 1807
1521 1564
1521 1817
1521 2134
1521 2211
1526 2858
1528 2117
1532 2290
1532 2924
1554 1795
1555 1805
1555 2558
1555 2946
1560 2853
1562 1672
1562 2493
1564 2468
1565 2538
1567 2131
1568 1761
1568 1924
1568 2066
1571 2963
1577 1734
1578 2032
1578 2860
1583 1662
1587 1722
1587 1836
1587 1915
1587 2436
1587 2545
1587 2661
1587 2690
1588 2721
1589 1838
1592 2051
1592 2512
1592 2966
1596 2160
1604 1699
1604 2433
1606 2146
1608 1909
1608 2332
1614 2094
1616 2755
1632 2879
1633 2090
1634 2439
1636 2064
1636 2498
1638 2197
1640 1727
1640 1754
1640 2402
1644 2188
1644 2828
1652 2909
1655 2350
1655 2551
1656 2864
1664 1914
1664 2738
1668 2414
1688 1960
1688 2479
1689 2052
1689 2056
1689 2786
1690 2545
1692 2267
1699 1778
1700 2811
1704 2419
1708 2383
1709 2249
1711 2548
1712 2203
1716 2703
1723 2073
1724 2503
1739 2816
1745 2907
1750 2228
1751 2718
1755 2768
1763 2149
1772 2905
1778 2684
1779 2506
1779 2945
1780 1800
1790 2077
1790 2644
1793 1806
1793 2119
1793 2394
1795 1903
1800 1909
1800 2317
1805 2838
1805 2924
1806 1959
1806 2801
1809 1830
1811 2008
1822 2749
1829 1858
1835 1927
1835 2906
1856 1954
1856 2223
1856 2679
1861 2587
1862 2512
1862 2737
1865 2439
1866 2917
1874 2628
1893 1984
1902 1954
1902 2256
1902 2468
1902 2730
1908 2827
1919 2429
1919 2495
1925 2166
1939 2123
1939 2161
1940 1965
1944 2226
1945 2405
1950 1961
1961 2061
1989 2820
1990 2376
1990 2517
1996 2516
1996 2627
2003 2230
2004 2156
2004 2752
2005 2123
2005 2207
2005 2294
2005 2691
2005 2818
2007 2675
2008 2247
2009 2035
2024 2513
2035 2127
2035 2279
2035 2842
2040 2635
2044 2812
2053 2590
2054 2133
2054 2637
2056 2742
2056 2919
2060 2514
2071 2386
2099 2289
2099 2462
2102 2279
2106 2227
2111 2589
2113 2371
2113 2496
2116 2950
2125 2415
2143 2245
2145 2299
2149 2305
2149 2724
2149 2765
2153 2853
2160 2327
2161 2367
2172 2271
2172 2943
2179 2380
2192 2487
2197 2473
2204 2276
2209 2577
2209 2661
2223 2367
2223 2447
2223 2934
2242 2312
2242 2884
2244 2283
2247 2976
2256 2881
2259 2671
2296 2341
2300 2550
2302 2622
2315 2320
2315 2918
2328 2476
2330 2464
2331 2370
2332 2757
2351 2965
2355 2651
2356 2725
2358 2645
2373 2573
2373 2837
2383 2911
2389 2656
2391 2580
2392 2425
2396 2859
2398 2909
2418 2553
2425 2641
2425 2664
2437 2607
2439 2848
2447 2569
2462 2610
2481 2768
2486 2874
2499 2682
2506 2531
2510 2600
2523 2554
2523 2869
2528 2896
2531 2647
2558 2704
2589 2724
2597 2880
2609 2996
2616 2976
2640 2854
2648 2899
2651 2866
2671 2776
2703 2730
2711 2810
2742 2962
2755 2868
2786 2914
2807 2998
2842 2891
2849 2917
2860 2884
2899 2996
