2000 2076
0 1
0 2
0 5
0 7
0 11
0 19
0 21
0 30
0 40
0 44
0 55
0 85
0 120
0 151
0 169
0 173
0 209
0 265
0 301
0 783
0 907
0 941
0 962
0 965
0 1189
0 1333
0 1502
0 1536
0 1618
1 2
1 30
1 57
1 70
1 277
1 362
1 410
1 421
1 457
1 820
1 855
1 975
1 1095
1 1167
1 1177
1 1522
1 1534
1 1565
1 1573
1 1693
1 1719
2 5
2 7
2 9
2 10
2 16
2 20
2 28
2 29
2 35
2 39
2 42
2 50
2 59
2 70
2 80
2 109
2 118
2 119
2 126
2 132
2 134
2 172
2 176
2 185
2 240
2 245
2 255
2 256
2 259
2 283
2 295
2 303
2 334
2 344
2 410
2 417
2 437
2 448
2 452
2 461
2 462
2 466
2 488
2 493
2 515
2 526
2 529
2 549
2 562
2 567
2 577
2 598
2 628
2 657
2 672
2 678
2 681
2 684
2 687
2 692
2 694
2 755
2 759
2 770
2 800
2 806
2 842
2 893
2 906
2 922
2 930
2 944
2 971
2 973
2 988
2 997
2 1020
2 1037
2 1075
2 1125
2 1144
2 1224
2 1235
2 1248
2 1282
2 1295
2 1343
2 1369
2 1375
2 1381
2 1443
2 1465
2 1544
2 1557
2 1566
2 1602
2 1689
2 1717
2 1799
2 1812
2 1847
2 1855
2 1863
2 1874
2 1875
2 1886
2 1907
2 1916
2 1927
5 10
5 24
5 29
5 34
5 45
5 58
5 100
5 198
5 200
5 209
5 222
5 243
5 271
5 276
5 281
5 347
5 365
5 391
5 435
5 498
5 587
5 646
5 676
5 758
5 883
5 1015
5 1146
5 1163
5 1263
5 1401
5 1409
5 1426
5 1535
5 1537
5 1554
5 1625
5 1659
5 1872
7 18
7 22
7 41
7 45
7 48
7 49
7 83
7 88
7 284
7 381
7 520
7 896
7 913
7 914
7 962
7 1036
7 1312
7 1450
7 1611
7 1615
10 15
10 29
10 36
10 41
10 52
10 107
10 108
10 132
10 189
10 193
10 232
10 240
10 285
10 301
10 477
10 575
10 600
10 725
10 746
10 777
10 783
10 844
10 851
10 863
10 1060
10 1066
10 1231
10 1409
10 1582
10 1977
15 992
15 1010
16 448
16 651
16 868
16 920
18 22
18 23
18 29
18 36
18 47
18 61
18 62
18 96
18 100
18 134
18 177
18 186
18 224
18 261
18 298
18 316
18 317
18 360
18 371
18 399
18 438
18 443
18 454
18 723
18 732
18 970
18 1009
18 1019
18 1072
18 1112
18 1122
18 1334
18 1399
18 1409
18 1588
18 1658
18 1705
19 20
19 47
19 60
19 65
19 73
19 100
19 102
19 112
19 123
19 124
19 140
19 173
19 184
19 200
19 204
19 225
19 246
19 295
19 366
19 368
19 374
19 499
19 513
19 524
19 538
19 556
19 574
19 593
19 606
19 633
19 643
19 707
19 710
19 719
19 741
19 771
19 786
19 796
19 854
19 886
19 1072
19 1074
19 1108
19 1112
19 1120
19 1140
19 1187
19 1316
19 1379
19 1411
19 1453
19 1482
19 1557
19 1567
19 1589
19 1760
19 1824
19 1935
20 31
20 92
20 107
20 154
20 166
20 191
20 210
20 235
20 443
20 476
20 519
20 545
20 613
20 845
20 1099
20 1161
20 1239
20 1285
20 1290
20 1657
20 1828
21 26
21 227
21 996
21 1685
22 27
22 31
22 264
22 671
22 674
22 846
22 990
22 1158
22 1187
22 1373
22 1379
23 71
23 140
23 288
24 50
24 70
24 110
24 300
24 343
24 708
24 714
24 767
24 807
24 1184
24 1459
24 1501
24 1554
24 1882
26 73
26 74
26 118
26 131
26 140
26 484
26 577
26 670
26 876
26 1087
26 1124
26 1157
26 1214
26 1390
26 1550
26 1569
27 127
27 150
27 608
27 1127
28 36
28 46
28 79
28 83
28 110
28 136
28 186
28 208
28 225
28 292
28 444
28 493
28 512
28 558
28 595
28 652
28 756
28 782
28 792
28 857
28 864
28 896
28 920
28 968
28 1124
28 1188
28 1267
28 1336
28 1452
28 1457
28 1835
29 32
29 38
29 46
29 60
29 61
29 63
29 83
29 104
29 110
29 160
29 172
29 178
29 182
29 195
29 203
29 209
29 219
29 245
29 251
29 253
29 262
29 337
29 349
29 356
29 392
29 436
29 471
29 501
29 521
29 527
29 528
29 550
29 607
29 620
29 635
29 677
29 685
29 719
29 731
29 784
29 789
29 832
29 842
29 865
29 889
29 913
29 929
29 984
29 1084
29 1116
29 1156
29 1158
29 1193
29 1256
29 1277
29 1293
29 1298
29 1345
29 1371
29 1376
29 1380
29 1393
29 1452
29 1481
29 1488
29 1543
29 1623
29 1644
29 1659
29 1730
29 1790
29 1871
29 1916
29 1960
30 1193
31 37
31 41
31 56
31 72
31 85
31 174
31 230
31 255
31 269
31 440
31 496
31 531
31 785
31 857
31 921
31 1105
31 1200
31 1714
31 1794
32 33
32 88
32 138
32 139
32 178
32 378
32 479
32 523
32 573
32 879
32 1308
32 1632
33 37
33 80
33 409
34 44
34 55
34 62
34 83
34 100
34 143
34 148
34 186
34 189
34 229
34 234
34 330
34 354
34 435
34 444
34 500
34 529
34 628
34 709
34 817
34 883
34 949
34 972
34 1062
34 1085
34 1101
34 1145
34 1269
34 1321
34 1588
34 1678
34 1843
34 1888
35 84
35 410
35 708
35 881
35 1163
35 1400
35 1560
35 1934
36 82
36 173
36 342
36 408
36 981
36 1658
38 66
38 344
38 979
38 1137
38 1507
40 1323
40 1605
40 1805
41 87
41 288
41 304
41 399
41 1260
41 1431
41 1520
41 1921
42 377
42 423
42 783
42 1804
44 101
44 116
44 131
44 212
44 279
44 325
44 363
44 466
44 552
44 760
44 1139
44 1584
45 253
45 265
45 401
45 865
45 920
45 1020
45 1080
45 1239
45 1473
45 1656
46 82
46 169
46 1627
46 1756
47 1519
48 74
48 104
48 377
48 629
48 944
48 964
48 1201
48 1459
48 1721
48 1834
49 70
49 140
49 476
49 749
49 1006
50 131
50 875
52 112
55 485
55 540
55 838
55 1459
56 103
56 811
56 1248
56 1425
57 109
59 62
59 213
59 291
59 735
59 1965
60 90
60 152
60 354
60 388
60 401
60 443
60 455
60 537
60 589
60 665
60 752
60 1216
60 1322
60 1529
60 1620
60 1726
60 1831
60 1867
61 103
61 792
61 1028
61 1200
61 1576
61 1800
62 90
62 92
62 167
62 175
62 297
62 390
62 429
62 438
62 445
62 794
62 807
62 904
62 1261
62 1361
62 1412
62 1779
63 94
63 723
65 818
65 1530
66 235
66 281
66 1060
66 1185
66 1277
70 106
70 219
70 552
70 703
71 88
71 491
71 514
71 871
71 1772
73 89
73 1994
74 874
74 1181
79 235
79 325
79 663
79 1166
79 1312
79 1433
80 150
80 184
80 287
80 418
80 751
80 960
80 1184
80 1343
80 1495
80 1777
80 1941
80 1978
82 213
82 471
82 1092
82 1163
82 1247
82 1732
82 1956
83 184
83 267
83 302
83 552
83 665
83 683
83 686
83 763
83 1034
83 1266
83 1483
83 1552
83 1779
84 311
84 465
84 492
85 136
85 583
85 775
85 855
85 1019
85 1134
85 1607
87 263
88 114
88 212
88 245
88 247
88 269
88 271
88 306
88 348
88 417
88 425
88 445
88 452
88 706
88 715
88 782
88 800
88 1062
88 1175
88 1313
88 1450
88 1489
88 1921
89 305
89 502
89 1085
89 1708
90 113
90 132
90 161
90 172
90 219
90 228
90 339
90 387
90 504
90 582
90 757
90 959
90 1159
90 1446
90 1745
90 1929
92 319
92 613
92 657
92 750
92 1229
92 1782
94 426
94 470
94 792
94 941
94 1035
94 1214
94 1456
94 1938
94 1940
100 355
100 822
100 1006
100 1077
100 1232
100 1602
101 109
101 725
101 1871
102 1049
102 1132
102 1963
103 217
103 394
103 630
103 1032
104 145
104 297
104 396
104 526
104 620
104 635
104 796
104 1040
104 1205
104 1224
104 1316
104 1413
104 1478
104 1728
104 1846
104 1976
107 271
107 1422
107 1544
107 1614
107 1859
107 1865
109 154
109 240
109 715
109 1061
109 1686
110 302
110 306
110 458
110 729
110 906
110 1151
110 1224
110 1308
110 1766
110 1841
110 1942
112 753
112 1453
113 328
113 338
113 698
114 420
114 1582
114 1730
118 193
118 256
118 348
118 417
118 472
118 670
118 1162
118 1471
118 1504
124 1187
126 748
126 792
131 685
131 687
131 1010
131 1039
131 1282
131 1812
131 1956
132 793
132 856
132 862
132 1210
134 1919
136 159
136 245
136 635
136 647
136 1094
136 1201
136 1488
136 1963
138 572
138 678
138 901
140 172
140 185
140 200
140 209
140 212
140 213
140 364
140 441
140 544
140 656
140 849
140 948
140 1215
140 1800
140 1959
145 1086
145 1113
145 1746
145 1969
148 458
148 468
148 673
148 845
148 939
148 972
148 1343
150 368
150 438
150 631
150 812
150 878
150 954
150 1639
150 1881
151 257
151 772
151 1200
151 1706
152 1584
154 171
154 216
154 249
154 292
154 561
154 619
154 641
154 741
154 839
154 895
154 921
154 948
154 957
154 1071
154 1211
154 1884
159 1474
160 233
161 426
161 1423
166 1511
167 193
169 275
169 429
169 1192
169 1427
169 1442
169 1560
172 379
172 428
172 455
172 463
172 643
172 799
172 1013
172 1043
172 1525
172 1636
172 1665
172 1728
173 214
173 305
173 324
173 450
173 541
173 781
173 784
173 880
173 996
173 1274
173 1464
173 1570
173 1954
174 1024
174 1734
175 1035
176 1236
176 1574
177 1258
178 322
178 360
178 619
178 696
178 1251
178 1755
182 281
182 701
184 760
184 1036
184 1143
184 1179
185 194
185 858
185 981
185 1142
185 1606
185 1918
186 323
186 365
186 511
186 519
186 879
186 1217
186 1546
191 809
191 1115
193 1237
194 1767
195 233
195 460
195 489
195 497
200 597
200 1121
200 1581
200 1620
200 1891
204 382
204 609
208 977
209 287
209 1007
209 1644
209 1902
210 993
212 230
212 1366
213 320
213 1349
213 1601
213 1619
213 1999
216 757
216 847
217 633
219 539
219 577
219 601
219 1067
219 1130
219 1210
219 1239
219 1961
222 735
222 966
222 1579
224 369
224 717
224 747
224 1678
227 237
227 1663
228 394
228 602
228 684
228 821
228 1134
228 1676
228 1870
229 640
229 660
229 1878
230 377
230 841
230 1544
230 1743
230 1773
234 291
234 723
234 1076
235 305
235 557
235 659
235 910
235 1717
235 1870
235 1908
235 1912
243 610
243 687
243 1000
245 634
245 918
245 1057
245 1063
245 1160
245 1302
245 1348
245 1604
245 1614
245 1762
245 1804
246 274
246 1598
249 501
249 979
251 1787
255 357
255 752
255 880
255 1143
255 1364
255 1409
255 1468
256 631
257 365
257 1365
257 1768
259 539
259 1498
259 1647
261 356
262 268
262 382
262 449
262 548
262 597
262 640
262 672
262 1134
263 779
263 806
264 330
264 440
264 520
264 895
264 918
264 1696
264 1761
265 455
265 774
265 793
265 1017
265 1365
267 435
267 860
268 684
268 1382
271 362
271 578
271 903
271 994
271 1045
271 1114
271 1274
271 1336
271 1348
271 1384
271 1449
271 1808
271 1816
271 1841
271 1919
271 1933
271 1964
271 1997
274 759
274 875
274 1172
274 1373
276 851
276 1580
276 1681
276 1891
279 402
281 317
281 685
284 399
284 463
287 341
287 605
287 1705
288 584
288 757
288 933
288 1250
292 545
292 909
295 430
295 1043
295 1055
295 1311
295 1347
295 1738
295 1820
295 1827
297 367
297 873
298 332
300 453
300 988
301 350
301 424
301 463
301 601
301 769
301 805
301 814
301 1109
301 1151
301 1425
301 1584
301 1591
301 1782
301 1822
302 1427
302 1821
303 352
303 1232
303 1780
304 1040
305 317
305 385
305 409
305 699
305 1476
305 1743
306 356
306 488
306 524
306 1814
306 1943
311 1505
316 1300
317 378
317 420
317 558
317 710
317 968
320 1493
323 1137
325 590
325 855
325 1199
325 1597
325 1694
325 1829
325 1927
330 430
330 473
330 501
330 584
330 755
330 880
330 1098
330 1981
332 760
332 780
334 457
337 500
337 1613
339 990
339 1220
342 1047
342 1083
344 620
347 621
348 434
348 441
348 901
348 1281
348 1367
349 1095
350 615
350 751
352 710
354 657
354 1475
355 506
355 1518
355 1915
356 618
356 1115
360 371
360 565
360 951
360 1166
360 1904
362 841
362 900
362 1077
362 1390
362 1435
362 1445
363 1625
365 797
365 812
366 505
366 586
366 926
366 1866
366 1875
367 407
367 841
367 1763
368 1171
368 1296
368 1559
368 1754
369 1243
371 590
371 818
371 950
374 957
377 446
377 588
377 1028
378 476
378 558
378 742
378 762
378 815
378 871
378 1018
378 1119
378 1288
378 1348
378 1591
378 1758
379 1068
379 1773
381 862
387 611
387 679
387 982
387 1307
390 520
390 866
390 947
390 1621
391 502
391 1350
392 425
392 1120
392 1583
394 1228
394 1557
396 776
399 1114
399 1167
399 1306
399 1338
399 1648
399 1893
399 1981
401 1640
402 505
402 569
402 1143
402 1425
402 1533
407 540
407 1583
408 661
409 600
409 1273
410 875
410 930
410 1297
417 1089
417 1195
417 1231
417 1972
424 1386
425 506
425 953
425 1018
425 1662
429 844
429 967
430 596
430 1026
430 1568
434 806
434 1091
434 1294
436 879
438 849
443 1033
443 1641
443 1669
443 1950
444 663
445 537
445 843
445 1437
445 1644
448 477
448 1067
448 1395
448 1764
449 726
450 878
452 1563
454 494
454 811
454 1051
454 1638
455 561
455 569
455 570
455 1103
455 1298
455 1587
458 757
460 484
460 1339
461 1552
463 562
463 677
463 777
463 916
463 1167
463 1531
466 503
466 1425
466 1546
468 969
471 528
471 606
471 666
471 775
471 1406
471 1796
471 1863
479 1857
484 672
485 1044
492 1740
493 1721
496 1907
500 914
502 620
503 1369
503 1698
504 697
504 982
505 620
511 709
511 790
511 792
511 1562
511 1908
512 946
513 1305
514 905
515 548
515 734
519 656
519 861
520 1343
520 1486
520 1714
520 1864
521 1593
523 630
523 870
523 1519
524 938
524 1467
527 945
528 760
528 1093
528 1234
528 1686
529 643
529 718
538 1877
539 1020
540 1608
549 833
552 793
552 1568
552 1693
556 661
556 665
556 1616
558 588
558 610
558 954
558 1051
561 817
562 844
562 846
562 1345
567 1665
569 807
570 766
572 1403
573 980
574 873
574 1383
574 1389
574 1705
575 756
575 1403
575 1813
577 590
577 932
577 991
577 1260
578 1424
583 590
584 994
586 959
588 1049
590 1393
590 1639
590 1721
590 1880
596 1181
600 928
600 1353
601 948
602 928
602 1881
605 1045
605 1475
605 1882
608 828
608 1026
608 1062
608 1223
608 1361
608 1624
610 1374
610 1504
613 1974
620 722
620 1421
621 995
628 871
629 1342
629 1979
630 747
630 872
631 1294
631 1623
631 1745
633 1026
635 655
635 1853
635 1967
643 926
646 1425
646 1847
647 772
647 1296
647 1379
651 1503
652 1467
657 1149
657 1592
661 866
661 944
661 968
661 1144
661 1187
661 1208
661 1359
663 667
663 723
663 953
663 1476
663 1527
663 1991
663 1999
665 714
665 1277
665 1518
665 1957
667 823
667 918
670 840
670 1441
672 1431
672 1554
672 1735
677 925
678 764
679 1226
679 1520
684 693
684 1907
685 824
685 874
685 912
685 1456
685 1834
687 1641
692 1013
693 861
694 850
694 1664
694 1712
696 950
696 1599
697 799
697 1109
697 1960
699 1564
706 1003
706 1198
706 1295
709 1800
714 1033
715 748
715 856
715 911
715 1285
715 1378
715 1751
715 1885
725 905
725 943
725 954
725 988
725 1540
725 1678
725 1826
725 1836
726 989
731 737
732 1147
732 1172
735 1823
737 1099
742 1138
746 839
746 1030
746 1128
746 1136
748 1015
748 1745
750 1707
751 1434
751 1638
751 1831
751 1843
752 954
753 1009
756 1463
757 916
757 1520
759 794
760 1198
760 1206
762 1624
762 1690
762 1797
762 1948
763 781
763 1930
764 946
769 1152
769 1341
769 1453
775 821
775 1882
781 1444
781 1467
781 1563
781 1577
782 1094
783 1133
783 1196
783 1451
783 1528
783 1834
784 1309
786 1327
793 1604
793 1685
794 993
799 1039
800 1133
805 1539
805 1585
806 1992
809 1150
809 1718
811 1674
811 1734
814 925
814 990
814 1284
814 1687
814 1922
817 1266
818 1065
821 1376
822 1717
823 1093
828 923
828 1125
828 1354
840 1041
841 1913
842 1410
847 1807
849 1240
849 1605
854 1783
855 921
855 1018
855 1312
856 1195
856 1302
856 1571
856 1620
857 1214
861 922
862 1058
862 1066
864 1211
865 1844
871 1505
873 1017
873 1385
873 1526
873 1680
873 1698
875 1070
879 1069
879 1352
879 1471
879 1504
879 1742
879 1917
886 1770
886 1939
895 1567
896 1939
900 1413
903 1085
906 1694
906 1966
907 1129
910 1677
913 1788
913 1815
916 1231
916 1286
916 1581
920 1174
920 1188
920 1413
920 1456
921 931
921 1246
921 1350
921 1523
921 1658
923 1339
923 1610
925 1564
928 1737
928 1803
941 957
941 1032
941 1755
944 1016
944 1217
944 1294
944 1361
944 1737
944 1790
944 1802
944 1817
946 988
946 1121
946 1940
946 1998
948 1007
948 1516
948 1603
948 1685
951 1176
954 1185
954 1751
957 1529
959 1613
959 1856
962 1894
965 1147
965 1400
965 1730
966 1244
968 1739
969 1647
972 1006
972 1673
980 1067
980 1824
980 1828
980 1912
981 1328
981 1656
981 1850
989 1176
989 1365
989 1478
989 1592
990 1428
990 1811
990 1910
994 1830
996 1046
1010 1048
1010 1062
1010 1812
1015 1278
1016 1922
1026 1768
1028 1818
1035 1897
1035 1994
1036 1643
1039 1228
1039 1699
1039 1869
1040 1050
1040 1206
1043 1171
1043 1591
1045 1530
1046 1471
1049 1050
1049 1413
1049 1892
1050 1676
1050 1712
1050 1811
1055 1695
1062 1073
1062 1284
1063 1135
1063 1619
1073 1240
1073 1245
1073 1703
1075 1340
1080 1266
1083 1186
1083 1807
1084 1249
1084 1361
1084 1463
1085 1741
1085 1819
1086 1090
1086 1284
1086 1678
1087 1374
1090 1393
1090 1789
1090 1895
1091 1148
1093 1493
1094 1271
1094 1563
1094 1687
1094 1713
1099 1431
1109 1728
1109 1821
1113 1941
1115 1924
1116 1550
1119 1512
1125 1319
1129 1257
1134 1234
1134 1268
1138 1831
1139 1161
1143 1502
1143 1711
1143 1929
1143 1994
1144 1608
1144 1971
1146 1552
1152 1413
1160 1224
1160 1508
1160 1860
1161 1589
1171 1636
1184 1400
1184 1705
1186 1911
1198 1938
1199 1253
1199 1434
1199 1621
1200 1415
1200 1427
1210 1222
1211 1490
1217 1659
1222 1301
1236 1866
1237 1313
1239 1898
1239 1899
1246 1430
1246 1739
1250 1513
1250 1612
1250 1700
1256 1941
1257 1897
1266 1927
1285 1324
1285 1497
1285 1582
1294 1586
1295 1390
1302 1320
1302 1997
1307 1628
1308 1485
1312 1970
1324 1462
1334 1592
1342 1939
1343 1566
1364 1608
1373 1561
1376 1593
1379 1740
1379 1992
1381 1395
1386 1452
1390 1400
1390 1481
1390 1780
1393 1857
1400 1522
1400 1714
1400 1942
1403 1733
1409 1945
1409 1957
1413 1511
1425 1720
1425 1740
1425 1981
1430 1961
1433 1462
1434 1982
1450 1891
1452 1550
1452 1875
1456 1578
1463 1953
1471 1960
1473 1537
1490 1606
1490 1830
1493 1563
1501 1536
1501 1597
1502 1695
1502 1951
1505 1612
1507 1704
1507 1761
1513 1613
1518 1962
1523 1591
1540 1900
1552 1635
1552 1994
1573 1650
1573 1692
1573 1951
1580 1700
1584 1653
1591 1710
1604 1642
1608 1783
1612 1952
1614 1787
1638 1998
1644 1769
1644 1971
1648 1708
1659 1689
1664 1722
1665 1821
1678 1773
1692 1814
1700 1799
1710 1966
1739 1785
1745 1841
1767 1811
1768 1985
1803 1898
1821 1961
1860 1864
1941 1947
1954 1969
