1000 1692
0 12
0 353
0 677
0 777
0 827
1 317
1 357
1 605
1 641
1 949
2 409
2 599
2 650
2 676
2 918
3 803
3 851
4 179
4 202
4 217
4 250
4 286
6 137
6 163
6 203
6 302
6 363
6 495
6 701
7 960
8 55
8 231
8 267
8 552
8 729
9 123
9 305
9 323
9 397
9 447
9 543
10 94
10 546
11 330
11 859
12 182
12 382
12 869
13 308
13 919
14 251
14 403
14 432
14 444
14 445
14 619
15 305
15 366
15 820
16 40
16 121
16 767
16 876
16 905
16 940
17 94
17 170
18 682
18 684
18 877
18 898
19 54
19 214
19 288
19 318
19 415
19 533
19 630
19 759
19 898
20 256
20 297
20 877
21 132
21 206
21 567
21 776
22 122
22 237
22 276
22 613
22 757
23 138
23 167
23 844
23 856
23 950
23 966
24 31
24 303
24 874
25 148
25 467
25 477
25 489
25 751
25 778
25 819
26 351
26 774
27 663
27 994
28 360
28 967
29 32
29 297
29 761
30 104
30 552
30 594
30 933
31 360
31 506
31 855
32 463
32 508
32 536
32 893
33 92
33 479
33 877
34 39
34 244
34 290
34 379
34 485
34 628
35 786
35 835
36 40
36 285
36 526
36 641
36 909
37 630
37 707
38 740
39 299
39 516
39 675
39 898
40 74
40 121
40 456
40 830
41 148
42 871
43 97
43 324
43 655
43 663
43 767
43 865
44 874
44 914
44 994
45 170
45 246
45 854
46 477
46 575
46 713
47 55
47 497
47 995
48 612
48 803
49 491
49 943
50 358
50 517
51 809
51 911
52 237
52 499
52 649
52 800
52 848
52 927
53 238
54 143
54 152
54 346
54 399
54 880
56 105
56 388
56 773
58 812
58 870
59 92
59 196
59 894
60 184
61 81
61 650
61 696
62 205
62 437
62 952
63 284
63 309
63 330
64 190
64 468
64 642
65 785
66 569
66 756
66 797
66 803
67 138
67 737
68 669
69 269
69 290
69 490
69 722
70 215
70 889
71 293
71 712
72 273
72 687
72 962
73 288
73 629
73 747
73 876
73 998
74 97
74 196
74 379
74 477
74 601
74 734
74 921
75 256
75 307
75 641
75 721
75 897
76 385
76 982
77 323
77 397
77 693
78 268
79 470
80 221
80 390
80 432
80 745
81 309
81 661
81 989
83 544
83 613
83 959
84 266
85 386
85 604
85 732
85 850
86 472
86 941
87 917
88 201
88 338
89 189
89 585
89 589
89 659
89 759
89 762
90 466
90 783
91 254
91 355
92 322
92 966
93 517
93 649
94 360
94 472
95 165
95 276
95 378
96 286
96 406
96 619
96 633
97 310
97 497
97 613
98 240
98 439
98 701
99 223
99 574
100 948
100 968
101 190
101 863
102 141
102 515
102 534
102 889
103 330
104 121
104 172
104 732
105 754
105 919
107 616
107 769
107 941
109 143
109 592
110 424
110 659
111 338
111 590
111 822
112 560
113 402
113 777
113 860
114 673
114 685
114 789
114 857
115 287
115 434
115 880
116 188
116 416
116 650
116 713
116 745
116 971
117 416
117 854
117 963
119 189
119 688
119 818
119 960
120 942
121 150
121 204
121 553
121 871
121 941
122 217
122 514
122 949
123 581
123 825
123 905
124 382
124 785
124 844
125 294
125 536
125 712
125 733
125 869
126 263
126 501
126 711
127 147
127 450
127 748
128 162
128 410
128 437
128 469
128 512
128 681
129 679
129 822
129 850
129 942
130 767
130 834
130 912
131 402
131 740
132 454
132 644
132 758
132 961
133 369
133 958
133 982
134 154
134 234
134 385
134 386
134 429
134 802
135 169
135 774
135 842
135 896
135 933
135 955
136 231
136 433
136 435
136 498
137 488
137 498
137 827
138 551
138 734
138 927
138 960
139 215
139 499
140 260
140 614
140 782
140 954
141 725
142 431
142 433
142 644
142 793
142 949
143 588
143 694
143 743
143 895
144 443
144 551
144 640
144 799
145 162
145 386
145 585
146 207
146 405
146 496
146 628
146 851
147 853
147 868
147 880
147 960
148 210
148 760
148 902
149 427
150 195
151 459
151 532
151 813
152 370
152 586
152 853
153 203
153 634
153 645
153 691
154 214
154 234
154 441
155 170
155 421
155 639
155 794
156 308
156 310
156 552
156 690
157 402
159 273
159 410
159 489
159 572
160 272
160 302
160 976
161 505
161 590
161 670
161 768
162 933
163 571
163 613
163 806
164 333
164 683
164 762
164 864
164 886
164 978
165 368
165 824
165 832
166 470
166 583
167 171
168 250
168 324
168 737
168 749
169 269
169 300
169 685
169 700
169 820
170 436
170 538
170 555
170 585
170 929
171 348
171 454
171 878
172 560
172 583
172 606
172 643
172 855
173 210
173 263
173 273
173 569
174 221
174 308
174 677
175 329
175 411
175 582
175 649
176 379
176 539
177 508
177 832
177 878
178 260
178 735
178 904
179 296
179 896
180 391
181 277
181 473
181 708
181 939
182 238
182 268
182 380
182 561
183 251
183 672
184 348
185 224
185 599
185 729
185 772
186 224
186 551
186 664
187 583
187 970
189 739
190 447
190 715
192 249
192 645
193 748
193 916
193 989
194 447
194 485
194 799
194 958
196 438
196 514
196 530
196 992
197 681
197 698
198 272
198 597
199 245
200 318
200 460
200 465
200 879
201 252
201 758
202 440
202 518
202 723
202 910
203 375
203 412
203 957
204 479
204 487
204 746
205 470
206 884
206 977
207 210
207 234
207 239
207 326
207 444
208 712
208 842
209 633
210 304
210 339
210 668
210 993
211 212
211 592
212 222
212 619
213 590
213 988
214 247
214 346
214 928
215 791
216 391
217 242
217 725
217 926
217 950
218 404
218 733
219 349
220 227
220 287
220 792
222 343
222 899
223 245
223 370
223 578
223 923
224 457
224 573
224 943
225 245
225 818
227 510
228 407
228 638
228 647
229 230
229 387
229 693
229 696
229 711
229 715
229 798
230 542
231 577
231 651
231 652
231 943
231 951
231 993
232 418
233 765
234 727
235 347
235 402
235 539
235 686
236 675
237 240
237 480
237 582
237 993
238 566
238 823
238 846
238 867
238 981
239 463
239 587
239 771
239 982
240 449
240 789
240 988
241 351
241 447
241 565
241 636
241 827
241 997
242 254
242 555
242 808
242 965
242 988
243 626
243 973
243 995
244 354
244 365
244 469
244 996
245 446
245 496
245 530
245 831
245 956
246 514
247 482
247 723
248 338
248 881
249 843
249 845
250 366
250 381
250 493
250 727
250 734
250 745
250 773
251 467
251 606
252 564
253 325
253 805
254 365
254 983
255 326
255 338
255 395
255 572
255 714
256 444
256 677
257 742
257 876
257 933
258 450
259 710
260 301
260 366
261 372
261 768
261 866
262 331
262 424
263 533
264 581
264 672
264 822
265 393
265 456
265 545
265 852
266 340
266 525
266 779
268 319
269 509
269 798
269 833
270 931
271 999
273 328
273 332
273 362
273 454
273 658
273 834
274 339
274 537
274 560
274 842
276 277
276 517
277 536
277 649
278 520
278 766
278 861
278 984
279 562
279 891
281 470
282 315
282 458
282 640
282 814
282 855
283 285
283 319
283 496
283 500
283 731
284 354
284 405
284 574
284 621
284 814
284 845
284 963
285 390
285 402
285 694
285 715
285 832
286 354
286 436
286 499
286 542
286 615
286 911
287 517
287 519
287 825
288 418
288 585
288 786
289 734
290 730
290 766
291 405
291 670
291 757
291 825
292 324
292 443
293 406
293 591
293 672
293 750
293 956
294 797
295 455
295 464
295 565
295 749
295 890
296 504
296 821
297 511
297 595
298 691
298 728
299 832
299 880
299 914
300 413
300 551
300 659
300 760
300 952
301 497
301 647
301 726
301 891
301 950
302 652
303 338
303 645
303 720
303 980
305 938
306 364
307 490
307 507
307 663
307 669
307 678
307 840
307 903
308 535
309 750
309 836
309 876
310 394
310 484
310 883
311 537
311 598
311 712
311 729
311 774
311 824
313 327
313 438
314 865
314 943
315 700
316 414
316 577
316 820
317 404
317 695
317 725
317 811
317 957
318 433
318 438
318 600
318 656
318 950
319 603
320 575
321 810
322 425
322 900
323 365
323 657
324 413
324 976
325 512
325 786
326 534
326 642
327 628
327 863
328 590
328 993
329 390
330 693
331 369
331 890
331 953
331 983
332 475
332 747
332 868
333 515
334 600
335 734
335 956
335 976
336 435
336 695
337 345
337 898
338 945
339 610
339 667
339 859
341 423
342 606
342 933
344 735
344 938
346 423
346 542
346 830
346 996
347 833
347 917
347 988
349 590
349 594
349 826
349 995
350 456
350 618
350 738
350 813
350 841
350 889
351 378
351 675
351 735
351 766
351 804
352 554
353 472
353 896
354 577
355 413
356 461
356 584
358 897
359 638
360 439
360 927
361 519
362 485
362 790
362 818
362 878
364 423
364 436
364 478
364 605
364 635
365 917
366 590
366 697
366 847
367 796
368 429
368 473
369 568
369 653
370 707
370 762
370 920
372 391
373 498
373 623
373 740
375 810
376 451
376 487
376 875
376 925
377 524
378 836
379 443
379 734
379 740
379 845
380 469
380 540
380 814
380 819
380 914
381 514
382 479
382 644
382 787
382 891
382 949
383 964
384 530
384 556
384 656
384 925
384 971
385 425
385 733
385 747
385 771
386 525
386 711
386 765
386 996
387 415
387 455
387 832
388 794
389 556
389 722
389 795
389 825
390 656
390 881
391 463
391 860
392 649
392 684
392 718
393 611
393 749
394 698
394 832
394 952
395 417
395 672
395 688
395 725
395 845
396 510
396 767
397 954
398 825
398 891
399 660
401 677
401 826
401 996
402 458
402 878
403 620
403 696
403 955
404 433
404 491
404 545
404 590
405 781
405 802
406 589
409 576
409 679
409 878
409 896
410 539
410 601
410 892
411 660
411 663
412 910
413 454
413 757
413 851
415 599
415 641
417 544
417 588
417 837
418 562
418 821
418 967
419 517
419 659
420 625
420 700
421 455
421 484
421 503
421 505
422 820
424 521
425 812
426 525
426 712
427 567
428 614
428 996
429 459
429 669
429 773
430 752
430 929
431 488
432 734
432 894
433 437
433 873
435 551
435 616
436 690
437 464
437 482
438 559
438 800
439 663
440 872
442 640
443 501
444 584
445 864
448 570
448 833
449 769
449 824
449 833
450 823
450 838
451 666
451 678
452 471
453 537
453 605
453 670
454 514
454 554
454 913
455 868
456 605
456 703
456 896
457 533
457 689
457 758
458 562
458 710
458 749
459 575
459 798
459 860
461 491
461 788
461 929
462 520
462 682
463 644
463 762
463 817
464 769
465 835
466 541
466 749
466 985
467 530
467 763
468 944
469 506
469 574
469 929
471 684
471 707
471 916
471 970
472 729
472 979
473 677
474 572
474 579
474 952
475 495
475 598
475 721
475 754
475 896
475 904
476 557
477 611
477 852
479 633
479 991
480 605
480 775
480 885
481 761
481 859
483 667
483 750
483 954
484 486
485 753
485 811
486 633
486 687
486 753
487 937
488 740
489 523
490 613
490 857
490 871
491 540
493 569
493 940
493 998
494 523
495 605
495 606
495 719
496 889
496 984
497 638
497 733
497 923
498 889
500 614
500 658
500 747
502 844
503 898
504 511
504 756
504 951
505 746
505 865
506 574
506 709
506 748
507 625
507 638
508 899
509 526
509 603
509 664
509 871
509 916
510 800
510 973
511 652
511 814
512 535
512 711
513 568
513 823
513 945
514 642
515 556
515 797
517 752
518 632
518 694
518 700
518 818
519 671
519 689
520 707
520 711
520 961
521 668
521 769
521 802
522 724
522 738
522 933
523 620
524 536
525 575
526 616
526 901
526 968
526 985
527 882
528 540
528 660
528 780
528 921
529 643
529 689
529 865
532 819
534 931
537 561
538 734
538 765
540 749
541 552
541 643
541 929
542 559
542 766
543 561
543 583
544 826
545 748
545 808
545 829
547 763
548 898
549 638
549 785
549 876
550 678
550 685
550 765
552 608
553 573
556 867
559 602
559 758
559 794
560 915
561 630
561 863
562 619
568 894
569 839
569 845
570 711
570 841
570 844
572 688
572 818
572 852
575 858
576 686
576 995
577 919
578 738
578 779
579 767
579 842
579 945
580 690
583 834
584 677
585 675
585 951
587 730
587 831
587 980
588 597
588 656
589 840
589 892
589 979
590 747
592 756
593 751
593 816
594 745
594 988
595 855
595 882
595 973
595 992
596 911
598 895
598 915
598 964
599 868
602 840
603 875
603 942
603 950
608 707
608 805
609 961
610 687
611 652
613 905
615 872
615 922
619 917
620 947
620 985
621 844
621 905
622 627
622 688
622 805
623 918
624 865
625 992
626 738
626 782
627 961
628 926
630 665
631 785
632 649
632 669
633 855
634 660
634 663
634 946
635 934
636 774
636 808
637 703
638 877
639 884
640 732
640 978
640 995
642 733
642 740
642 929
643 842
644 944
646 785
646 794
646 937
647 675
647 774
647 781
647 972
648 812
648 858
648 862
648 920
649 733
650 898
652 817
655 858
657 686
658 682
658 686
659 782
659 840
659 937
661 756
665 751
668 872
669 702
672 911
672 919
672 922
673 691
673 763
676 813
678 804
678 927
679 934
680 788
681 682
681 766
682 980
683 930
684 767
684 836
684 919
684 966
686 785
686 953
688 930
691 854
691 969
693 983
694 872
697 835
698 958
699 730
700 886
701 769
701 848
702 794
702 800
703 718
703 817
704 789
705 975
705 995
706 960
708 867
709 777
709 943
710 919
711 808
711 993
712 754
712 953
713 839
714 716
714 952
715 777
715 950
716 755
717 780
720 815
720 820
725 844
726 749
726 788
727 904
727 964
729 991
730 756
730 870
730 958
731 856
731 997
733 734
733 948
736 821
736 847
736 864
736 992
737 748
742 812
742 940
747 766
747 908
748 893
749 800
749 815
751 776
753 813
753 817
754 814
754 858
755 933
756 774
756 902
758 973
759 890
759 894
759 980
759 988
762 857
762 926
763 998
766 878
766 985
767 913
767 980
769 859
771 813
772 889
772 914
774 945
778 847
778 964
782 811
782 970
783 814
783 824
785 863
785 887
786 846
788 827
789 893
789 923
789 947
789 963
792 851
795 901
795 957
796 888
796 982
798 970
799 822
799 987
800 899
800 955
801 808
804 820
807 954
808 836
808 887
808 915
810 918
811 830
812 909
814 937
817 995
818 883
821 855
825 943
827 836
827 978
828 949
829 898
829 965
832 928
837 992
840 882
842 978
844 956
845 847
849 939
849 942
850 856
851 900
851 960
851 962
852 977
853 947
857 863
867 893
867 950
868 911
868 937
869 926
872 919
877 948
877 973
880 930
884 956
885 906
885 961
887 945
889 936
890 989
892 973
893 988
900 905
900 934
901 934
903 923
905 954
905 989
906 979
908 942
911 956
917 954
919 995
920 952
923 970
938 983
939 954
955 959
956 965
981 999
985 988
991 999
