4000 8320
0 506
0 3883
1 798
1 810
1 1050
1 1364
1 1885
1 3334
2 670
2 1767
2 1919
2 2176
2 2195
3 1273
3 2664
3 3140
4 505
4 2413
4 3713
5 931
5 991
5 1218
5 1426
5 2223
6 503
6 559
6 632
6 1206
6 2179
6 3909
7 928
7 1141
7 1832
7 2003
7 2692
7 3387
8 673
8 968
8 1571
8 2614
8 2863
8 3151
9 1991
9 2118
9 3045
9 3451
9 3893
10 2811
10 2990
10 3514
11 372
11 508
11 1279
11 3364
11 3842
12 789
12 872
12 3038
13 138
13 3266
14 1530
14 2879
14 3914
15 1209
15 1571
15 1658
15 1798
16 232
16 903
16 3464
17 125
17 316
17 345
17 404
17 1470
17 2955
17 3987
18 59
18 142
18 1352
19 712
19 904
19 1651
19 3844
19 3930
19 3960
20 281
20 768
20 1931
20 2089
20 2864
20 3992
21 290
21 906
21 2579
22 379
22 1015
22 2737
23 2742
23 2883
24 323
24 1007
24 1210
24 2296
24 3154
24 3421
24 3664
25 228
25 638
25 1732
25 2067
25 2549
26 893
26 2002
26 2377
27 504
27 2413
27 3133
27 3478
28 1548
28 2612
29 1038
29 1720
29 1950
29 3436
29 3635
30 180
30 265
30 419
30 444
30 2648
30 3944
31 316
31 497
31 1535
32 449
32 868
32 973
32 1763
32 1952
32 3842
33 523
33 2675
33 3610
34 413
34 1062
34 1769
34 2854
34 3248
35 2468
35 3391
36 1082
36 1136
36 2982
37 159
37 811
37 1968
37 2863
38 671
38 827
38 1230
38 1560
39 293
39 360
39 480
39 1185
39 3501
40 507
40 2205
40 2346
40 2543
41 872
41 1869
41 1902
41 3424
42 322
42 1169
42 2273
42 2329
43 183
43 1061
43 3623
43 3949
44 122
44 1341
44 2514
44 3621
45 225
45 627
45 2749
45 3400
45 3740
46 991
46 1865
46 2046
47 363
47 389
47 2265
47 2434
47 2547
47 2920
47 2963
48 1111
49 474
49 1247
49 1363
49 1455
49 2012
50 1733
50 2008
50 3362
50 3508
50 3711
50 3910
51 589
51 593
51 1106
51 1472
52 492
52 3828
53 745
53 967
53 1459
53 2386
53 3178
53 3824
54 316
54 537
54 1718
54 2613
54 3406
55 1617
55 2127
55 3556
55 3590
56 457
56 1123
57 2989
58 345
58 1049
58 2609
58 2763
59 301
59 944
60 355
60 414
60 1007
60 2221
60 2538
61 510
61 1734
61 3238
61 3321
62 3483
63 292
63 479
63 605
63 1178
63 1259
63 1875
63 2273
63 3304
63 3479
63 3643
63 3929
64 1673
64 2148
64 2444
64 2633
64 3135
64 3289
64 3597
65 1831
65 3551
66 605
66 960
66 1615
66 1755
66 2712
67 382
67 642
67 1210
67 2078
67 2632
67 3931
68 98
68 738
68 819
68 1818
68 1845
68 2325
69 192
69 808
69 1066
69 3590
69 3705
70 934
70 2248
70 2779
70 3933
71 619
71 1059
71 2595
71 2983
72 1786
72 3247
73 1967
73 2623
73 3851
74 111
74 311
74 1343
74 2301
74 2762
74 2900
74 2982
74 3655
75 419
75 614
75 2045
75 3472
75 3706
76 515
76 706
76 867
76 2237
76 3903
77 1831
77 2122
77 2600
77 2758
77 3103
78 1404
78 1535
78 3948
79 342
79 1129
79 2096
79 2545
79 3615
80 137
80 245
80 267
80 1594
80 2819
80 3433
80 3741
81 1206
81 1667
81 2264
81 2356
81 3945
82 1177
82 1470
82 3906
82 3909
83 328
83 1113
83 1208
83 1957
83 2804
83 3443
84 429
85 890
85 974
85 1328
85 1346
86 288
86 1577
86 2155
86 2228
86 3319
87 655
87 2798
87 3280
88 1769
88 2495
88 3672
89 480
89 2249
89 2335
90 586
90 839
90 2847
91 698
91 1148
91 1762
92 2456
92 3038
93 621
93 924
94 135
94 240
94 1766
94 2802
94 3355
95 347
95 582
95 756
95 2234
95 2436
95 3442
95 3611
96 555
96 2518
97 551
97 606
98 576
99 346
100 902
100 1315
100 1374
100 1492
100 2006
100 2023
100 2964
100 3304
100 3850
101 179
101 1268
101 2199
102 2038
102 2490
102 2837
103 808
103 1079
103 2083
103 3404
104 280
104 619
104 716
104 717
104 778
104 2183
104 2986
104 3557
105 780
105 1577
105 2445
105 2707
106 560
106 1787
106 2217
106 3142
107 215
107 542
107 693
107 841
107 2562
107 3255
107 3772
107 3793
108 776
108 1600
109 824
110 314
110 428
110 1888
110 2394
110 2688
110 2978
110 3083
110 3425
110 3544
110 3850
111 882
111 960
111 2662
111 3009
111 3730
112 2129
113 610
113 1086
113 1403
113 1467
113 2359
113 2555
113 3481
113 3763
114 333
114 588
114 1820
114 2059
114 2299
114 2952
114 3371
115 145
115 2103
115 2693
115 3730
116 1481
116 1703
116 2124
116 2772
116 3582
116 3874
117 435
117 1991
117 2132
118 716
118 1313
118 2057
118 2108
118 3333
118 3866
119 882
119 1458
119 2369
119 3243
119 3389
120 1746
120 3516
121 1522
122 1187
122 1683
122 2304
122 2365
122 3710
123 1193
123 2118
123 2728
123 3922
124 294
124 1002
124 2028
124 2416
124 3231
124 3513
125 160
125 2807
125 3548
126 387
126 1752
126 1913
126 3049
126 3881
127 491
127 728
127 1006
127 2580
127 3574
128 336
128 2889
128 2931
129 657
129 1165
129 2216
129 2501
130 769
130 1270
130 1667
130 3787
131 509
131 797
131 1051
131 1587
131 2676
132 1650
132 1683
132 3048
132 3461
132 3918
133 1051
133 2716
133 2915
133 3606
134 2400
134 3365
135 1322
135 1951
135 2643
135 2715
135 3537
135 3754
135 3961
136 892
136 907
136 1065
136 2109
136 3450
136 3615
136 3698
137 2453
137 3702
138 3466
138 3615
139 960
139 1032
139 1927
139 1993
139 2344
139 3671
141 145
141 2235
141 3198
142 467
142 2769
143 2411
143 3011
144 1204
144 1309
144 1548
144 1665
144 2232
144 3805
145 2977
146 548
146 855
146 3795
146 3850
147 1771
147 3628
147 3682
148 1122
148 1609
148 2430
148 3663
149 1012
149 2287
149 2631
149 3233
149 3296
150 1393
151 308
151 688
151 847
151 1366
151 1385
151 1730
151 2250
151 2809
152 517
152 1537
152 1831
152 1926
152 2588
153 1067
153 3753
154 2417
155 643
155 1440
155 2120
156 563
156 1973
156 2682
156 2736
157 534
157 837
157 1467
157 1863
157 2949
157 3069
157 3861
157 3897
158 1408
158 2094
158 2123
158 2920
159 339
159 923
159 1193
159 2485
159 2704
160 388
160 974
160 3480
161 1899
161 2396
161 2736
161 3041
161 3560
162 1988
162 2205
162 2819
163 966
163 1045
163 1424
163 1560
163 3512
163 3758
164 531
164 3505
165 230
165 1492
165 2266
165 3357
166 738
166 1235
166 1811
166 3354
167 1966
167 2831
168 2396
168 2519
169 1036
169 1820
169 3867
170 3412
170 3590
170 3909
171 1137
171 1531
171 1904
171 3117
171 3141
171 3439
172 974
172 2026
173 1186
173 1386
173 2683
174 264
174 3669
175 226
175 764
175 958
175 2119
176 763
176 1868
176 2168
176 3353
177 437
177 2631
177 2901
178 524
178 2577
178 3118
178 3240
179 411
179 2259
180 1227
180 1463
180 2192
180 3563
181 2211
181 3098
181 3488
181 3701
182 607
182 962
182 3055
183 745
183 1087
183 2491
183 3011
184 1166
184 3052
184 3054
185 1648
185 1662
185 2685
185 2789
186 1554
186 1634
186 2359
186 2983
186 3285
186 3762
186 3918
187 810
187 2382
187 2548
187 3417
187 3624
188 1563
188 2476
189 313
189 363
189 453
189 1222
189 2375
190 872
190 1348
190 1958
190 3221
191 1314
191 2368
192 3214
193 1068
194 475
194 1842
195 604
195 1148
195 1309
195 1906
195 2665
195 3509
195 3856
196 1132
196 2699
196 3435
197 420
197 3490
198 716
198 2868
199 578
199 1867
199 2134
199 2429
199 3774
200 574
200 1061
200 1894
200 2145
200 2677
201 343
201 908
201 3212
202 279
202 1264
202 1747
202 2034
202 2490
202 3287
202 3612
203 585
203 904
203 2365
204 341
204 1984
204 2795
204 3506
205 804
205 1343
205 1867
205 3076
206 2768
208 592
208 2530
208 2910
208 3955
209 1209
209 1717
209 1845
209 2328
209 2600
210 510
210 521
210 877
210 1281
210 1710
210 2965
211 259
211 1176
211 1454
211 1759
211 1847
211 2041
211 2175
211 2480
211 2712
212 1142
212 1333
212 1343
212 2337
212 2534
212 3078
212 3988
213 815
213 1367
213 1961
213 2198
213 3284
213 3389
213 3544
214 1163
215 1071
215 1350
215 2159
215 3569
215 3792
216 500
216 1966
216 3691
216 3749
217 2308
218 1419
218 2399
218 2406
218 2815
218 3696
219 1009
219 3346
220 1286
220 2448
220 3727
221 1007
221 1387
221 3331
221 3355
222 308
222 793
222 2885
222 3935
223 500
223 751
223 2106
223 2190
223 2827
223 3377
224 1763
225 530
225 1189
225 1810
226 1192
226 1736
226 3800
227 1619
227 3687
228 1272
228 1317
228 2502
228 3112
228 3926
229 981
229 1921
229 1927
229 2817
230 359
230 3340
231 2518
231 2823
231 3989
232 1316
232 1506
232 1782
232 3922
233 2937
233 2991
233 3202
234 722
234 1123
234 2037
234 3330
234 3485
235 2092
235 3233
235 3406
236 882
236 3094
236 3340
236 3900
237 849
237 1038
237 1087
237 1555
237 2689
238 968
238 1895
240 528
240 1204
240 1368
240 1629
241 1109
241 2957
241 3554
242 343
242 1346
242 1497
242 1593
242 1732
242 1742
243 2440
244 572
244 689
245 1098
245 1903
245 2595
245 2775
246 446
246 1429
246 3147
246 3188
246 3417
246 3798
247 345
247 364
247 612
247 1459
247 3196
248 1387
248 1778
249 648
249 1334
249 1577
249 2272
249 2778
249 3401
250 529
250 900
250 1178
250 1525
250 1832
250 2966
251 1998
251 2017
251 3495
252 1445
252 2433
253 3035
253 3473
253 3620
253 3960
254 1480
254 1576
254 1683
254 2056
254 2639
254 3630
255 755
255 847
255 2886
255 3097
255 3162
256 1383
257 1322
257 2563
257 2730
257 2795
258 914
258 1440
258 1729
258 2604
259 1257
259 2333
259 2508
259 2955
260 2005
260 2678
260 2707
261 1665
261 2860
261 2954
261 3464
261 3667
262 470
262 3016
262 3030
263 813
263 988
263 2858
263 3450
264 962
264 1996
264 2809
264 3132
264 3186
264 3865
264 3935
265 371
265 736
265 1646
265 2233
265 2398
265 2831
265 3777
265 3811
266 393
266 507
266 1196
266 1673
266 2625
267 759
267 1940
267 3337
268 2197
269 2544
270 325
270 833
270 1109
270 1218
271 843
271 2324
271 2937
271 3565
272 460
272 902
272 1913
272 2985
272 3513
273 1312
273 2693
274 707
274 1406
274 3503
275 365
275 603
275 3649
276 288
276 1423
276 3359
277 352
277 3688
278 2313
278 3215
279 1171
279 1424
279 2107
279 2934
280 749
280 790
280 1230
280 2260
280 2726
281 2260
281 3232
281 3293
281 3960
282 1703
282 1976
282 3044
283 909
283 1082
283 1374
283 2006
284 1092
284 1159
284 2076
284 2521
284 2658
284 3152
285 446
285 3906
286 1475
286 1673
286 2869
286 3270
287 1422
287 2443
288 1265
288 3734
288 3996
289 562
289 853
289 1138
289 1536
289 2029
290 701
290 920
290 1090
290 1108
290 2688
290 3415
291 768
291 1449
291 1820
291 1979
291 2474
292 967
292 2150
292 3097
292 3690
293 1929
293 2486
293 3416
293 3714
294 872
294 1391
294 1898
294 2057
294 2802
294 3385
294 3688
295 1025
295 2793
296 514
296 843
296 3008
296 3615
297 1575
297 1989
297 2099
297 2516
297 2891
297 3279
297 3354
297 3479
297 3872
298 704
298 825
298 1160
298 3299
299 1344
299 1541
299 3077
300 465
300 543
300 2453
300 2980
301 2750
301 3122
302 549
302 881
302 884
302 1266
302 2159
302 2523
303 532
303 665
303 2285
304 591
304 3004
304 3618
304 3831
305 931
305 1724
305 1989
305 2313
305 2381
305 2996
306 509
306 536
306 1835
306 3353
306 3923
307 579
307 2758
307 3065
308 724
308 1325
308 1406
308 1807
309 911
309 1548
309 2432
309 3506
310 691
310 3606
310 3860
311 1295
311 1504
311 2153
311 2258
311 2434
311 3410
312 1106
312 1623
312 1722
314 635
314 3239
315 2643
315 2645
315 3346
316 1605
316 1814
316 3361
317 1998
317 3533
318 401
318 974
318 1880
318 2907
318 3285
318 3952
319 430
319 1290
319 2093
319 2383
319 3188
319 3265
320 683
320 1395
320 1813
320 2351
320 3458
321 1773
321 3186
322 2813
322 3761
322 3987
323 1935
323 2696
324 1061
324 2184
324 2657
324 3393
325 385
325 815
325 1205
325 1672
325 3797
326 1508
326 2760
326 3608
327 347
327 569
327 1954
327 2233
327 3687
328 1379
328 1398
329 466
329 3432
329 3650
329 3847
330 466
330 2811
331 1020
331 2363
331 3241
332 1032
332 3066
332 3598
333 1581
333 1997
333 2414
333 3133
334 1349
334 1389
334 1675
334 2233
334 3350
335 1337
335 3504
335 3807
336 873
336 2352
336 3293
336 3675
337 2757
337 3674
338 2485
339 2139
339 2403
340 355
340 2625
340 2745
340 2855
340 2912
340 3120
340 3379
341 1802
341 2202
341 2480
342 897
342 946
342 1090
342 1710
342 2179
342 3361
343 1877
344 404
344 535
344 1097
344 1577
344 1628
344 1994
344 2060
344 2833
344 3688
345 3249
345 3382
345 3632
346 515
346 1067
346 1462
346 1541
346 3331
347 3760
348 984
348 2475
348 2753
348 3237
348 3655
348 3699
349 2582
349 3005
349 3358
349 3951
350 994
350 1293
350 1702
350 2112
350 3666
351 611
352 727
352 984
352 3001
352 3468
353 627
353 3177
353 3575
353 3805
354 608
354 1680
354 1760
354 2652
355 1771
355 3101
355 3470
355 3903
355 3995
356 742
356 1883
356 2332
356 3072
356 3793
357 2247
357 3258
358 542
358 960
358 2603
358 2941
359 717
359 795
359 1560
359 1971
360 639
360 1775
360 1899
360 2512
360 3083
360 3487
360 3497
361 1823
361 2826
362 874
362 1112
363 1268
363 2770
363 2781
363 3659
364 3499
365 1092
365 3032
366 596
366 1060
366 2142
366 2496
366 3193
367 1672
367 3064
367 3071
367 3468
368 2509
369 581
369 711
369 749
369 3457
369 3467
369 3576
369 3878
370 762
370 895
370 2847
370 3520
370 3625
371 916
371 1001
371 1168
371 1413
371 1539
371 3347
372 447
372 1267
372 2526
372 3414
373 1587
374 605
374 1136
374 3404
374 3538
375 953
375 2360
375 2746
375 3175
375 3454
376 2344
377 2139
377 3017
377 3882
378 1209
378 1417
378 1832
378 1934
378 2790
378 3121
379 705
379 2347
379 3579
380 525
380 544
380 1580
380 1621
380 2682
381 1181
381 1326
381 1407
381 2593
381 2836
382 1103
382 1389
382 1499
382 2984
382 3317
382 3413
382 3615
383 1456
383 1739
383 2312
383 2420
383 3204
383 3341
384 1179
384 1305
384 1500
384 1626
384 2696
384 3151
384 3240
385 1378
385 2293
385 2676
385 2677
385 3484
386 487
386 1698
387 2092
387 2269
387 2444
387 2749
387 3252
387 3664
387 3946
388 826
388 2038
388 3703
389 1683
389 2509
390 2615
390 3105
390 3169
390 3751
391 985
391 2532
391 2741
392 1732
392 2797
392 2873
392 3024
392 3854
392 3990
393 695
393 1303
393 3761
395 1885
395 3563
396 637
396 807
396 1165
396 2032
396 3567
396 3627
397 1990
397 2999
398 522
398 674
398 2182
398 3723
399 1545
400 456
400 1696
400 2268
400 2730
400 2767
400 2778
400 3974
401 1996
401 2225
402 537
402 2201
402 2238
402 3003
402 3328
403 2254
403 2316
403 3612
404 497
404 1688
404 2677
404 3483
404 3909
405 1168
405 1179
405 1214
405 1856
405 2502
406 590
406 1059
406 1436
407 1963
407 3082
407 3459
407 3771
408 610
408 1156
408 1159
408 3544
409 1269
409 3222
409 3425
409 3854
410 1400
410 1787
410 2358
410 3940
411 1118
411 1758
411 3145
412 1402
412 1544
412 2505
413 623
413 663
413 1892
413 2297
413 2709
414 1756
414 2780
414 2838
414 3001
415 565
415 997
415 1168
415 1286
416 787
416 1360
416 3363
416 3984
417 1018
417 3105
417 3391
417 3496
417 3941
418 456
418 1098
418 3647
419 1112
419 1211
419 1739
419 2028
419 2661
420 1541
420 1579
420 1902
420 3087
421 1515
421 1652
421 2815
422 531
422 2054
422 3179
423 803
423 3478
423 3536
423 3671
424 801
424 1039
424 1238
424 2262
424 3779
425 813
425 3059
425 3433
426 2205
426 2399
426 2569
426 3234
427 1041
427 1143
427 1367
427 1548
428 2949
429 435
429 1006
429 2326
429 2526
429 2907
429 3457
429 3517
430 3513
430 3803
430 3917
431 582
431 1326
432 845
432 1548
432 2603
432 3072
432 3195
433 1253
433 1746
433 2897
434 446
434 838
434 1329
434 1831
434 2080
434 3294
434 3782
435 2625
435 2906
435 3844
436 831
436 1556
436 2024
437 2597
438 448
438 3473
438 3726
439 2587
439 2770
439 3006
439 3304
440 2231
440 2387
440 2512
440 3505
440 3984
441 543
441 1532
441 1760
441 3129
442 841
442 1522
442 2124
442 3263
443 2111
443 2281
443 2631
444 1706
444 2654
445 1482
445 1572
445 2083
445 2672
445 3830
446 475
446 2531
446 2893
446 3240
446 3384
446 3919
447 1441
447 3009
447 3350
448 875
448 1253
448 1444
448 3240
449 1375
449 2524
449 2555
449 2788
449 3551
449 3782
449 3939
450 681
450 2639
450 3538
450 3604
451 663
451 2225
452 875
452 2242
452 3078
453 565
453 629
453 931
453 1807
453 1847
453 2159
453 3110
453 3902
454 775
454 1149
454 2476
455 1420
455 2240
455 2871
455 3106
455 3498
456 600
456 850
456 1435
456 1922
456 2633
456 3050
456 3890
457 733
457 1874
458 866
458 1930
458 3319
458 3745
459 821
459 1430
459 3169
460 1489
460 2153
460 3307
461 690
461 902
461 1085
461 2415
462 493
462 1973
463 1358
464 1287
464 1442
464 1714
464 1785
464 3234
464 3527
465 1452
465 1598
465 1936
465 2993
465 3496
465 3982
466 1237
466 1745
466 2321
467 2184
467 3616
468 583
468 2256
468 3181
468 3715
470 3157
470 3647
470 3752
471 737
471 1845
472 580
472 808
472 1567
472 1864
472 2318
472 3809
472 3924
473 2413
473 2600
473 2722
473 3724
474 1479
474 3404
475 742
475 1200
475 2679
475 2730
475 3904
476 1781
476 1825
476 2268
476 3172
476 3821
477 1792
478 502
478 1699
478 2421
478 3738
479 607
479 664
479 2878
479 2940
480 1803
480 2731
480 2968
481 2269
482 681
482 1601
482 2274
483 1342
483 1938
483 2396
483 2566
483 2769
483 3283
483 3561
483 3701
484 1420
484 2386
484 3681
486 764
486 2133
486 2460
486 2538
486 3655
487 880
487 1555
487 3605
488 568
488 874
488 2012
488 3831
488 3856
489 835
489 1717
489 2750
490 502
491 1106
491 2461
491 2820
492 956
492 1086
492 1546
492 2293
492 2572
492 3061
493 2652
493 3123
494 721
494 1681
495 1694
495 2304
495 2472
495 3687
496 532
496 1918
496 2181
496 2536
497 862
497 960
497 1177
497 1391
497 3756
498 614
498 718
498 950
498 2405
499 734
499 1044
499 2150
500 1400
500 2577
500 3310
501 1386
501 3180
502 525
502 660
502 2208
502 2847
502 2853
503 508
503 787
503 3625
504 543
504 2435
504 3720
504 3740
504 3879
505 992
505 1867
506 3844
507 925
507 3023
507 3511
508 613
508 1573
508 1772
508 2076
508 2139
508 3983
509 611
509 2101
509 2968
510 3936
511 1388
511 2029
511 2688
511 3570
512 645
512 3226
512 3850
513 2598
513 3536
514 1062
514 1532
514 2208
514 3019
514 3174
514 3782
514 3880
515 829
515 2013
515 2704
515 2874
515 3468
515 3621
516 1417
516 2157
516 2182
516 2311
516 2588
516 3406
517 1941
517 2867
517 2990
517 3883
518 741
518 893
518 1778
518 3529
518 3671
519 3007
519 3349
519 3415
520 576
520 1547
520 2404
520 2893
521 771
521 1332
521 1643
521 1982
521 2591
523 1339
523 2257
524 2093
524 3011
525 1010
525 1860
526 1381
526 2632
526 3184
526 3865
527 1694
527 2205
527 3360
528 644
528 1079
528 1413
528 1702
528 1809
528 1946
528 2768
528 2879
528 3766
529 741
529 1495
529 2216
530 596
530 908
530 1723
530 2732
530 2786
530 3641
531 607
531 749
531 1407
531 2348
531 3995
532 997
532 1047
532 1516
532 2429
533 1085
533 1480
533 1645
533 2000
533 2763
534 1053
534 1839
534 1942
534 2213
534 2899
534 3088
535 1363
535 1640
535 2257
536 2233
536 2427
537 885
537 1038
537 2001
537 2240
537 3898
538 3592
539 3545
540 2185
540 3074
540 3365
540 3400
541 1114
541 1611
541 3312
541 3644
541 3854
542 1123
542 1852
542 1918
542 2589
542 3161
543 2080
543 2959
544 3070
545 742
545 2014
545 2166
545 2494
545 3989
546 721
546 1358
546 1693
546 2158
547 956
547 1201
547 2793
548 1632
548 1845
548 3684
549 2162
549 2273
549 2579
549 2708
549 2960
550 2479
550 2648
550 2751
551 1280
551 2138
551 2338
551 2499
552 643
552 918
552 2143
552 2310
553 590
553 1116
553 1771
554 2001
554 2069
554 2882
555 1246
555 2356
555 3798
556 1276
556 1748
556 1895
556 2701
556 3047
556 3109
556 3851
557 1113
557 1398
557 1614
557 2234
558 1055
559 1445
559 2121
559 2433
559 2663
560 826
560 1721
560 2109
561 668
561 753
561 2306
561 3109
561 3290
561 3532
562 2802
562 2904
563 1556
563 1700
563 2887
564 681
564 1011
564 1353
564 3484
566 1480
567 2179
567 3317
567 3369
567 3463
567 3961
568 1712
568 1903
569 1729
569 2655
569 2730
569 3366
570 1127
570 1423
570 2105
570 2501
572 1202
572 1526
572 2110
572 3785
573 797
573 2112
573 2158
573 2177
574 2703
574 3504
575 915
575 2774
576 3488
577 3238
577 3801
577 3990
578 685
578 1784
578 3488
579 791
579 2193
579 2296
579 2576
579 2981
579 3051
580 821
580 1035
580 2081
581 1046
581 1293
581 3525
582 1704
582 3312
583 774
583 1979
583 2167
583 2569
584 3182
584 3486
585 899
585 1229
585 1392
585 2768
585 3993
586 716
586 1463
586 1932
586 2157
586 3276
587 1132
587 1889
587 2217
587 2365
587 3899
587 3976
589 3174
589 3409
590 1998
590 2317
591 785
591 795
591 926
591 3123
591 3302
592 688
592 692
592 1263
592 2575
592 3757
593 756
593 2327
593 2790
593 2815
593 3086
594 2401
594 2918
595 3703
596 698
596 758
596 992
596 3945
597 2476
598 1183
598 1552
598 2013
599 2223
600 798
600 1220
600 1735
600 2278
600 3332
601 1675
601 3727
602 3534
603 1186
603 3248
603 3368
604 1548
604 2271
604 2978
604 3196
604 3626
605 738
605 1749
605 2363
605 2471
605 3431
606 1288
606 2207
606 3522
607 1426
607 1543
607 1916
607 2252
607 2576
607 3275
608 717
608 999
608 1052
608 1760
608 3512
609 934
609 1907
609 2808
609 3348
609 3571
609 3918
610 637
610 1086
610 3090
611 2030
611 2520
612 1109
612 2052
612 2411
612 2672
612 3503
613 912
613 1846
613 2981
613 3073
613 3148
614 1390
614 1590
614 1688
615 624
615 1424
615 1743
615 1772
615 2619
615 2879
615 2985
615 3134
615 3283
615 3916
616 856
616 2537
616 2880
617 794
617 1234
617 1276
618 1011
618 1691
618 2462
618 2968
619 1095
619 1233
619 2508
619 2668
619 2790
619 2796
620 1186
620 1854
621 852
621 1062
621 2810
622 2751
622 2958
623 1054
623 1179
623 1643
624 1128
624 1201
624 1663
624 1909
624 3884
625 1682
625 2511
625 3073
625 3395
626 1664
626 2061
626 2207
626 3345
627 1870
627 2211
627 2271
627 3283
627 3721
629 899
629 1838
629 2475
629 2822
629 3573
629 3588
630 952
630 2625
631 1539
631 1642
631 2454
632 1024
632 1152
632 2551
632 3497
633 966
633 995
633 1113
633 1859
633 1926
633 1971
633 2641
633 3659
634 1571
634 2433
634 3851
635 1481
635 1483
635 1707
635 1715
635 3072
635 3503
636 2231
636 2236
637 1495
637 2394
637 2948
638 1034
638 1817
638 3118
639 2135
639 3442
640 1013
640 1648
640 2138
640 2869
640 3894
641 2873
641 3166
641 3570
643 1191
643 2151
643 2437
644 1449
644 3415
645 1809
645 2040
645 2264
645 2576
645 2792
646 793
646 856
646 1571
646 1938
646 2247
646 2566
646 3123
647 796
647 3126
648 1336
648 1503
650 1349
650 1369
650 2283
650 2570
650 3460
651 1492
651 2266
651 2659
652 1978
652 3855
653 869
653 1127
653 2053
653 3038
654 1758
654 2361
654 2567
654 3800
655 1910
655 2216
655 3525
656 1307
656 2803
656 2856
657 1547
657 2089
658 1067
658 1197
658 1230
658 1823
658 2247
658 3039
658 3093
659 1268
659 1866
659 3830
660 918
660 1473
660 1529
660 2488
660 3147
661 1437
661 1850
661 2381
661 3733
662 734
662 1087
662 1494
662 2592
663 918
663 1147
663 2862
663 3182
663 3396
663 3542
664 1051
664 1596
664 1880
664 1945
664 2533
665 851
666 1748
666 2147
666 3111
666 3250
667 3903
667 3934
668 1067
668 1394
668 3499
668 3856
669 859
669 1744
669 2047
669 2449
669 2948
670 1319
670 1951
670 2255
671 3813
672 915
672 2014
672 3845
673 828
673 934
673 1034
673 1063
673 1111
673 1189
673 1843
673 3516
673 3622
673 3946
674 2817
674 3868
675 1522
675 1960
675 3416
675 3657
675 3934
676 1263
676 1630
676 2213
676 3185
676 3814
677 827
677 931
677 2518
677 3213
677 3366
677 3857
678 1910
678 2526
678 2796
678 3038
678 3377
678 3707
679 896
679 1242
679 1460
679 1471
679 1750
679 2393
679 3682
680 1749
680 2346
681 2045
681 2816
681 2979
682 2058
682 2306
682 2876
683 854
683 1362
683 2147
683 3027
683 3431
683 3896
684 1555
684 2165
684 3014
684 3525
684 3986
685 2055
686 918
686 1828
686 2929
686 3178
686 3329
687 933
687 1470
687 1981
687 2307
688 1572
688 2729
688 3027
688 3054
689 740
689 1503
689 2130
689 2652
689 3647
689 3945
690 1983
690 2764
690 3455
691 1290
691 1508
691 1612
691 1953
691 2539
691 2661
691 2777
692 3419
693 1575
694 875
694 2687
694 2975
694 3810
695 1587
695 2299
696 1205
696 1342
696 1528
696 3738
696 3962
697 2134
697 3169
698 940
698 3685
699 2689
700 1101
700 1345
700 1674
700 2244
700 2808
700 3770
700 3818
702 2694
703 1169
703 1299
703 2011
704 959
704 1171
704 1534
704 2453
704 2746
704 3223
705 2589
705 3826
706 1793
706 1997
707 1189
707 1635
707 1659
707 2405
707 3663
708 2455
708 2815
709 1249
709 2199
709 2229
709 2347
709 2996
709 3117
710 1831
710 2197
710 2932
710 3491
710 3982
711 993
711 1159
711 2575
711 2829
712 1446
712 2731
713 854
713 2174
713 2991
713 3032
714 819
714 1003
714 1391
714 2211
714 2350
714 2578
714 3430
714 3580
714 3756
715 1181
715 1455
715 1799
715 2292
715 2746
716 1844
716 3960
717 928
717 1517
717 2120
717 3319
718 3194
718 3655
718 3759
719 2161
719 2563
719 3404
720 1752
720 2113
720 2306
721 1373
721 2444
721 2683
721 3487
721 3548
722 3241
722 3318
723 1687
723 3055
723 3394
723 3598
723 3961
724 1448
724 1502
724 2095
724 2737
724 2881
724 3206
725 2233
725 3026
725 3335
726 1175
726 3000
727 943
727 1109
727 1198
727 1311
727 1440
727 1473
727 1604
727 3144
728 783
728 1033
728 2204
729 887
729 1391
729 2474
729 2751
729 2958
729 2978
729 3691
730 2222
730 2726
730 3928
731 1524
731 1747
732 997
732 2461
732 2504
732 3700
733 1447
733 1764
734 1028
734 1100
734 3332
736 805
736 3777
737 763
737 803
737 2500
737 3445
738 3134
739 942
739 1285
740 1055
740 1702
740 2556
740 2831
740 2950
740 3710
741 815
741 1210
741 1440
741 1629
741 2847
741 3672
742 1501
742 2144
742 2866
743 3914
744 1630
744 1723
744 2116
744 2305
745 1811
746 817
746 1853
746 2018
746 2070
746 3352
747 1348
747 3290
748 3852
749 1243
749 1413
749 2392
749 2665
749 2848
749 3139
749 3671
750 1596
750 3600
750 3645
750 3841
750 3900
751 2176
751 3629
752 3385
752 3634
752 3701
753 1295
753 1717
753 2617
753 3182
754 1279
754 1470
754 1700
755 2110
756 1629
757 1096
757 2107
757 2507
757 2619
757 2844
758 1072
758 1746
758 2232
758 3899
760 1159
760 2006
761 3328
762 1252
762 1255
762 1404
762 1828
762 2242
762 2481
762 2659
762 3074
762 3611
763 1831
763 2835
763 3560
764 1429
764 1948
764 3533
765 2219
765 2545
765 3918
766 902
766 906
766 1154
766 1228
766 2077
766 2243
766 2367
766 2979
766 3551
766 3983
767 1300
767 1718
767 3671
768 1873
770 1503
770 1528
770 2260
770 2413
771 1526
772 1442
772 3576
772 3851
773 3377
773 3563
774 1346
774 1527
774 2903
775 1533
775 1762
775 3262
776 1517
776 3571
777 789
777 886
777 982
777 2228
777 3458
778 887
778 1332
778 3107
778 3215
778 3379
779 1591
779 2728
779 3965
780 881
780 1417
780 3269
780 3278
780 3727
781 2576
782 1436
782 2594
782 3062
782 3929
784 2861
784 3755
785 862
785 1156
785 2010
785 2953
785 3363
786 970
786 1945
786 3286
787 1077
787 2076
787 2081
787 3775
788 1058
788 1378
788 2832
788 3117
788 3920
789 1550
789 3214
789 3615
790 2967
791 1529
791 1964
791 2190
791 2289
791 3203
792 1648
792 2988
793 1452
793 2104
793 3136
793 3142
793 3577
793 3739
794 1038
794 3546
795 901
795 1557
795 2616
796 3020
797 832
797 1522
797 1957
797 3873
798 2874
799 1507
799 2147
800 937
800 2385
801 853
801 1702
801 2207
801 3782
802 815
802 1420
802 2284
802 2300
802 2904
803 1071
803 1406
803 1438
803 1688
803 1749
803 3060
803 3591
804 1257
804 1376
804 1665
804 2892
804 3146
805 3918
806 2558
806 3550
807 1168
807 1536
807 2437
807 2746
808 1121
808 1515
808 2995
809 930
809 1132
809 1310
809 1716
809 1875
809 2257
809 2286
809 3662
809 3845
810 1809
810 2220
810 3117
811 2078
811 3084
811 3992
812 968
812 1764
812 2327
812 3413
813 852
813 3783
813 3825
814 3068
814 3492
815 3451
815 3932
816 951
816 1850
816 3196
816 3227
816 3892
817 1612
817 3187
817 3617
817 3783
818 1396
819 2300
819 2373
819 2802
819 2898
821 977
821 1347
821 1375
821 1738
821 1808
821 2653
822 3215
823 1357
823 2115
824 920
824 1055
824 1122
824 2577
824 3756
825 947
825 3139
825 3544
826 1821
826 1967
826 2484
827 1684
828 1144
828 3831
829 1402
829 3162
829 3439
829 3949
830 919
830 1120
830 2436
830 2720
830 3373
830 3978
831 1596
831 2993
832 867
832 1098
832 1544
832 3095
832 3149
833 941
833 1569
833 2455
833 3200
834 1206
834 1617
834 1765
834 2454
834 2544
835 2305
835 3653
837 1786
837 1832
837 1919
838 1394
838 1869
838 2391
838 3042
838 3218
838 3437
839 1084
839 1167
839 1566
839 3911
840 1140
840 2112
840 2492
840 2833
840 2847
840 3367
840 3612
841 928
841 953
841 1156
841 3824
842 925
842 3130
842 3485
843 3418
843 3731
844 1416
844 2117
845 3137
846 865
846 1878
846 2847
846 3339
847 2566
848 2057
848 2442
848 2729
848 2850
848 2885
848 2936
848 3657
849 1033
849 2203
850 2375
850 3663
850 3941
851 1043
851 1438
851 1755
851 2103
852 1763
852 2262
853 1081
853 1195
853 2694
853 2772
853 2841
854 1684
854 2259
854 3183
854 3670
855 953
855 1783
855 2891
855 3577
855 3930
856 1205
856 2226
856 2385
857 925
857 1731
857 2314
857 2317
857 2361
857 2626
857 2808
857 3777
858 1686
858 2181
858 2194
858 2800
859 1011
859 1275
859 1372
859 1924
859 3391
860 3085
860 3400
860 3601
861 1414
861 1707
861 2824
861 3639
862 1610
862 1621
862 1747
862 2563
862 2873
863 1112
863 1850
863 2272
863 2741
863 3830
864 2425
864 2897
865 1791
865 1823
865 2078
865 2723
865 3023
866 1424
867 2058
867 2242
867 2540
867 3345
868 3816
869 1205
869 1728
869 1861
869 2994
869 3626
869 3902
870 1864
870 3386
870 3481
871 1207
872 1799
872 2752
872 3110
873 1192
873 1434
873 1483
873 3014
873 3700
874 2179
874 2710
874 3567
875 1052
875 1590
875 2064
875 3196
876 1206
876 2041
876 2433
878 1839
878 2213
879 1697
879 2494
879 3694
880 935
880 1643
880 3716
880 3876
881 1883
881 2302
881 2752
881 3247
882 2148
882 2183
882 2868
883 1524
883 2901
883 3159
884 1347
884 2406
885 1556
885 3394
886 3049
887 1125
887 1254
887 1532
887 1629
887 2132
887 2635
888 1752
888 2182
888 2390
888 2464
888 2920
888 3717
889 1519
889 1964
889 2482
889 2727
889 3418
891 2053
892 2666
892 3240
892 3412
893 1172
893 2064
893 2497
893 3341
893 3538
893 3588
893 3879
893 3893
894 1084
894 1402
894 3792
895 3193
896 1311
896 2038
896 2301
896 2539
896 3516
897 899
897 2347
897 3159
897 3658
898 1138
898 1320
898 1595
898 1960
898 2043
898 3182
898 3265
898 3517
898 3656
899 2060
899 2775
899 3043
901 1367
901 1519
901 3152
901 3854
902 907
902 1006
902 1176
902 2849
903 2342
903 2454
903 3223
903 3511
904 1206
904 1560
904 2429
904 3793
905 1308
905 3428
905 3633
905 3964
905 3985
906 1763
906 3210
906 3417
906 3604
907 1535
907 2043
908 2434
908 3291
908 3882
909 1154
909 1300
909 3006
910 1031
910 1102
910 1733
910 3795
912 1051
912 1219
912 1482
912 2095
912 2561
913 1046
913 1968
913 2665
913 2702
913 2850
913 3035
914 1067
914 1113
914 1133
914 2601
914 3459
915 1070
915 1590
915 3309
915 3941
916 2317
916 2333
916 2545
916 2881
916 3042
916 3810
917 1136
917 1577
917 2444
917 3213
917 3645
917 3728
918 1572
918 2521
918 3746
919 992
919 1540
919 2106
919 3091
919 3345
920 1290
920 2531
921 1267
922 1482
923 1003
923 1543
924 1684
924 2807
924 2868
924 3819
924 3947
925 1014
925 2436
925 2556
925 3869
926 1166
926 2357
926 3143
927 3297
928 2245
928 2936
928 2965
928 3272
929 2343
929 2976
929 3643
930 1075
931 1707
931 2114
931 2164
931 2802
932 1047
932 1057
932 1523
932 1639
932 1660
932 1975
932 2792
932 3346
933 1251
933 1457
933 2098
934 1203
934 1532
934 1825
934 1898
934 2570
934 2726
934 2777
934 3028
934 3095
935 1423
935 3825
936 1148
936 2426
936 2785
936 3539
937 1235
937 3811
938 1184
938 1907
938 2202
938 2452
938 2550
938 2768
938 3092
938 3861
938 3989
939 2610
939 3960
940 2660
940 3800
940 3867
941 1150
941 1833
942 1792
942 2141
942 2629
942 2937
942 3695
943 3504
944 946
944 1766
944 2816
944 3797
945 2787
945 3090
945 3763
946 1061
946 1235
946 2124
947 2202
947 3903
948 1912
948 2809
948 2904
948 3224
949 1147
949 2802
950 1119
950 1245
951 2552
951 2718
951 2741
952 1452
952 2007
952 2156
952 3124
952 3246
953 1486
953 2042
953 2442
953 3313
953 3327
954 1906
954 2144
954 2639
954 3538
955 1103
955 1536
955 3391
955 3603
956 1519
956 1572
956 1697
956 2097
956 2945
956 3345
957 1481
957 1844
957 2164
957 3741
958 1916
958 2333
958 3491
958 3671
959 1144
959 3070
959 3776
960 1927
961 2225
961 3272
962 1043
962 1896
962 2989
962 3240
962 3345
963 3133
963 3175
963 3582
963 3704
963 3837
964 1418
964 1948
964 2255
964 2454
964 3168
965 1109
965 1914
965 2232
965 3240
965 3796
966 1215
966 1498
966 2326
966 3015
966 3358
967 1044
967 1237
967 2518
967 3056
968 1956
968 2823
968 3784
969 998
969 1513
969 1816
969 1839
969 2778
970 1782
970 2042
970 2966
971 1584
971 1948
971 3135
971 3580
971 3752
972 1290
972 2672
973 2050
973 2063
973 2767
973 3941
974 1074
974 3118
974 3798
975 2281
975 2479
975 2722
976 1788
976 2850
976 3524
977 1087
978 1602
978 2883
978 3077
978 3149
980 3946
981 1172
981 1290
981 1698
981 2011
982 1125
982 2435
983 1624
983 3278
984 2353
984 2398
984 3013
984 3307
984 3514
985 1851
986 2590
986 2629
986 2891
986 3578
986 3586
987 1282
987 1497
987 2183
987 2621
987 3905
988 1607
988 1953
989 1410
989 1458
989 2023
989 3350
989 3795
989 3797
990 2862
990 3376
990 3865
991 1595
991 3048
991 3954
992 1346
993 1077
993 2188
994 1064
994 1640
994 2569
994 2686
994 2735
994 2949
994 3145
994 3491
994 3942
995 2093
995 2229
995 2245
995 3503
995 3609
995 3726
995 3754
996 1774
996 2356
996 2565
997 3015
998 1317
998 3283
998 3977
1000 1576
1000 2383
1000 3080
1001 1057
1001 1244
1001 2494
1001 2928
1002 1820
1002 2077
1002 2388
1002 2639
1002 3516
1002 3937
1004 1738
1004 2480
1005 2413
1005 3678
1005 3767
1006 1312
1006 2061
1006 2464
1007 3389
1007 3457
1009 1264
1009 1411
1009 1502
1009 2916
1009 3589
1010 1480
1010 3101
1011 3291
1011 3965
1012 1591
1012 2801
1012 3785
1013 1584
1013 3325
1014 1038
1014 1432
1014 2626
1015 1567
1015 2304
1015 2356
1015 2783
1015 2931
1017 2906
1018 1681
1018 3326
1019 1321
1019 3264
1020 2298
1020 3451
1020 3655
1020 3824
1021 2711
1022 3616
1023 1108
1023 2566
1023 2619
1023 3964
1024 1753
1024 1848
1024 2299
1024 2584
1024 3135
1024 3265
1024 3534
1025 1770
1026 2583
1026 3346
1026 3848
1027 3485
1028 1632
1028 2617
1028 2747
1028 3147
1029 1042
1029 1310
1029 1485
1029 2631
1030 2503
1030 2898
1030 3199
1031 2005
1031 2266
1032 1435
1032 1539
1032 2500
1033 1126
1033 1477
1033 2120
1033 3899
1034 1844
1034 3393
1034 3551
1034 3732
1034 3759
1034 3973
1035 1449
1035 1527
1035 1585
1035 1881
1035 2291
1035 3284
1035 3750
1035 3765
1036 2472
1037 3396
1037 3799
1038 1342
1038 3584
1039 1274
1039 1800
1040 1762
1040 3120
1040 3560
1043 1281
1043 1576
1043 3854
1044 2070
1044 2401
1044 3412
1044 3516
1044 3566
1045 1077
1045 1593
1045 2285
1045 2366
1045 2603
1045 3699
1046 1964
1046 3855
1047 1756
1047 1951
1047 2167
1047 2752
1047 2927
1047 3810
1047 3957
1048 3323
1048 3335
1049 3098
1049 3112
1050 1628
1050 1814
1050 2501
1050 3516
1050 3881
1051 1083
1051 2091
1052 1507
1052 2147
1053 1097
1053 2263
1053 2954
1053 3405
1054 1566
1054 1600
1054 2879
1054 3195
1055 2199
1055 2620
1055 3979
1056 3053
1056 3980
1057 1415
1058 2662
1058 2903
1058 3689
1059 1248
1059 2615
1059 3321
1060 1750
1060 2097
1061 2039
1061 2772
1061 3012
1062 2101
1062 2254
1062 2363
1062 2677
1062 3236
1064 1910
1064 2468
1064 2615
1064 2796
1064 2806
1065 1726
1066 1430
1066 2019
1066 2492
1066 2552
1066 3474
1066 3603
1067 3759
1068 3744
1069 1829
1069 2784
1070 1687
1070 2297
1070 2386
1070 3795
1071 2448
1071 3142
1071 3948
1072 1935
1072 3301
1072 3710
1073 2954
1073 3466
1074 1196
1074 2117
1074 2563
1074 2994
1074 3131
1075 2125
1075 2833
1076 2544
1076 2897
1076 3403
1077 2098
1078 1120
1078 2965
1079 2777
1079 3578
1081 2865
1081 2875
1081 3541
1081 3653
1082 1851
1082 2435
1082 3563
1082 3872
1083 2376
1083 3016
1083 3231
1085 1513
1085 1674
1085 2020
1086 1401
1086 1403
1086 3056
1086 3094
1086 3535
1087 1694
1087 2923
1087 2959
1087 3262
1087 3971
1088 1657
1088 2326
1088 2697
1088 2825
1089 1916
1089 2477
1089 2929
1089 3578
1091 1953
1091 2078
1091 2562
1092 1183
1092 1626
1092 2408
1093 2263
1093 2727
1093 3006
1093 3105
1094 1400
1094 1930
1094 2069
1094 2420
1094 2432
1095 1172
1095 3840
1096 1760
1096 1965
1096 3535
1097 1679
1097 2410
1097 2664
1097 3290
1097 3914
1097 3954
1098 3146
1100 1440
1100 2295
1100 2471
1100 2561
1100 3363
1101 2664
1102 2094
1102 2265
1102 2387
1102 2961
1102 3496
1103 1370
1103 2167
1103 2255
1103 2316
1104 1388
1104 2218
1104 2346
1105 2375
1105 3236
1106 1981
1106 2071
1106 2304
1106 3533
1107 2476
1107 3535
1109 1765
1109 2610
1109 3778
1110 2121
1110 2650
1110 2717
1111 1115
1111 1145
1111 1479
1111 3329
1111 3333
1111 3954
1112 2600
1112 3781
1114 1929
1115 2401
1116 3782
1117 1377
1117 1818
1117 1852
1117 1867
1117 2045
1117 2797
1117 3016
1118 1308
1118 2535
1119 2872
1120 2282
1120 2530
1120 2761
1120 3764
1122 1478
1122 2590
1122 2740
1124 1624
1124 3587
1125 3989
1126 1200
1127 1376
1128 1807
1128 2333
1129 1461
1129 2085
1129 3279
1129 3288
1130 2075
1130 3017
1131 1748
1131 2049
1131 3171
1132 2110
1132 2129
1132 2694
1133 2865
1133 3494
1133 3687
1133 3841
1133 3927
1134 2526
1134 3416
1134 3422
1134 3829
1135 1266
1136 2780
1136 3747
1137 1671
1137 3931
1138 3006
1138 3538
1139 1158
1139 2141
1139 2759
1139 3095
1139 3365
1139 3635
1140 1777
1140 2245
1140 2344
1141 1431
1141 2500
1141 3247
1141 3907
1142 1357
1142 2122
1142 3539
1142 3747
1142 3891
1143 2669
1143 3265
1143 3362
1143 3909
1144 1623
1144 2284
1144 3273
1144 3541
1145 1409
1145 2160
1145 3261
1145 3297
1145 3369
1146 1693
1146 2430
1147 1749
1147 2196
1147 2926
1148 2584
1148 3463
1149 2644
1149 3301
1150 2589
1150 2845
1151 1368
1151 3767
1152 2589
1152 2616
1152 3587
1153 2472
1154 1245
1154 1946
1154 2433
1154 2644
1154 3673
1155 1455
1156 1261
1156 1263
1156 3009
1156 3279
1156 3551
1157 2307
1158 3095
1158 3413
1158 3759
1159 2036
1159 2038
1159 2630
1159 3312
1160 2360
1160 3229
1160 3581
1160 3880
1161 2121
1161 2656
1161 2860
1163 2412
1163 2818
1163 3572
1164 1213
1164 1366
1164 1696
1164 2694
1164 3108
1164 3556
1165 1518
1165 2302
1165 2910
1165 3125
1166 2606
1166 3199
1166 3805
1166 3807
1166 3889
1166 3954
1167 1251
1167 2299
1168 1392
1168 1725
1169 1561
1169 1721
1169 2338
1170 1342
1170 2718
1170 3396
1172 1382
1172 2717
1172 2929
1172 3004
1173 1460
1173 1527
1173 2200
1174 1295
1174 1439
1174 3104
1174 3965
1175 1782
1175 3133
1175 3457
1176 1178
1177 2238
1177 2480
1177 3025
1177 3398
1177 3817
1178 1218
1178 1721
1178 3439
1179 3444
1179 3566
1180 3006
1180 3438
1181 2701
1181 3542
1181 3873
1182 2683
1182 2854
1182 3055
1183 2105
1183 3424
1183 3584
1184 1246
1184 1911
1184 2754
1184 3415
1184 3449
1184 3956
1185 2162
1185 3513
1185 3700
1186 1624
1186 2016
1186 2133
1186 3722
1187 1517
1187 3521
1188 1849
1188 2056
1188 2173
1189 2537
1189 3454
1189 3969
1190 1622
1190 2291
1190 3329
1191 3521
1192 2066
1192 2187
1192 2710
1192 3408
1193 1911
1195 1261
1195 1614
1195 2106
1195 2459
1196 1620
1196 1820
1196 3210
1197 1638
1197 3016
1197 3389
1197 3586
1197 3973
1198 1642
1198 2164
1198 2345
1198 2989
1199 3621
1199 3980
1200 2092
1201 1475
1201 3941
1202 3517
1203 1990
1203 3462
1205 2852
1206 2166
1206 2324
1206 2870
1206 3114
1207 2676
1208 2144
1208 2646
1208 3225
1209 3400
1209 3472
1210 1763
1210 1867
1210 2982
1210 3663
1210 3992
1211 1916
1211 2820
1211 3824
1211 3857
1212 2379
1212 2520
1212 2631
1212 2815
1212 2909
1213 2043
1213 2462
1213 2649
1213 3321
1213 3441
1214 1791
1214 3624
1215 1839
1215 2314
1216 1759
1216 3482
1217 2125
1217 2895
1218 1875
1218 3390
1218 3453
1219 2325
1220 2089
1220 3955
1221 1682
1221 2161
1221 2344
1221 2504
1221 2660
1221 3954
1222 1672
1222 2149
1222 2486
1222 3556
1223 2597
1223 2860
1224 1373
1224 1422
1224 3648
1224 3666
1225 1893
1225 2627
1225 3583
1227 1592
1227 1906
1228 3219
1228 3680
1228 3926
1229 2677
1229 2848
1229 3602
1230 1433
1230 1482
1231 2464
1231 2533
1231 3947
1232 3869
1233 1479
1233 1550
1233 3556
1234 2864
1234 2989
1234 3388
1234 3832
1235 2752
1236 1588
1236 2709
1237 1287
1237 1754
1237 3356
1237 3585
1238 2842
1238 3617
1239 1470
1239 2198
1239 2375
1239 2508
1240 1371
1240 3526
1240 3819
1241 1753
1241 1831
1241 3105
1242 1780
1242 2198
1243 1329
1243 1696
1243 2494
1243 2595
1244 1376
1244 3017
1244 3181
1245 1294
1245 1903
1245 2189
1245 3270
1245 3981
1246 1457
1247 1790
1247 1837
1247 1860
1247 1936
1247 3271
1247 3295
1248 2044
1248 2242
1248 3013
1248 3587
1248 3790
1248 3922
1248 3999
1249 2713
1249 3874
1249 3978
1250 3307
1251 1266
1251 1816
1251 2980
1251 3589
1252 1317
1252 3191
1253 1561
1253 3273
1253 3379
1254 1307
1254 1611
1254 2247
1254 3945
1254 3965
1255 1559
1255 2446
1255 3267
1255 3485
1255 3924
1256 2623
1256 2999
1256 3552
1257 1793
1257 2213
1258 1946
1258 2646
1258 2786
1258 2844
1258 3755
1258 3845
1259 1798
1259 2007
1259 3655
1260 2800
1260 3502
1260 3968
1261 2221
1261 2338
1261 3162
1261 3485
1262 2851
1262 3585
1264 1568
1264 2921
1264 3092
1264 3101
1266 2393
1266 2986
1266 3259
1266 3322
1267 2344
1267 2635
1267 2728
1267 3507
1268 1892
1270 2056
1270 3631
1271 3326
1271 3360
1272 1559
1272 1724
1272 1920
1273 1485
1273 1760
1273 2471
1273 2700
1274 2300
1274 3428
1275 1384
1275 1479
1275 1504
1275 1945
1275 3369
1275 3916
1276 2419
1277 2725
1277 2761
1277 2981
1277 3216
1277 3779
1277 3808
1278 1480
1278 2873
1278 3374
1278 3483
1279 1606
1279 2576
1279 3024
1279 3266
1279 3580
1279 3833
1280 1372
1280 2456
1280 3390
1281 3084
1281 3290
1281 3895
1282 2206
1282 2800
1283 2252
1283 2754
1283 2872
1283 3017
1283 3362
1284 2665
1284 3545
1284 3678
1285 2821
1286 1405
1286 3890
1287 1900
1287 2382
1287 2505
1287 3595
1289 2736
1290 1398
1290 2537
1290 2792
1290 3050
1290 3388
1291 3835
1291 3852
1292 2639
1292 2655
1292 2975
1292 3178
1292 3498
1293 3130
1293 3835
1295 2760
1295 3000
1295 3462
1296 2519
1296 2911
1297 1362
1297 1851
1297 2406
1297 2561
1297 3130
1297 3640
1300 3315
1302 1450
1302 2001
1302 2425
1302 3510
1302 3939
1303 2570
1304 1993
1304 2447
1304 3410
1305 1535
1305 3076
1305 3355
1306 2641
1306 3678
1306 3770
1307 2070
1307 2102
1307 3019
1307 3290
1307 3632
1308 1677
1308 2388
1308 2878
1308 3098
1308 3928
1309 1900
1309 3207
1309 3298
1309 3468
1309 3767
1310 1513
1310 2237
1311 1736
1311 3307
1311 3803
1311 3879
1312 3041
1314 1744
1314 2803
1314 3308
1316 1721
1316 1881
1316 3100
1316 3894
1316 3960
1317 2892
1317 3187
1318 1707
1318 2283
1318 2929
1318 3149
1319 1327
1319 1410
1319 3351
1319 3501
1320 1873
1321 1768
1321 2953
1321 3400
1321 3931
1322 3518
1323 1436
1324 2967
1324 3143
1324 3608
1326 1696
1326 1749
1326 2907
1327 1807
1327 2536
1327 2670
1328 1985
1328 2468
1328 3439
1329 2741
1329 2835
1329 3086
1331 2452
1331 3648
1333 3530
1334 3141
1334 3621
1335 1776
1335 2650
1335 3162
1337 2785
1338 1608
1338 1948
1338 2096
1339 1345
1339 1568
1339 2181
1339 2578
1340 2878
1340 2930
1340 3261
1341 1672
1341 2369
1342 1679
1344 2080
1344 2137
1344 2438
1344 2840
1344 3925
1345 1810
1345 2091
1345 3881
1346 1449
1346 1645
1346 1831
1346 2036
1346 3193
1346 3755
1347 2161
1347 2515
1347 2801
1348 2147
1348 2469
1349 1467
1349 2956
1349 3375
1350 3241
1351 2178
1352 1463
1352 2713
1352 2749
1352 3587
1352 3946
1353 1510
1353 2002
1353 2076
1353 3481
1354 1995
1354 2416
1354 3932
1355 1733
1355 2808
1356 3692
1356 3987
1357 1850
1357 3267
1358 1398
1358 1484
1358 2741
1358 3589
1358 3926
1359 1447
1359 1707
1360 2131
1360 2301
1360 2463
1361 2816
1361 3551
1361 3973
1362 1611
1362 2027
1362 3269
1362 3665
1362 3798
1363 3981
1364 3513
1365 3860
1366 1370
1367 2754
1367 3682
1368 2748
1368 3462
1369 1420
1370 2248
1370 2587
1370 3814
1372 1410
1372 2679
1372 2837
1372 2934
1372 3058
1373 2122
1373 2316
1374 1877
1374 2162
1374 2463
1374 3537
1375 1498
1375 1582
1375 2843
1375 3362
1376 1919
1378 2396
1379 2419
1379 2563
1379 2788
1379 3857
1380 2725
1381 2718
1381 2761
1381 3101
1381 3629
1381 3825
1382 1855
1382 2490
1382 2699
1382 2721
1382 3670
1383 3160
1384 1851
1384 3239
1384 3547
1384 3713
1384 3821
1385 1783
1385 2055
1385 2491
1385 3066
1385 3200
1386 3479
1387 2593
1387 2860
1387 3134
1387 3578
1387 3650
1388 1671
1388 2300
1388 2647
1388 2842
1389 1510
1389 2031
1389 2462
1389 2684
1389 3844
1390 2415
1390 2651
1390 2755
1390 3217
1390 3301
1391 3925
1392 1887
1392 3852
1393 1470
1393 1630
1393 2347
1393 2568
1394 2363
1394 3047
1394 3520
1394 3839
1395 3298
1397 3146
1397 3598
1398 2280
1398 3686
1399 1446
1399 3052
1399 3235
1400 3965
1401 1737
1401 2823
1401 2986
1401 3591
1402 3062
1402 3863
1403 2674
1403 3500
1404 1533
1404 1745
1404 3119
1404 3679
1405 1737
1405 2195
1405 3209
1405 3596
1406 1575
1406 1639
1406 3368
1407 3083
1408 3117
1409 3368
1410 1807
1410 1974
1410 1982
1410 2180
1411 2719
1411 3750
1412 1506
1412 2087
1412 2334
1412 3567
1413 1603
1413 2086
1414 1806
1414 2163
1415 3847
1416 1916
1416 2549
1416 3230
1417 2372
1417 2406
1417 2658
1417 2876
1418 3136
1418 3360
1419 1583
1419 1929
1420 1719
1420 2314
1420 3240
1420 3257
1421 1533
1421 3285
1421 3556
1423 2150
1423 2433
1423 3041
1423 3444
1423 3979
1424 1700
1424 2405
1424 2673
1424 3123
1425 2552
1426 1533
1426 2137
1426 2283
1426 2671
1426 3908
1427 1660
1427 1809
1427 1917
1427 2600
1427 2737
1428 1602
1428 2089
1428 2763
1429 3897
1430 1978
1430 3337
1431 2545
1431 3421
1432 1640
1432 2809
1433 1778
1434 3560
1434 3750
1435 1846
1435 2515
1435 3093
1436 2788
1436 2965
1437 3117
1437 3935
1438 2295
1438 2351
1438 2507
1438 3380
1440 1700
1440 1855
1440 2028
1440 2982
1441 1517
1441 3231
1442 1598
1442 2126
1442 3190
1442 3533
1443 1968
1443 2205
1443 3210
1443 3991
1444 3155
1445 1483
1445 1675
1445 3174
1445 3789
1446 3116
1447 2600
1448 1686
1448 2117
1448 2234
1448 2408
1448 2772
1449 3360
1449 3878
1449 3898
1450 1968
1450 2043
1450 2143
1451 1503
1451 3046
1451 3422
1451 3844
1452 1990
1452 2252
1453 2359
1453 2728
1453 3868
1454 1917
1454 2182
1454 2592
1455 1550
1455 1659
1455 2381
1455 2687
1455 2824
1455 2864
1455 3142
1455 3450
1456 2327
1456 2442
1457 2202
1457 3198
1457 3415
1458 1768
1458 1991
1458 2117
1458 2863
1458 3034
1459 3156
1459 3192
1460 2695
1460 3805
1461 2254
1461 2986
1461 3151
1462 2151
1462 2646
1462 3054
1463 1606
1463 3148
1464 3432
1464 3754
1464 3900
1465 2416
1465 2779
1466 1866
1466 2284
1466 2367
1467 3652
1468 2147
1469 1754
1470 1927
1470 2716
1470 3007
1470 3204
1470 3444
1471 1689
1471 3597
1471 3732
1472 2770
1473 2811
1473 3515
1475 1770
1475 2126
1475 2205
1475 3961
1476 1534
1476 3618
1477 1543
1477 2991
1478 1905
1478 1919
1478 3396
1478 3910
1479 2215
1480 2391
1480 3239
1480 3848
1481 2075
1481 2966
1482 2443
1482 3255
1482 3695
1482 3742
1482 3983
1483 2024
1483 2993
1483 3451
1483 3643
1484 2639
1484 3775
1485 1571
1485 1622
1485 1711
1486 3454
1488 1976
1488 2230
1488 2339
1488 2794
1488 3090
1489 1564
1489 1747
1490 1619
1490 1845
1490 1987
1490 3691
1491 1880
1491 2324
1491 2832
1491 3610
1492 1587
1492 1679
1492 2085
1492 3270
1493 1516
1493 2132
1493 3046
1493 3455
1494 1930
1494 2462
1494 3481
1494 3543
1495 2574
1495 2804
1495 2929
1496 2615
1496 3884
1497 1982
1498 1841
1498 2048
1498 2194
1499 1774
1499 2395
1500 1828
1500 2117
1500 3511
1502 2319
1502 2515
1502 2742
1502 3815
1503 2367
1503 2408
1503 3027
1504 2228
1504 3837
1505 1918
1505 2163
1505 2837
1505 3466
1506 3591
1506 3831
1507 1531
1507 2177
1507 2447
1507 3634
1507 3818
1508 2592
1508 2662
1508 3285
1509 2222
1509 2464
1509 2876
1509 3602
1509 3801
1510 1656
1510 1847
1510 2928
1510 2947
1510 3520
1512 1720
1513 3430
1515 1669
1515 1714
1515 3145
1515 3232
1516 2888
1516 3975
1517 2569
1517 3765
1518 3095
1519 2837
1519 2905
1519 3757
1519 3880
1520 1795
1520 2394
1521 1573
1521 2321
1521 3458
1522 3047
1523 1789
1523 3186
1524 2105
1524 3712
1525 2054
1526 1673
1526 2408
1526 3113
1527 2802
1527 3295
1528 2091
1528 2593
1529 3568
1529 3695
1529 3933
1530 1614
1530 2574
1530 3212
1530 3498
1531 3864
1532 2516
1533 1991
1533 2898
1533 3220
1534 2790
1534 2834
1534 3663
1535 2373
1535 3601
1536 2237
1537 1937
1537 2058
1537 3653
1537 3889
1538 1720
1538 2460
1539 2155
1539 2438
1539 3166
1540 1725
1540 2154
1540 2733
1541 2846
1541 3312
1542 2155
1542 2584
1542 3215
1543 3089
1544 2009
1544 2666
1545 2255
1545 2863
1546 3608
1547 1796
1547 1959
1547 3844
1548 3287
1549 2714
1550 1747
1550 3932
1551 3170
1551 3741
1553 2558
1553 2843
1553 3258
1553 3481
1554 3447
1555 1910
1555 2197
1555 2554
1556 2732
1556 3162
1556 3919
1557 1815
1557 3556
1558 1989
1558 2028
1558 3418
1558 3837
1560 2453
1560 2596
1560 3486
1560 3613
1561 1574
1562 2162
1563 1701
1563 1933
1563 2809
1564 2702
1564 2999
1564 3884
1565 3780
1566 1640
1566 2127
1566 2395
1566 2729
1566 3987
1567 2249
1569 3168
1569 3882
1570 2236
1570 2887
1572 2012
1573 3994
1575 1610
1575 2188
1576 2168
1576 2197
1577 3104
1577 3217
1577 3986
1579 2032
1579 2816
1579 3812
1580 2129
1580 3068
1580 3811
1581 1903
1581 1920
1581 2093
1581 2355
1582 2458
1582 2568
1582 2884
1583 1806
1583 2183
1583 3277
1584 2226
1584 2876
1585 2974
1585 3247
1585 3761
1586 3299
1587 1767
1588 2633
1588 3090
1588 3780
1588 3988
1589 2181
1589 2360
1589 2445
1589 2795
1590 1613
1590 2135
1590 2453
1590 3801
1591 1719
1591 1831
1591 1951
1591 2192
1591 2392
1591 2790
1591 2859
1591 2865
1593 1838
1593 2942
1594 2875
1594 3904
1595 1736
1595 2680
1596 2604
1597 2051
1597 2436
1598 1780
1598 2242
1598 2569
1598 2624
1598 3326
1599 3941
1600 2964
1601 1603
1602 3209
1603 1934
1603 2156
1603 2278
1603 3362
1603 3640
1604 1889
1604 2847
1605 3204
1605 3322
1606 2594
1606 3210
1606 3335
1606 3956
1607 1755
1607 2354
1609 3339
1610 2223
1610 3120
1611 1808
1611 2210
1611 3316
1611 3810
1612 3870
1613 2165
1613 2280
1613 2934
1613 3805
1614 2923
1614 3735
1615 2869
1615 2991
1615 3058
1615 3189
1615 3264
1616 1634
1616 2821
1617 2696
1617 2867
1617 3128
1618 3506
1619 2800
1619 3262
1620 1809
1620 2941
1620 3019
1620 3069
1620 3120
1621 2270
1621 2708
1622 2046
1622 2300
1622 3067
1622 3272
1622 3427
1622 3934
1623 3589
1624 2998
1624 3372
1624 3728
1625 3016
1625 3316
1625 3937
1625 3965
1626 3897
1627 3566
1628 2435
1628 3017
1628 3162
1628 3401
1629 1976
1629 2291
1629 2448
1630 2031
1630 3396
1631 3113
1631 3655
1632 1777
1632 2217
1632 2478
1632 2576
1632 3108
1632 3520
1633 1816
1633 3001
1634 1670
1634 1928
1634 3596
1634 3787
1635 3167
1635 3747
1636 2104
1636 2722
1637 2198
1637 3012
1638 2042
1639 1750
1639 2914
1639 3342
1641 2010
1641 2043
1641 3087
1642 3950
1643 2470
1644 2993
1644 3548
1645 2090
1645 2682
1645 3423
1645 3843
1646 1897
1646 2160
1647 3088
1647 3724
1648 1903
1648 2289
1648 2899
1648 3001
1648 3062
1650 2461
1650 2501
1651 3582
1652 2355
1652 2530
1652 2558
1653 2656
1653 3465
1653 3473
1653 3999
1654 3064
1654 3332
1655 2755
1655 3297
1656 2931
1656 3091
1656 3180
1656 3688
1657 2750
1657 3789
1658 1766
1658 2036
1659 2413
1661 1899
1661 2111
1661 2927
1662 1933
1662 2262
1662 3262
1664 1786
1664 2084
1664 2724
1664 3091
1665 1816
1665 2186
1665 3210
1666 3959
1667 1942
1667 2261
1668 2665
1668 3299
1668 3556
1668 3982
1669 1895
1669 2023
1669 2472
1669 2630
1669 3299
1669 3592
1669 3989
1672 3336
1673 1807
1673 2331
1674 3907
1675 3388
1677 1731
1678 1915
1678 2910
1679 2912
1679 3270
1680 1757
1680 1878
1680 2153
1680 2301
1682 1855
1682 3884
1683 1713
1683 3409
1683 3721
1684 2963
1684 3351
1684 3471
1685 2128
1685 2393
1686 2179
1686 3967
1687 2248
1687 2847
1687 2906
1687 3321
1688 2967
1689 2322
1690 2637
1692 3777
1692 3839
1692 3981
1693 2639
1693 3597
1694 1768
1694 3970
1695 2325
1695 2372
1695 3934
1696 2460
1696 2753
1697 2605
1697 2623
1697 3012
1698 1727
1698 1853
1698 2210
1698 3101
1698 3659
1698 3911
1700 1860
1700 2805
1700 3980
1701 2411
1701 2579
1701 3576
1702 2497
1702 2530
1702 2763
1703 2178
1703 2241
1703 3280
1704 2097
1705 3288
1705 3586
1705 3971
1706 1791
1706 3161
1706 3710
1706 3982
1707 2118
1707 2327
1707 2864
1707 3638
1707 3688
1708 2739
1708 3278
1709 2625
1710 1994
1710 3274
1710 3705
1711 3026
1712 3735
1713 2284
1713 2731
1713 3520
1713 3588
1714 2581
1714 3054
1714 3912
1716 1965
1716 3451
1717 1760
1717 1882
1717 3238
1717 3336
1718 3394
1720 1807
1720 2382
1721 2615
1721 3375
1722 3299
1723 1732
1723 2535
1724 2532
1724 3962
1725 2305
1725 2365
1725 2850
1726 2617
1726 2721
1727 2723
1728 1910
1728 2261
1728 2722
1728 2918
1728 3092
1728 3329
1728 3551
1729 1924
1729 2296
1730 2358
1730 2747
1730 2864
1731 2852
1731 3127
1731 3468
1732 1950
1732 2873
1732 3665
1733 2101
1734 1753
1734 2077
1734 2301
1734 2307
1734 2449
1734 3482
1735 2778
1736 1855
1736 1875
1736 1887
1736 2973
1736 3581
1737 2565
1737 3004
1737 3632
1738 2892
1738 3601
1739 2246
1739 2657
1739 3498
1740 2299
1740 3634
1741 2285
1741 3607
1742 1851
1742 3056
1742 3761
1744 2553
1746 1994
1746 2458
1746 3897
1747 3006
1748 1930
1748 2973
1750 1825
1750 2086
1750 2702
1750 3365
1752 3235
1752 3832
1753 2055
1753 2480
1753 3420
1753 3743
1754 3234
1754 3392
1754 3846
1755 2233
1755 3818
1757 1969
1757 2540
1758 1865
1758 1938
1758 2740
1759 3261
1761 2477
1761 2633
1761 2751
1762 2958
1762 3231
1762 3341
1763 2894
1764 2757
1765 1798
1765 3219
1765 3365
1766 2534
1767 2038
1767 2437
1767 3299
1768 3418
1768 3836
1769 1837
1769 1894
1769 3243
1769 3422
1770 2461
1770 2895
1771 1802
1771 2189
1772 2886
1772 3288
1773 2079
1773 2369
1773 2644
1773 3432
1773 3569
1774 2492
1774 2711
1775 2615
1775 3753
1776 3453
1777 2548
1777 3175
1778 1890
1780 3283
1781 2535
1781 2612
1781 3879
1782 1816
1782 1867
1782 2573
1782 3126
1782 3168
1783 2706
1783 3048
1783 3635
1784 2324
1784 2333
1784 3686
1784 3738
1785 1849
1785 2902
1786 2002
1786 2382
1786 2477
1786 2911
1788 2698
1788 2920
1788 3425
1788 3543
1788 3813
1789 1938
1789 2161
1789 3074
1789 3439
1791 1801
1792 2143
1792 3254
1792 3630
1792 3940
1793 2274
1793 3436
1794 2364
1795 2134
1795 3542
1795 3605
1795 3668
1796 2379
1796 2658
1796 3278
1796 3544
1797 2558
1797 3623
1798 2126
1798 3415
1799 1964
1800 1901
1800 3756
1801 2098
1801 3635
1802 3319
1802 3831
1803 1989
1803 2900
1804 3134
1804 3591
1804 3649
1804 3939
1805 2216
1805 2393
1805 2942
1805 3380
1806 1863
1806 2164
1806 2165
1806 2483
1806 3755
1806 3775
1806 3876
1808 2040
1808 2645
1808 2836
1808 2924
1808 2951
1808 3027
1808 3555
1809 1829
1809 3663
1810 1885
1810 2593
1810 2904
1810 3316
1810 3390
1810 3760
1811 3929
1812 2676
1812 3390
1813 2188
1813 2974
1813 3246
1814 1832
1814 2087
1814 2493
1814 3390
1814 3804
1815 1873
1816 1851
1816 3893
1817 2454
1818 2650
1818 2882
1818 3280
1818 3595
1818 3716
1819 1953
1819 3994
1820 1885
1820 2731
1821 2286
1821 3907
1822 3175
1822 3354
1822 3396
1822 3924
1823 2017
1823 2700
1824 2129
1824 2726
1824 3531
1824 3605
1824 3974
1825 3930
1826 1991
1826 2469
1828 2142
1828 2178
1828 2307
1829 2468
1829 3499
1830 3037
1830 3327
1830 3611
1831 2486
1831 3366
1832 3140
1832 3299
1833 1955
1833 2498
1833 2941
1833 3370
1833 3972
1835 3974
1836 2797
1836 3242
1837 2548
1837 3802
1838 1983
1838 3040
1839 2088
1839 2251
1840 1962
1842 3443
1842 3729
1843 1923
1843 2921
1843 3249
1844 2062
1844 2365
1845 2208
1845 2414
1845 2534
1846 2079
1846 2810
1846 3778
1849 1929
1849 3961
1850 3055
1851 1853
1851 1915
1851 2682
1851 2990
1852 2304
1852 2553
1852 2666
1854 2181
1854 2554
1854 3955
1855 2161
1855 2941
1855 3555
1856 3034
1857 2764
1857 3886
1858 2114
1858 2552
1859 2136
1859 3038
1859 3402
1861 2503
1861 3442
1861 3842
1862 2509
1863 2691
1863 2994
1863 3493
1864 2715
1864 3555
1865 2409
1865 3099
1866 3160
1866 3206
1866 3763
1867 2878
1868 2792
1868 3141
1868 3517
1868 3663
1868 3667
1869 2305
1869 2426
1870 2592
1870 2662
1870 2692
1870 3673
1871 1891
1871 3496
1872 2111
1872 3296
1873 2982
1873 3187
1873 3784
1874 2465
1876 3727
1877 2321
1877 3045
1877 3108
1878 2613
1879 3742
1879 3946
1881 2146
1881 2388
1881 3104
1882 2088
1882 2462
1882 2647
1882 3365
1883 3133
1884 2053
1884 3160
1884 3442
1884 3493
1884 3873
1885 2754
1886 2434
1886 2513
1886 3060
1886 3108
1887 2225
1887 2611
1887 3715
1887 3896
1888 2462
1889 2594
1889 3722
1890 2237
1890 2436
1890 2842
1890 2890
1890 2952
1891 2339
1891 2538
1891 2762
1891 3671
1891 3905
1892 2706
1892 3071
1892 3110
1893 2429
1893 2620
1893 3822
1894 2836
1894 3006
1894 3806
1894 3889
1895 3646
1896 2150
1896 2413
1896 3078
1897 3910
1898 3195
1899 3033
1899 3874
1899 3983
1900 2065
1901 2372
1901 2708
1901 3240
1902 3497
1903 2690
1903 2852
1903 3207
1904 2334
1904 2673
1904 3262
1904 3329
1905 2265
1906 2224
1906 3263
1906 3833
1907 2443
1907 2721
1907 3021
1907 3247
1907 3945
1908 2540
1908 3639
1909 1915
1909 3310
1910 3784
1911 2519
1912 2174
1912 2439
1912 3169
1912 3624
1912 3674
1912 3755
1912 3914
1913 2596
1914 3603
1915 2184
1915 3882
1917 2143
1917 3764
1918 3080
1919 2224
1919 2538
1919 3227
1920 2599
1920 2705
1920 3033
1920 3431
1920 3516
1921 2653
1921 3312
1921 3546
1922 2070
1922 2358
1923 2585
1923 3222
1923 3307
1923 3352
1923 3660
1923 3741
1924 2400
1924 2568
1924 2994
1926 2110
1926 2465
1927 2322
1927 2584
1927 2981
1927 3912
1928 3314
1929 3187
1929 3497
1930 2182
1930 2478
1930 3698
1930 3974
1931 1939
1931 3044
1931 3401
1931 3830
1932 2264
1932 2537
1932 2740
1933 2097
1933 2968
1933 3366
1934 1970
1934 2520
1934 3472
1935 2344
1936 2015
1936 3495
1937 2269
1937 2361
1937 3360
1937 3405
1937 3601
1938 2584
1938 2750
1938 3035
1938 3100
1938 3844
1939 2581
1939 3666
1940 2214
1940 3280
1940 3855
1941 2802
1941 3951
1943 1980
1944 1974
1944 3044
1945 2582
1945 2629
1945 3242
1945 3299
1947 3386
1947 3681
1948 2079
1948 2339
1948 2467
1948 3000
1948 3026
1948 3163
1948 3741
1949 3278
1949 3763
1949 3901
1949 3967
1950 2613
1950 3132
1950 3466
1951 3022
1952 2760
1953 2406
1954 2421
1954 2672
1954 3198
1954 3261
1954 3303
1955 2282
1956 2847
1957 2867
1958 1996
1958 2185
1958 2555
1958 2825
1959 2034
1960 2407
1960 3305
1960 3388
1960 3441
1962 2605
1962 3699
1962 3991
1963 2016
1963 2586
1965 2568
1965 2586
1965 3392
1965 3970
1966 3571
1967 2168
1967 2785
1968 3727
1968 3844
1969 2177
1970 2345
1970 3101
1971 2830
1971 3290
1972 2617
1972 2765
1972 2931
1973 3282
1973 3442
1973 3895
1974 2197
1974 2907
1974 3053
1974 3066
1975 2356
1975 2486
1976 2864
1976 2954
1977 2027
1977 3060
1977 3938
1978 2462
1981 2181
1981 3418
1981 3969
1982 3145
1982 3452
1983 2051
1983 3000
1984 2746
1985 2189
1985 3192
1985 3450
1986 2862
1987 2583
1987 2798
1987 2911
1987 3907
1988 2783
1988 2942
1988 3699
1988 3890
1989 2640
1989 3955
1990 2077
1990 2476
1990 3286
1991 2708
1991 3392
1993 3713
1996 3633
1998 2070
1998 2142
2000 2368
2001 3924
2002 2331
2002 3763
2003 3084
2003 3377
2003 3997
2004 2436
2004 2720
2004 2778
2004 3519
2005 2901
2006 2088
2007 2035
2008 2302
2008 3167
2008 3199
2008 3482
2008 3635
2009 2092
2009 2332
2009 2538
2009 2827
2010 2826
2010 3338
2010 3709
2011 2372
2011 2585
2012 3282
2013 2845
2013 3268
2014 2282
2014 2447
2015 2259
2015 3072
2016 2650
2016 2859
2016 3936
2017 2430
2017 2581
2018 2477
2018 2478
2018 3805
2018 3849
2020 2336
2020 3568
2020 3590
2021 2887
2021 3006
2021 3732
2022 2046
2022 3092
2023 2618
2023 2894
2023 3715
2025 2700
2025 3452
2026 3135
2026 3898
2026 3952
2027 2048
2027 2284
2027 2891
2027 3104
2029 2379
2029 2735
2029 3599
2030 3232
2031 2879
2031 2976
2032 2211
2032 2212
2032 2252
2032 2588
2032 3169
2032 3569
2032 3816
2033 2315
2033 3553
2034 2065
2034 3073
2035 2125
2035 2414
2035 2710
2035 2934
2038 2548
2038 2782
2038 2969
2038 3157
2039 2174
2039 2493
2039 3189
2040 2041
2040 3497
2042 2850
2043 2060
2043 2192
2043 2242
2043 2335
2043 2811
2043 2906
2044 2054
2044 2132
2044 2939
2045 2950
2045 3785
2045 3849
2046 2336
2046 3747
2047 2049
2047 2902
2047 3362
2048 2076
2048 2194
2048 2647
2048 3179
2048 3927
2049 3481
2049 3965
2050 2234
2050 2681
2050 3547
2050 3843
2051 2483
2051 3394
2051 3402
2052 2260
2052 2267
2052 2418
2052 3589
2052 3832
2053 3434
2056 2201
2056 2976
2056 3050
2056 3760
2057 3715
2057 3834
2058 2293
2058 3756
2059 2723
2059 3585
2059 3661
2059 3872
2060 2765
2061 2129
2061 2390
2061 3192
2061 3548
2061 3640
2062 3127
2063 2326
2063 2402
2063 3085
2063 3301
2063 3380
2063 3845
2064 2405
2064 2460
2064 2581
2065 2107
2065 2492
2065 3207
2065 3903
2066 2121
2066 2228
2066 2273
2066 2274
2066 3003
2066 3444
2067 2829
2067 3793
2067 3805
2068 3900
2068 3943
2069 2436
2070 3317
2071 2392
2071 3163
2072 2393
2072 2537
2073 2907
2074 2078
2074 3281
2074 3623
2076 3044
2077 2983
2077 3276
2077 3526
2078 2995
2078 3600
2078 3756
2079 2622
2080 3259
2080 3670
2081 2827
2081 2943
2081 3979
2082 2297
2083 3535
2083 3808
2084 3309
2085 2111
2086 2445
2088 3158
2089 2350
2089 3042
2090 2152
2090 3218
2091 3452
2091 3749
2092 2150
2093 2524
2094 2798
2094 3314
2095 2334
2095 3227
2095 3301
2096 2688
2096 3173
2097 2636
2097 3485
2098 2469
2099 2827
2100 2274
2100 2283
2100 2325
2100 3113
2100 3556
2101 2831
2102 2669
2102 2745
2102 3290
2103 3310
2104 2571
2104 3178
2105 3583
2106 2884
2107 3082
2107 3221
2108 2722
2108 3702
2108 3902
2110 2769
2110 3645
2113 2569
2114 2516
2114 2942
2114 3212
2115 3328
2115 3691
2116 3449
2116 3966
2117 2176
2117 3776
2117 3998
2118 3423
2119 2592
2120 3055
2121 2191
2121 2743
2121 3327
2121 3694
2122 2573
2122 2863
2123 2427
2123 2744
2123 2969
2124 2641
2127 2309
2127 2864
2128 2352
2130 2332
2130 2640
2130 2993
2130 3132
2131 2555
2132 3782
2133 2513
2133 3400
2133 3591
2133 3924
2134 3047
2134 3498
2134 3929
2136 2937
2136 3162
2136 3617
2137 2626
2137 3690
2138 2361
2138 3050
2138 3572
2138 3936
2139 3364
2140 3802
2141 3548
2142 3433
2142 3509
2143 2161
2143 3916
2144 3406
2145 3587
2146 3181
2146 3688
2147 2908
2147 2944
2148 2299
2148 3147
2149 3211
2149 3649
2150 2263
2150 2432
2150 2659
2150 3418
2151 3432
2152 2594
2152 3600
2153 3774
2155 2931
2156 2224
2156 2272
2156 2923
2156 3270
2156 3746
2157 2421
2157 2936
2158 2503
2158 2966
2158 3738
2159 2863
2159 3201
2159 3426
2160 3955
2161 2326
2161 2714
2161 2833
2161 2851
2162 2209
2162 2346
2162 2696
2162 2937
2162 3014
2162 3599
2162 3732
2163 2515
2163 3323
2163 3404
2164 2510
2164 2747
2164 2883
2165 2522
2165 2722
2165 3636
2166 2821
2166 3477
2167 3743
2168 2401
2168 2863
2168 3915
2170 2838
2171 3319
2172 2211
2172 2733
2172 3312
2172 3446
2173 2675
2173 3545
2173 3605
2175 2334
2175 2424
2175 2937
2176 2943
2176 3015
2176 3534
2177 2183
2177 2970
2177 3912
2178 3066
2178 3474
2179 2486
2179 3254
2179 3375
2179 3886
2180 2633
2180 3915
2181 2344
2181 2585
2181 2747
2181 3480
2181 3708
2182 2498
2182 3799
2183 2334
2183 3562
2184 3024
2184 3626
2185 3673
2186 2866
2186 3232
2186 3843
2186 3948
2187 3101
2187 3562
2188 2470
2192 3276
2193 2928
2193 3928
2193 3945
2195 2712
2195 3018
2195 3441
2196 2459
2198 2523
2198 3517
2198 3895
2199 3903
2200 3393
2200 3848
2201 2313
2202 2288
2202 2548
2202 3109
2203 3330
2204 2482
2204 3011
2204 3057
2205 3205
2207 2363
2208 2282
2208 3875
2209 3198
2209 3798
2210 3560
2210 3732
2211 2672
2212 2491
2213 2699
2213 2845
2213 3201
2213 3808
2215 2526
2216 3694
2217 2762
2217 3168
2218 2328
2218 2609
2219 2221
2221 2292
2221 3159
2222 2557
2222 3811
2223 3968
2224 2471
2224 3703
2226 2240
2226 2330
2228 3709
2229 3179
2229 3787
2230 2516
2230 2542
2230 3054
2233 2323
2233 3866
2234 2333
2234 3158
2235 2554
2235 2838
2236 2838
2236 3045
2236 3323
2237 3583
2237 3735
2237 3793
2238 2695
2239 3674
2240 2746
2240 3725
2241 2642
2241 2757
2241 2926
2242 2929
2242 3081
2242 3101
2242 3102
2242 3923
2243 2877
2244 3874
2244 3988
2245 3815
2246 2708
2246 2858
2246 3075
2246 3340
2246 3411
2246 3606
2247 2866
2247 3126
2248 3938
2250 3883
2252 2622
2253 2480
2254 3604
2254 3760
2255 2573
2255 2974
2256 2409
2256 2439
2256 3768
2257 2462
2257 3285
2258 2527
2258 2831
2258 3005
2259 2373
2261 2300
2261 3170
2263 3070
2264 2957
2265 2520
2265 2844
2266 2563
2266 2794
2267 3127
2267 3828
2268 3428
2268 3523
2268 3653
2269 3507
2269 3813
2270 2363
2270 3414
2270 3425
2270 3719
2271 2442
2271 2529
2271 3181
2272 3293
2274 3671
2275 3690
2278 2451
2278 3254
2279 3510
2280 2789
2280 3277
2281 2704
2281 2901
2281 3480
2282 2568
2283 2496
2283 3071
2283 3293
2286 3809
2287 2534
2287 3451
2287 3779
2288 3960
2290 3227
2291 2969
2291 3439
2291 3624
2292 2726
2292 3406
2292 3453
2292 3822
2294 3272
2294 3768
2295 2431
2295 2682
2295 2828
2295 3021
2295 3278
2295 3531
2296 2470
2297 3163
2297 3482
2297 3516
2298 3667
2298 3848
2299 2489
2300 2912
2300 3026
2301 2440
2302 2308
2302 2547
2302 2568
2302 3573
2304 3112
2304 3831
2305 2756
2306 3953
2307 2468
2307 2645
2307 2716
2307 2886
2307 3529
2307 3705
2307 3757
2308 3173
2308 3185
2308 3522
2309 2652
2309 2914
2309 3225
2309 3458
2309 3840
2310 2702
2310 3587
2311 2713
2313 3575
2314 2498
2314 2509
2314 2823
2314 2976
2314 3384
2314 3777
2314 3992
2315 2406
2315 2666
2315 3197
2315 3476
2316 2847
2316 3681
2317 3309
2318 3065
2318 3567
2318 3808
2319 3632
2320 2522
2320 2617
2320 2918
2321 3411
2321 3989
2322 2985
2322 3496
2323 2978
2323 3349
2324 2396
2326 2449
2326 2567
2326 2918
2326 3557
2326 3777
2327 2940
2328 2404
2328 3523
2328 3893
2329 2346
2329 3080
2330 2374
2330 2591
2331 2697
2332 3333
2332 3813
2333 2369
2333 2500
2333 3031
2334 2754
2334 3247
2334 3574
2334 3841
2335 2594
2335 2693
2336 2789
2336 2921
2337 2588
2337 2716
2338 2469
2339 3142
2340 2801
2340 3905
2341 2820
2342 3296
2343 3296
2343 3558
2344 2873
2344 3227
2345 3112
2345 3587
2345 3889
2346 2378
2346 2971
2346 3303
2346 3305
2347 3543
2347 3555
2347 3855
2348 3601
2348 3776
2349 3088
2349 3347
2349 3800
2350 2644
2350 3383
2350 3992
2353 2467
2354 3940
2355 3436
2356 3483
2357 3081
2357 3692
2358 3062
2358 3656
2359 3041
2359 3835
2360 2783
2361 2792
2362 2680
2362 3075
2362 3988
2364 2914
2364 3286
2364 3941
2365 2493
2365 2892
2365 3117
2367 2574
2367 2743
2367 2886
2367 2971
2367 3120
2367 3198
2368 2666
2368 3436
2369 2446
2369 2920
2369 3113
2369 3209
2369 3332
2369 3793
2369 3811
2370 2643
2370 3163
2371 3656
2372 2653
2372 3581
2372 3767
2373 2529
2373 2665
2373 3338
2373 3370
2374 3185
2375 2699
2375 3952
2376 2465
2377 2823
2378 2891
2379 2589
2379 3503
2379 3926
2379 3985
2380 2790
2380 3085
2381 2590
2381 3791
2381 3985
2382 2454
2382 2643
2382 3678
2384 3330
2384 3560
2385 3397
2386 2581
2386 2825
2386 3414
2388 3572
2389 3167
2390 3196
2390 3252
2390 3987
2392 2456
2394 3917
2395 2747
2396 2781
2396 2856
2396 2977
2396 3165
2396 3410
2396 3778
2398 2740
2398 3062
2398 3294
2401 3045
2401 3695
2402 3802
2403 3222
2403 3260
2403 3303
2404 3162
2404 3602
2405 2722
2406 3591
2408 2454
2408 3693
2409 2850
2409 2863
2409 3006
2409 3892
2410 2995
2410 3658
2410 3666
2411 2576
2411 3174
2412 2456
2412 2779
2412 3056
2412 3844
2412 3858
2413 3378
2413 3393
2413 3863
2414 2654
2414 2727
2414 2827
2414 3570
2415 2557
2415 2922
2416 3021
2416 3024
2416 3730
2416 3791
2416 3805
2417 2927
2417 3280
2417 3923
2418 2797
2418 3116
2419 3953
2421 2717
2421 2930
2421 3221
2421 3272
2421 3946
2422 2562
2422 2775
2423 2723
2423 2815
2423 3541
2423 3576
2423 3888
2424 3192
2426 2730
2427 3479
2427 3895
2428 3644
2430 3613
2431 2639
2431 3076
2431 3224
2431 3378
2431 3630
2433 2596
2433 2904
2433 3183
2433 3498
2434 2546
2434 3517
2435 2731
2435 3958
2435 3978
2436 3339
2437 2826
2437 3854
2439 2853
2439 3468
2439 3547
2439 3589
2441 2491
2441 3216
2442 2619
2442 3223
2442 3961
2442 3974
2443 2883
2444 2718
2444 3522
2444 3628
2445 2499
2445 2928
2445 3903
2446 3456
2447 3653
2448 2722
2448 2983
2448 3092
2449 2874
2449 3557
2449 3567
2450 3132
2450 3562
2451 2948
2451 3111
2451 3475
2451 3544
2452 2543
2452 3637
2453 2594
2453 2596
2453 2966
2454 3998
2456 3359
2456 3435
2457 2752
2459 3084
2459 3914
2460 3261
2461 3363
2462 3534
2463 2800
2464 2720
2464 3655
2464 3754
2465 2728
2465 3650
2465 3970
2466 3022
2468 3246
2470 2490
2470 3728
2470 3824
2470 3961
2470 3981
2471 2986
2472 3521
2472 3994
2473 3659
2473 3984
2474 3282
2474 3913
2474 3991
2475 2945
2476 2480
2476 2926
2477 3269
2477 3767
2479 3024
2480 3272
2480 3637
2481 2756
2481 3449
2482 3251
2482 3502
2482 3696
2483 2688
2485 3836
2486 3318
2486 3405
2486 3638
2487 3147
2487 3501
2488 2886
2488 3906
2488 3945
2489 2616
2489 3268
2489 3475
2490 2496
2490 2815
2491 2787
2491 3021
2491 3511
2492 2829
2492 3219
2493 3983
2494 2782
2494 3059
2494 3163
2494 3477
2494 3874
2495 2808
2496 3298
2501 3239
2501 3251
2501 3718
2502 3325
2503 3883
2504 3129
2505 3049
2506 3489
2506 3522
2507 2823
2507 2888
2507 3174
2508 3705
2508 3922
2510 2867
2511 2675
2511 3469
2512 2554
2512 3009
2512 3538
2513 3657
2513 3885
2514 2888
2514 3750
2515 2622
2515 3157
2516 2600
2517 3244
2517 3386
2517 3488
2517 3530
2517 3895
2518 2564
2518 3382
2518 3866
2519 2816
2519 3542
2521 2928
2521 3662
2521 3664
2523 3745
2525 3953
2526 3493
2526 3511
2527 2601
2527 3025
2527 3090
2527 3694
2528 2992
2528 3448
2531 2545
2531 3130
2532 2879
2532 3694
2533 3876
2534 2845
2534 3396
2535 3040
2535 3185
2535 3944
2536 2867
2537 2607
2538 3690
2538 3858
2539 2726
2539 3231
2540 2737
2540 3820
2541 2650
2541 3606
2542 3521
2543 3041
2543 3336
2544 2867
2548 3320
2549 3196
2553 3178
2555 3841
2556 2958
2556 3542
2556 3774
2557 2859
2558 2607
2558 3002
2558 3708
2560 3178
2561 3344
2561 3405
2561 3466
2561 3833
2562 3657
2563 2587
2563 2920
2563 3763
2564 2572
2564 3732
2565 3488
2565 3564
2566 3111
2567 2640
2569 3290
2569 3411
2571 2743
2571 3027
2572 3107
2572 3597
2576 2599
2576 3023
2577 2774
2577 3866
2580 2712
2580 2750
2580 2946
2580 3130
2581 3150
2581 3344
2582 3734
2582 3757
2584 3038
2584 3259
2585 2871
2585 3861
2586 3384
2586 3705
2587 3052
2587 3464
2589 2795
2589 2893
2589 3509
2590 2741
2590 3498
2591 3711
2592 3835
2593 2982
2594 3097
2594 3450
2594 3506
2594 3619
2596 3112
2596 3927
2597 2722
2597 3040
2597 3388
2597 3797
2598 3656
2598 3740
2599 3684
2600 2629
2600 3050
2601 3350
2602 2612
2602 3192
2603 3478
2603 3675
2605 2809
2605 3699
2607 3953
2608 3142
2608 3993
2609 2764
2609 3192
2610 2898
2610 2964
2610 3364
2610 3979
2611 2961
2612 3649
2612 3873
2613 3905
2614 3804
2614 3813
2617 3595
2618 3927
2618 3962
2619 3391
2619 3506
2619 3718
2620 3673
2621 2780
2622 2866
2622 3062
2624 3663
2625 3404
2625 3666
2626 3135
2626 3571
2628 3406
2629 2969
2629 3957
2630 2763
2630 3445
2630 3504
2631 3129
2631 3475
2632 3558
2632 3897
2633 3621
2634 3888
2637 3417
2637 3686
2638 2873
2641 3563
2641 3772
2642 2860
2644 3797
2645 2953
2646 3793
2648 2798
2648 3214
2648 3604
2648 3633
2649 3090
2649 3747
2650 3201
2651 3191
2652 2769
2654 3055
2654 3794
2656 3392
2656 3467
2657 3727
2658 3862
2659 2814
2659 3100
2660 2757
2661 3073
2661 3694
2661 3706
2662 3636
2662 3938
2664 3037
2666 3440
2667 2922
2667 3720
2667 3872
2669 3231
2669 3870
2670 2793
2670 3597
2670 3795
2671 2937
2671 3560
2672 2923
2672 3465
2672 3536
2672 3803
2673 2868
2673 2877
2673 3228
2673 3346
2674 2757
2674 2933
2674 3696
2674 3952
2676 3537
2677 3079
2677 3114
2679 3589
2680 2888
2681 3057
2681 3976
2682 3603
2683 3045
2684 3451
2684 3751
2685 3918
2686 2713
2686 2993
2686 3109
2687 3020
2687 3525
2688 2946
2688 3110
2688 3452
2688 3711
2689 2914
2689 3170
2689 3605
2690 3530
2693 3184
2693 3355
2693 3679
2693 3910
2695 2998
2695 3289
2696 3845
2698 3938
2701 2895
2701 3687
2701 3705
2701 3787
2702 3807
2704 3607
2704 3740
2705 3160
2706 3698
2707 3805
2708 2763
2708 3519
2708 3968
2710 2985
2711 3194
2711 3419
2712 3077
2716 3007
2717 2772
2717 3131
2718 3158
2719 3279
2720 3700
2720 3799
2721 2943
2721 3001
2721 3788
2723 3257
2723 3299
2723 3509
2723 3644
2723 3649
2724 2764
2724 3313
2724 3506
2725 3171
2725 3375
2725 3636
2726 2880
2729 3235
2729 3577
2730 3752
2731 3757
2733 2984
2733 3133
2733 3941
2736 3761
2738 3439
2738 3597
2739 3504
2741 3193
2742 3990
2743 3615
2743 3992
2745 2902
2745 3007
2745 3245
2748 3112
2748 3763
2748 3773
2749 3023
2751 2938
2751 3999
2752 3359
2752 3412
2752 3597
2753 3854
2754 3227
2754 3465
2755 3053
2755 3576
2755 3619
2756 2915
2757 3427
2757 3787
2758 3376
2759 3227
2760 3022
2760 3419
2761 3460
2762 3625
2763 2944
2764 3352
2764 3899
2765 3852
2766 3428
2766 3843
2767 3340
2767 3695
2769 3228
2771 3689
2772 3404
2773 3343
2774 3230
2775 3684
2776 3438
2776 3680
2776 3746
2778 2833
2778 3516
2778 3776
2779 2828
2779 2975
2780 2832
2783 2923
2784 2794
2784 3711
2785 3134
2786 3134
2787 3004
2787 3451
2787 3671
2788 3454
2790 2812
2790 2919
2790 3674
2791 3136
2791 3655
2792 3085
2792 3603
2793 2958
2793 3100
2793 3165
2793 3216
2793 3224
2794 3917
2796 3658
2798 2859
2799 3233
2800 2827
2801 2830
2801 3024
2801 3108
2802 3414
2802 3447
2803 3620
2803 3636
2804 3442
2804 3954
2805 3736
2807 2987
2807 3571
2807 3610
2807 3634
2809 2892
2809 3514
2811 2873
2811 3211
2811 3622
2812 2947
2813 3149
2814 3311
2814 3404
2814 3868
2814 3882
2814 3998
2815 3536
2816 3231
2818 3188
2818 3809
2818 3842
2819 2907
2821 3183
2821 3235
2821 3417
2822 2947
2823 2933
2823 3222
2823 3352
2823 3969
2828 3420
2828 3776
2831 3418
2831 3449
2832 3627
2833 3080
2834 2852
2834 3472
2835 3150
2835 3268
2835 3949
2837 3775
2838 2998
2838 3357
2838 3706
2839 3259
2839 3311
2842 2982
2844 3634
2845 3120
2846 3488
2848 3055
2849 3478
2851 2884
2851 3549
2853 3748
2855 3245
2857 3594
2858 3773
2858 3774
2859 3139
2859 3249
2859 3675
2860 3420
2860 3860
2860 3948
2861 2995
2861 3248
2863 3222
2864 2883
2867 3662
2867 3743
2868 3693
2869 3226
2871 2915
2871 2928
2871 3188
2872 3097
2874 3337
2875 3276
2876 3344
2877 3359
2877 3991
2879 3572
2879 3962
2881 2939
2881 3426
2882 2893
2882 3590
2882 3894
2884 3582
2885 3797
2886 3598
2886 3779
2887 2977
2889 3000
2890 3673
2890 3961
2891 3781
2891 3873
2894 3839
2894 3937
2895 2951
2895 3051
2895 3932
2897 3365
2898 3011
2898 3928
2899 3672
2902 2929
2902 3997
2903 3256
2903 3629
2906 3206
2907 3378
2908 3586
2909 3090
2909 3460
2909 3473
2910 3455
2910 3756
2910 3971
2910 3987
2912 3170
2912 3817
2914 3665
2915 3707
2917 3194
2918 2965
2918 3453
2919 3973
2920 3072
2920 3426
2920 3506
2921 3377
2921 3955
2923 3256
2924 3052
2924 3709
2925 3956
2927 3929
2928 2995
2928 3328
2928 3883
2930 3689
2931 3304
2931 3877
2932 3065
2932 3575
2932 3598
2933 3653
2933 3775
2934 3877
2935 3589
2936 2940
2938 3064
2938 3201
2938 3538
2938 3937
2939 3663
2939 3913
2940 3254
2940 3323
2941 2956
2941 3449
2944 2995
2944 3913
2945 3175
2946 3433
2947 2981
2947 3445
2947 3484
2951 2969
2951 3845
2953 3524
2954 2990
2955 3468
2956 3521
2958 3211
2958 3581
2959 3117
2959 3452
2960 3148
2960 3294
2961 3191
2964 3048
2964 3928
2966 3974
2968 2980
2969 3603
2969 3698
2969 3752
2971 3067
2971 3765
2972 3120
2972 3186
2973 3905
2976 3599
2976 3793
2977 3563
2978 3505
2980 3221
2980 3239
2981 2992
2982 3083
2982 3513
2983 3944
2985 3595
2987 3666
2989 3157
2989 3849
2990 3435
2991 3219
2991 3681
2991 3804
2995 3980
2996 3115
2996 3897
2997 2998
2997 3511
2998 3027
2998 3568
2998 3599
2998 3608
2999 3541
2999 3593
2999 3693
3000 3848
3000 3975
3003 3962
3004 3908
3006 3702
3006 3785
3007 3033
3007 3835
3008 3950
3009 3592
3009 3738
3010 3156
3010 3649
3010 3782
3011 3396
3012 3103
3013 3256
3013 3621
3013 3814
3014 3873
3015 3031
3016 3774
3017 3862
3018 3835
3018 3895
3019 3648
3021 3790
3022 3137
3024 3080
3025 3338
3028 3795
3032 3621
3033 3049
3035 3133
3035 3607
3035 3802
3036 3326
3036 3606
3037 3203
3040 3384
3042 3709
3043 3193
3043 3437
3043 3759
3043 3934
3043 3989
3044 3247
3044 3395
3044 3781
3044 3792
3045 3486
3045 3554
3049 3827
3049 3871
3050 3739
3052 3701
3054 3198
3054 3374
3055 3099
3058 3755
3059 3534
3059 3617
3059 3811
3062 3448
3064 3094
3065 3300
3065 3511
3066 3633
3066 3908
3067 3122
3067 3657
3068 3199
3068 3483
3069 3869
3074 3086
3074 3927
3076 3270
3077 3138
3077 3953
3078 3413
3078 3728
3079 3400
3080 3268
3081 3395
3081 3842
3082 3412
3087 3404
3087 3411
3088 3741
3088 3897
3088 3971
3090 3623
3092 3764
3094 3220
3096 3230
3096 3332
3098 3169
3098 3876
3098 3919
3099 3236
3099 3642
3099 3918
3102 3946
3103 3518
3103 3883
3103 3970
3104 3551
3104 3569
3104 3684
3108 3560
3109 3491
3111 3776
3112 3155
3113 3173
3114 3374
3114 3848
3115 3551
3116 3122
3116 3228
3117 3346
3119 3756
3123 3376
3123 3660
3123 3844
3123 3960
3124 3143
3124 3375
3124 3478
3125 3160
3125 3695
3125 3769
3126 3282
3126 3428
3127 3276
3132 3481
3133 3961
3136 3692
3137 3975
3138 3446
3138 3655
3139 3215
3139 3409
3140 3748
3141 3826
3142 3476
3142 3478
3142 3644
3145 3172
3145 3916
3147 3241
3147 3341
3148 3494
3148 3770
3148 3906
3150 3833
3154 3203
3155 3305
3159 3811
3161 3761
3163 3280
3164 3308
3164 3648
3170 3938
3171 3359
3173 3350
3174 3873
3176 3404
3177 3849
3178 3327
3179 3581
3182 3393
3182 3927
3187 3208
3188 3359
3189 3236
3189 3252
3190 3396
3190 3867
3198 3266
3199 3327
3199 3677
3200 3564
3202 3703
3203 3527
3203 3535
3204 3304
3204 3687
3205 3850
3205 3984
3207 3257
3207 3505
3210 3945
3211 3956
3212 3412
3212 3731
3213 3453
3213 3462
3216 3931
3219 3501
3221 3450
3221 3638
3225 3227
3225 3464
3225 3716
3229 3507
3229 3607
3233 3475
3235 3916
3237 3595
3238 3923
3240 3690
3241 3955
3242 3393
3242 3889
3243 3387
3243 3469
3243 3709
3244 3615
3245 3694
3245 3966
3247 3294
3248 3933
3250 3514
3251 3598
3256 3979
3257 3441
3258 3521
3259 3984
3261 3791
3262 3759
3262 3875
3264 3608
3266 3742
3267 3665
3268 3914
3271 3340
3273 3525
3273 3816
3276 3809
3277 3389
3279 3353
3280 3705
3281 3709
3282 3360
3285 3935
3287 3765
3292 3627
3292 3717
3295 3503
3296 3646
3297 3907
3298 3602
3299 3665
3300 3738
3301 3994
3306 3375
3308 3454
3309 3523
3310 3501
3310 3708
3312 3545
3313 3721
3314 3409
3317 3377
3317 3585
3320 3932
3321 3454
3323 3928
3324 3911
3327 3685
3329 3442
3329 3825
3330 3682
3332 3493
3332 3597
3332 3927
3334 3826
3338 3780
3339 3377
3344 3691
3345 3988
3347 3540
3348 3641
3349 3919
3353 3789
3354 3670
3356 3494
3356 3844
3357 3657
3360 3485
3362 3532
3363 3451
3364 3547
3367 3729
3367 3810
3369 3973
3370 3715
3374 3579
3374 3911
3377 3453
3378 3739
3381 3659
3381 3750
3382 3878
3383 3535
3383 3652
3386 3430
3386 3464
3389 3731
3394 3959
3396 3754
3396 3871
3397 3488
3398 3513
3399 3695
3399 3844
3401 3588
3404 3753
3407 3536
3408 3888
3410 3769
3410 3947
3414 3894
3415 3796
3419 3655
3422 3553
3423 3854
3426 3722
3427 3818
3428 3873
3429 3895
3429 3911
3430 3602
3430 3946
3434 3497
3434 3855
3438 3735
3443 3545
3443 3912
3444 3782
3445 3627
3446 3708
3446 3878
3446 3957
3448 3627
3449 3731
3451 3878
3452 3753
3455 3767
3458 3797
3459 3495
3461 3578
3465 3984
3470 3796
3470 3901
3471 3642
3474 3948
3478 3505
3478 3912
3479 3679
3481 3709
3483 3593
3483 3845
3484 3883
3486 3849
3488 3722
3488 3996
3489 3829
3490 3994
3491 3817
3493 3550
3494 3803
3495 3951
3497 3696
3497 3836
3499 3684
3501 3782
3501 3803
3502 3568
3502 3917
3504 3697
3504 3933
3505 3642
3509 3528
3509 3628
3510 3605
3511 3816
3511 3883
3513 3692
3514 3608
3514 3897
3515 3709
3515 3880
3516 3998
3521 3772
3522 3914
3525 3671
3532 3639
3532 3976
3537 3775
3537 3909
3539 3836
3542 3767
3549 3636
3552 3934
3554 3889
3555 3651
3559 3866
3560 3656
3562 3816
3564 3778
3564 3929
3572 3641
3575 3984
3577 3611
3579 3882
3580 3612
3580 3986
3582 3611
3583 3818
3585 3848
3591 3850
3595 3604
3599 3790
3603 3749
3604 3914
3609 3962
3611 3963
3613 3865
3614 3918
3615 3747
3616 3617
3617 3917
3622 3935
3624 3672
3626 3822
3626 3874
3631 3673
3631 3839
3632 3984
3633 3764
3633 3988
3634 3668
3636 3783
3641 3686
3645 3842
3645 3932
3647 3879
3654 3731
3654 3766
3654 3951
3659 3981
3660 3955
3661 3827
3671 3702
3674 3728
3680 3938
3684 3786
3685 3769
3690 3692
3691 3972
3692 3761
3694 3906
3700 3924
3702 3793
3702 3960
3714 3744
3720 3787
3722 3750
3722 3836
3724 3813
3724 3823
3729 3825
3729 3848
3729 3946
3729 3987
3731 3767
3731 3799
3732 3736
3738 3930
3738 3988
3740 3776
3740 3844
3742 3930
3748 3806
3753 3763
3757 3794
3757 3847
3759 3914
3766 3971
3780 3972
3790 3882
3798 3805
3798 3979
3799 3873
3800 3948
3802 3861
3808 3878
3808 3970
3815 3893
3832 3922
3836 3852
3837 3979
3844 3908
3854 3885
3861 3948
3869 3900
3877 3953
3878 3951
3893 3933
3899 3955
3909 3936
3927 3946
