3000 6016
0 746
0 1093
0 1759
0 2094
1 504
1 1294
1 2731
2 683
2 2449
2 2597
3 45
3 303
3 333
3 656
3 1048
3 1546
3 1953
3 2121
3 2383
3 2508
4 535
4 1043
5 8
5 1000
5 1133
5 1715
5 2318
5 2628
5 2746
5 2796
6 113
6 264
6 573
6 964
6 1207
7 513
7 768
7 1279
7 1764
7 2807
8 317
8 1357
8 2333
8 2444
9 618
9 1206
9 1223
9 1380
9 2611
9 2912
10 66
10 2826
11 621
11 2807
11 2887
12 132
12 1522
12 1695
13 294
13 491
13 1111
14 389
14 743
14 2433
15 252
15 2533
16 367
16 585
16 977
16 1030
16 2601
16 2775
17 145
17 666
17 844
17 1500
17 2199
17 2483
18 124
18 1796
18 1849
18 2673
19 832
19 2117
20 1150
20 1610
20 1746
20 1844
20 2422
21 1174
21 2424
21 2723
22 265
22 1218
22 1447
22 2504
22 2795
22 2924
23 510
23 587
23 1534
23 1967
23 2365
24 495
25 2814
26 648
26 1317
26 2020
26 2496
26 2991
27 166
27 646
27 787
27 1689
28 160
28 405
28 706
28 2312
29 118
29 383
29 999
29 1115
29 1441
29 1471
29 2510
30 531
30 1018
30 2031
31 1107
31 1349
31 1798
31 1964
31 1970
32 81
32 1857
32 2346
32 2786
33 1642
33 1687
34 260
34 1400
34 1663
34 2096
34 2305
34 2672
34 2829
34 2969
35 766
35 1650
35 2336
36 460
36 1366
36 1577
36 2418
36 2500
36 2528
37 229
37 1089
37 1811
37 2033
37 2163
38 1104
38 1217
38 2061
39 663
39 1226
39 1953
39 2369
39 2660
40 1403
40 2806
41 69
41 1061
41 1359
41 1545
41 1665
41 2257
42 1046
42 2518
42 2671
44 583
44 1233
44 1604
44 1733
45 1627
45 2245
46 1210
46 2344
47 230
47 2922
48 1578
48 1870
49 2326
49 2398
50 164
50 452
50 951
50 1023
50 2988
51 408
51 2079
51 2893
52 102
52 255
52 269
53 65
53 876
53 1206
53 2052
54 486
54 1488
54 2682
55 1318
55 1608
55 2883
56 342
56 1107
57 1041
57 1204
57 1481
57 1613
57 2027
57 2258
57 2674
58 1119
58 1537
58 2487
58 2837
59 473
59 559
59 950
59 1186
59 2130
60 182
60 851
60 1658
60 2645
61 177
61 1770
61 2967
62 1099
62 2527
62 2560
63 2165
63 2479
64 2034
64 2440
64 2691
65 68
65 496
65 1301
65 1419
65 1515
65 1817
66 296
66 1763
66 1848
67 2002
67 2538
67 2615
67 2799
67 2864
68 620
69 1323
69 1899
69 1936
69 2122
70 285
70 622
70 636
70 1049
71 1269
71 2244
71 2730
72 629
72 1928
72 2817
73 1637
73 1974
73 2003
73 2045
74 1257
74 1702
74 1732
74 2228
74 2296
75 452
75 1721
75 2298
76 96
76 838
76 1259
76 2733
77 122
77 249
77 628
77 2197
77 2328
77 2991
78 167
78 1168
79 1389
79 1621
79 1729
79 1836
79 2040
79 2053
79 2238
79 2554
79 2946
80 459
80 906
80 1489
80 1711
80 2096
81 179
81 2315
81 2654
82 157
82 416
82 427
82 1865
82 2026
83 86
83 886
83 1115
83 1896
83 2196
83 2607
84 2227
84 2412
84 2953
85 725
85 2074
85 2290
85 2959
86 257
86 1792
86 2285
86 2489
86 2709
86 2936
87 1004
87 1285
87 1573
87 2379
87 2659
88 1113
88 1897
88 2653
89 758
89 1194
89 1465
90 1710
90 2338
90 2575
91 278
91 818
91 1416
91 2118
91 2606
91 2961
92 111
92 909
92 1145
92 1231
92 2226
92 2606
93 105
93 244
93 268
93 288
93 701
93 2744
94 237
94 244
94 897
94 1551
94 2228
94 2754
94 2826
94 2992
95 441
95 1192
95 1228
95 1236
95 1736
95 2122
96 844
96 914
96 1166
96 1282
96 2303
97 322
97 1031
97 1619
97 2013
97 2607
98 755
98 1590
98 1690
98 2928
99 590
99 2620
100 879
100 1856
101 972
101 1131
101 2963
102 215
102 1774
102 2932
103 332
103 828
103 2161
103 2208
104 1893
104 2870
105 654
105 1902
105 2683
106 458
106 521
107 856
107 1214
107 2434
107 2825
108 688
108 2012
109 352
109 2365
110 1152
110 1712
110 1966
110 2230
110 2372
110 2464
111 415
111 965
111 2760
112 974
112 1206
112 2788
113 156
113 292
113 961
113 2512
114 847
114 1785
114 1801
114 2928
114 2999
115 192
115 212
115 1869
115 2118
116 464
116 754
116 1004
116 1144
116 2422
117 1264
117 1328
117 1560
117 2160
117 2696
117 2846
118 1443
118 1890
118 1996
119 1211
119 1700
120 189
120 267
120 2064
121 502
121 1395
122 863
122 2158
124 337
124 602
124 2158
125 1135
125 2100
125 2460
125 2727
126 2059
126 2316
126 2621
127 537
127 662
127 2016
127 2696
127 2739
127 2857
128 2784
129 2332
129 2435
129 2798
130 1141
130 1402
130 1700
130 2803
131 332
131 699
131 2618
132 258
132 1120
132 2750
132 2823
132 2833
132 2985
133 2843
134 933
134 1000
134 1061
134 1512
134 2195
135 853
135 984
135 1688
135 2881
136 1252
136 1917
137 1446
137 2408
138 541
138 808
139 1177
139 1533
139 2893
140 393
140 456
140 833
140 854
140 1769
140 1872
140 1941
140 1946
140 2879
141 432
141 730
141 895
141 1023
141 1891
142 886
142 2023
142 2210
143 680
143 728
143 1162
144 482
144 507
144 941
145 1042
145 1173
145 1621
145 2589
145 2957
146 563
146 2112
146 2558
146 2571
146 2876
147 377
147 1111
147 1389
148 1028
149 462
149 587
149 753
149 2634
149 2770
150 265
150 695
150 1321
150 1516
150 1699
150 1737
150 1990
150 2298
150 2764
151 324
151 807
151 2369
152 212
152 865
152 2158
152 2522
153 437
153 1731
154 461
154 1088
154 2222
155 1583
155 1979
155 2520
155 2713
155 2850
155 2913
156 211
156 649
156 880
156 2810
157 2518
158 1171
158 1219
158 2259
158 2678
158 2987
159 222
159 1157
159 1473
160 2005
160 2871
161 665
161 922
161 1673
161 1730
161 2265
161 2551
161 2906
162 369
162 1677
162 1852
162 2759
163 1164
164 294
164 1432
164 1631
164 2307
164 2529
165 389
165 514
165 1122
165 1744
165 2095
165 2123
165 2774
165 2904
166 1824
166 1998
168 304
168 554
168 682
168 2209
169 566
169 1575
169 1971
169 2281
170 251
170 565
170 1674
171 561
171 1295
171 1458
171 2207
171 2296
171 2507
171 2635
171 2684
171 2704
172 708
172 724
172 819
172 1415
172 1865
172 2458
172 2903
173 1756
173 2138
173 2890
174 291
174 378
174 487
175 780
175 2069
176 1110
176 1120
176 1818
176 2465
176 2755
177 1000
178 856
178 1076
178 1207
178 1354
178 1969
178 2883
178 2899
179 245
179 252
179 642
179 1049
179 2013
179 2238
179 2568
180 1225
180 1845
181 2796
182 660
182 1349
182 2791
183 332
183 487
183 614
183 1444
183 2180
184 1862
185 679
185 681
185 1338
185 2002
185 2390
185 2964
186 838
186 1753
186 2807
187 342
187 1981
188 1720
189 294
189 1016
189 1185
189 2374
190 455
190 2349
191 2093
191 2876
191 2982
192 693
192 2170
193 535
193 2165
193 2559
194 2952
195 1117
195 1484
195 1793
195 1936
196 686
196 967
196 1857
196 2221
196 2640
196 2820
197 226
197 1211
197 1286
197 1348
197 2210
198 724
198 2176
198 2359
199 442
199 2447
199 2577
199 2609
200 922
200 2280
201 336
201 1127
202 352
202 914
202 1256
202 1609
202 2078
203 826
203 859
203 1758
203 2484
204 602
204 1256
204 2024
205 224
205 2380
205 2853
206 239
206 557
206 1092
206 2474
206 2639
207 547
207 1391
207 2164
208 435
208 1160
208 1386
208 1960
209 1012
209 1148
209 1823
210 802
210 821
210 1121
210 1200
210 2723
211 302
211 1235
211 2577
212 1002
212 1437
212 1665
212 1709
212 2062
212 2922
213 1194
213 2254
213 2529
213 2600
214 438
214 688
214 1238
214 1897
215 1055
215 2293
216 224
216 1157
216 2981
217 237
217 515
217 1030
217 1107
217 1165
217 2406
217 2408
217 2765
218 342
218 793
219 693
219 1446
219 2243
219 2345
220 657
220 1238
220 1640
220 2178
220 2301
220 2322
220 2799
220 2990
221 266
221 996
221 1891
221 1999
222 1400
222 2628
223 2550
224 1112
224 2407
224 2713
225 407
225 2835
226 2983
227 2551
228 436
228 1616
228 2270
229 714
229 2662
230 308
230 894
230 995
231 498
231 1447
232 509
232 731
232 2721
233 1161
234 1118
234 1836
235 1189
235 1684
235 2228
235 2309
236 768
236 1132
236 1187
237 797
237 2647
238 297
238 1032
238 1525
238 1704
238 2259
238 2736
239 396
239 2548
240 436
240 711
240 897
240 2269
240 2750
240 2955
240 2998
241 1299
241 2179
241 2578
241 2761
242 387
242 1408
242 1685
242 2147
242 2898
243 628
243 2598
243 2681
243 2752
244 850
244 1433
244 1493
244 2445
245 381
245 390
245 944
246 284
246 525
246 1359
246 1889
246 1995
246 2002
246 2436
247 1612
247 1658
247 1697
247 1735
248 1694
248 1818
249 2214
249 2524
249 2526
250 1206
251 1324
251 2346
251 2535
251 2670
252 1578
252 1590
252 2227
252 2909
253 281
253 638
253 814
253 965
253 1309
253 1503
253 2807
254 322
254 744
254 925
254 1571
254 2226
254 2723
255 329
255 2640
255 2917
256 498
256 2143
257 797
257 1138
257 1162
257 1252
257 1464
257 1935
258 541
258 829
258 1871
258 1982
258 2803
259 532
259 840
259 1177
259 1429
259 1505
259 1775
259 2571
259 2587
259 2802
259 2815
260 903
260 1563
260 2803
261 573
261 805
261 1779
261 1917
261 2319
261 2918
261 2927
261 2942
262 611
262 1056
262 1062
262 1834
263 1985
263 2122
263 2647
263 2955
264 516
264 1129
264 1632
264 2374
264 2877
265 410
265 425
265 963
266 914
266 1047
266 1681
267 697
267 2163
267 2339
267 2363
267 2394
268 1085
269 1269
270 355
270 1456
270 2088
271 965
271 1712
271 2067
271 2129
272 1640
272 2939
272 2968
273 537
273 1517
273 1632
273 2265
274 689
274 801
274 1095
274 1147
274 1161
274 1602
274 1821
274 1822
274 1962
274 2620
275 1576
276 1061
276 1385
276 2535
277 821
277 1281
277 2075
278 666
278 1064
278 1783
278 1862
278 2431
278 2987
279 1231
280 300
280 1343
280 1810
281 579
281 717
281 1365
282 647
283 1081
283 2227
283 2658
283 2673
284 466
284 842
284 2168
284 2210
284 2316
284 2618
284 2853
285 307
285 2776
286 316
286 625
286 936
286 1419
286 1739
286 2812
287 558
287 1658
287 2273
288 1242
288 1669
288 2493
289 389
289 652
289 747
289 1937
289 2069
289 2471
289 2849
290 927
290 1027
291 1660
291 1841
291 2355
291 2588
291 2820
291 2855
292 992
293 2549
294 908
294 1820
294 1849
295 664
295 2570
297 586
297 1093
297 1678
297 1938
297 2051
297 2073
297 2172
297 2957
298 666
298 1163
298 1216
298 2682
299 1094
299 2216
299 2417
299 2816
300 1492
300 1755
301 1454
301 2100
302 447
302 1396
302 2052
302 2211
302 2234
302 2988
303 1609
303 2206
303 2249
304 620
304 1329
304 1609
304 2602
305 1106
306 953
306 2347
307 1529
307 1701
307 2385
307 2914
308 1716
308 2712
309 317
309 1779
309 2594
310 1848
310 2020
310 2026
310 2292
311 1387
311 1921
311 1982
311 2290
312 533
312 586
312 603
312 615
312 1847
312 2556
312 2766
312 2848
313 1469
313 2065
313 2123
314 1823
315 2590
316 662
316 1050
316 2195
316 2676
317 333
317 748
317 1608
318 669
318 697
318 1124
318 1843
318 2914
318 2928
319 2068
319 2571
319 2746
320 339
320 2468
320 2654
320 2736
321 698
321 1307
321 1834
321 1913
321 2340
321 2578
321 2709
322 2180
323 1149
323 1340
323 2875
324 654
324 1146
324 1544
324 2068
324 2391
324 2532
325 660
325 1923
325 2519
326 505
326 795
326 1042
327 595
327 1450
327 2740
328 837
328 2077
328 2109
329 1700
329 2642
329 2719
330 1035
330 2184
330 2889
330 2947
331 558
331 1732
331 1734
331 2058
331 2276
331 2959
332 860
332 1549
333 2554
333 2966
334 1254
334 1759
334 2332
335 1010
335 1349
335 1557
335 1642
335 1761
335 1854
335 2061
335 2508
336 524
336 956
336 1133
336 2427
336 2585
337 561
337 2476
337 2743
338 1755
338 1799
338 2677
338 2886
339 1314
339 1655
339 2836
339 2943
340 409
340 691
340 1716
340 2289
340 2429
340 2752
341 1435
341 2674
343 1408
343 2636
343 2993
344 2396
344 2454
345 424
345 840
345 1270
345 1831
345 2187
345 2991
346 1285
346 1428
346 2429
346 2445
347 1768
347 2083
347 2145
347 2193
347 2288
347 2547
347 2639
347 2885
347 2892
347 2984
348 517
348 1319
348 1712
349 795
350 690
350 2281
351 546
351 1391
351 1562
351 2356
351 2687
352 1029
352 2154
353 1890
353 2963
354 361
354 699
354 1537
354 2052
354 2846
354 2887
355 449
355 958
355 1240
355 1260
355 1398
355 2087
355 2980
356 381
356 392
356 768
356 784
356 899
356 1884
356 2495
356 2611
357 703
357 2658
358 614
358 1526
358 1924
358 2673
358 2785
359 1183
359 1280
359 1521
359 1768
359 1848
360 1867
361 1670
362 451
362 539
362 1124
362 2052
362 2694
362 2824
363 1603
363 2200
363 2845
364 508
365 1661
365 2681
367 2007
368 476
368 708
368 1535
369 1371
369 1723
369 2224
370 1729
370 1912
370 2052
372 1238
372 1263
372 1720
373 1254
373 1650
373 1840
374 857
374 971
374 1123
374 1738
374 1928
374 2485
375 622
376 1119
376 1208
376 2889
377 529
377 627
377 2069
377 2460
378 1989
379 528
379 1710
379 2053
379 2157
379 2967
380 469
380 2159
380 2504
380 2993
381 1681
382 771
382 2019
382 2469
382 2476
384 449
384 847
384 1234
384 1292
384 1683
384 1975
384 2604
385 681
385 1276
385 1426
385 2627
386 390
386 506
386 1559
386 1703
386 1936
386 2202
386 2268
387 1017
387 2461
387 2630
387 2861
387 2931
388 1155
388 1207
388 1926
389 738
389 1076
389 1441
389 1501
389 1885
389 2113
389 2416
390 1517
390 1842
390 1870
390 2060
390 2582
391 1810
392 613
392 2736
392 2914
393 2372
393 2395
393 2931
394 538
394 683
394 1397
394 1496
394 1589
394 2302
395 932
395 1647
396 1743
396 1801
396 2770
397 430
397 1847
397 2240
398 1668
398 1669
399 555
399 1009
399 1198
399 1635
399 2416
400 1052
400 1629
400 2478
400 2611
400 2832
401 1600
401 1850
402 1064
402 2065
403 489
404 606
404 654
404 971
404 1262
405 1063
405 1190
405 2129
405 2142
405 2561
406 1103
406 2082
407 1026
407 2722
408 684
408 772
408 1503
408 1608
408 1803
408 1850
408 1897
408 2906
409 450
409 1435
409 1444
409 1608
409 1645
409 2095
409 2307
409 2694
410 466
410 1384
410 2208
410 2695
411 475
411 648
411 847
411 926
411 1536
411 1642
411 1895
411 2565
411 2946
412 848
412 2711
413 920
413 1518
413 2371
413 2731
413 2904
414 481
414 516
414 1041
414 1876
414 2442
414 2852
415 429
415 625
415 1178
416 1968
417 443
418 1400
418 2842
418 2984
419 1179
419 2653
420 1008
420 1449
420 2978
421 815
421 1101
421 1257
421 2528
421 2659
421 2997
422 795
422 1883
422 2549
423 1387
423 1748
424 689
424 718
424 2414
424 2719
425 2536
426 1131
427 868
427 2750
428 791
428 1333
428 1856
428 2483
429 1043
429 1251
429 2756
430 1378
430 1527
430 1821
430 1852
430 2948
431 1834
431 1936
431 1948
431 2051
431 2217
432 562
432 1704
432 2664
432 2944
433 569
433 733
433 1103
433 1600
433 2221
433 2547
434 866
434 1016
434 2653
435 1017
435 2038
435 2866
436 2519
436 2732
437 502
438 1057
439 1218
439 1641
439 2116
439 2682
440 1078
440 1565
440 1569
440 1713
440 1775
440 1781
441 694
441 1645
441 2511
441 2566
441 2964
442 778
442 1221
442 2458
443 738
443 817
444 1241
444 1428
445 1596
445 1857
446 450
446 645
446 977
446 2608
446 2989
447 883
447 1338
447 2152
447 2244
447 2593
447 2887
449 1002
449 2743
450 1502
450 2076
450 2795
451 1447
451 1537
451 2814
452 2386
453 849
453 1484
453 2828
454 1801
454 2047
454 2127
454 2158
454 2243
455 1153
455 2041
455 2161
456 821
456 1423
457 525
457 2178
458 1550
458 1925
458 2350
459 480
459 546
459 1041
461 568
461 2728
461 2972
462 825
462 1966
462 2304
462 2550
463 591
463 2559
464 845
464 2596
465 514
465 601
465 939
465 2465
465 2910
466 667
467 867
467 1227
467 1424
467 2373
467 2732
468 875
468 1750
469 1999
470 512
470 2022
470 2063
470 2511
471 982
471 1732
471 2634
472 595
472 1432
472 1999
472 2485
472 2789
472 2943
473 2219
473 2423
474 708
474 916
475 1401
475 1997
475 2928
476 649
476 1079
476 2954
477 545
477 820
477 837
478 1996
479 903
479 1686
479 1859
479 2235
479 2416
480 2388
480 2895
481 676
481 2114
481 2820
482 949
482 1204
482 1975
482 2056
482 2694
483 628
483 1554
483 1573
483 1648
484 493
484 777
484 1792
484 2253
485 1755
485 2575
486 678
486 1204
486 1251
487 663
487 1240
487 2044
487 2075
487 2829
488 896
488 1024
488 1686
488 1841
488 2746
489 754
489 850
490 2621
491 816
491 1134
491 1332
491 1871
491 2799
492 808
492 1006
492 1186
492 1688
492 1815
492 1841
492 2586
494 2408
494 2643
494 2816
495 930
495 2145
495 2343
495 2429
495 2891
496 1011
496 1311
496 1394
496 2787
497 1130
497 1863
498 2811
499 2613
500 599
500 815
500 1027
500 1293
500 2657
501 566
501 992
501 1587
501 2071
501 2526
501 2820
501 2957
501 2970
502 648
502 728
502 746
502 978
502 1534
502 2242
503 597
503 914
503 1033
503 1413
504 984
505 583
505 1551
505 2419
505 2718
505 2809
505 2957
506 863
506 1382
506 2244
506 2504
506 2678
507 2798
508 591
508 929
508 2640
508 2649
509 2100
509 2415
510 1235
510 1725
510 1951
510 2370
510 2387
511 773
511 1308
511 1333
511 1694
511 2278
513 2917
514 1110
514 1632
514 1968
514 2156
515 666
515 1269
515 1935
515 2447
515 2746
516 1181
516 1198
516 2462
517 1357
517 1496
517 1891
517 2917
518 1624
518 1693
519 2162
519 2975
520 828
520 2921
521 648
521 1360
521 2747
522 944
522 1143
522 1153
522 2033
523 2246
523 2360
524 690
525 1877
525 1939
525 2763
526 535
526 636
526 981
526 2851
526 2972
527 727
527 949
527 1597
527 1681
527 1923
527 1967
528 552
528 785
528 2130
529 566
529 1387
529 1446
529 2059
529 2518
529 2794
530 710
530 831
530 1015
530 2825
531 533
531 698
531 1008
531 2404
531 2500
532 1262
532 2596
532 2904
533 1541
533 2727
533 2779
534 765
534 1064
534 1101
534 1587
534 2046
534 2064
534 2881
535 957
535 1483
535 2936
536 1465
536 1888
536 2553
537 673
537 1149
537 1453
537 1543
537 2131
537 2542
537 2670
538 944
538 1445
538 1506
538 2092
538 2177
539 823
539 1217
539 1331
539 2236
539 2507
539 2546
539 2707
540 1310
540 1573
540 2104
540 2834
541 930
541 1308
541 1522
541 2752
542 1472
542 2359
543 781
543 804
543 1003
543 2362
544 1514
544 1639
544 1683
544 1862
544 1974
544 2430
545 838
545 1658
545 2776
547 639
547 709
547 1549
547 1739
547 1742
547 1816
547 1973
547 2505
547 2686
547 2934
548 1975
548 2824
548 2963
549 1911
549 2591
550 626
550 1967
550 2004
551 2554
551 2592
551 2866
551 2968
552 869
552 1256
552 1509
553 2145
553 2367
554 1890
554 2700
555 672
555 1277
555 1560
555 2632
555 2861
556 1001
556 2236
556 2898
557 598
557 2390
558 1979
558 2401
559 1646
559 2845
560 974
560 1171
560 1667
561 1450
561 2484
562 634
562 2697
563 1371
563 1518
563 2518
563 2587
563 2636
563 2867
564 692
564 872
564 1031
564 1114
564 2471
565 1348
565 2524
565 2632
566 2364
567 1615
567 1859
568 2135
568 2394
568 2812
568 2948
569 1405
569 2726
570 841
570 2077
570 2670
571 976
571 1324
571 1382
571 1837
571 2140
572 1307
572 1399
572 2354
572 2961
573 1682
573 2125
574 1830
574 1888
575 808
575 1113
575 1817
575 2203
575 2659
576 1126
576 2565
576 2737
577 2309
578 1049
579 2562
579 2601
580 655
580 1308
580 2561
580 2687
581 2726
581 2864
581 2886
582 1245
582 2959
583 1483
584 947
584 1870
584 2571
585 898
585 1535
585 2082
586 1643
586 2420
587 879
587 1551
587 1930
587 2365
587 2415
588 655
588 1381
588 1847
590 1048
590 1229
590 1926
590 2866
591 778
591 1812
591 1914
591 1927
591 2215
591 2221
592 772
592 847
592 1094
592 1550
592 1894
592 2180
593 2037
594 663
594 1112
594 1305
594 2128
594 2184
594 2449
594 2545
595 641
595 1319
595 2307
595 2438
596 1355
596 1652
596 1810
596 1918
596 2856
597 1499
597 2512
598 1164
598 1210
598 1834
598 2339
598 2695
599 666
599 1133
599 2069
600 929
600 1852
601 1406
601 2548
602 915
602 1267
602 1891
603 2421
604 1288
605 1342
605 2836
606 1661
606 2475
606 2688
607 923
607 1716
608 2851
609 938
609 1746
609 2430
610 1104
610 1528
610 2009
610 2495
610 2574
611 732
611 1463
611 1676
612 923
614 2028
615 1144
615 2257
615 2616
616 819
616 1870
616 2791
617 1634
618 692
618 942
618 1214
618 1558
618 1586
618 2272
618 2938
619 707
619 1280
620 835
620 1001
620 2220
621 1184
621 1408
621 1455
622 646
622 1747
622 2332
622 2387
623 1365
623 1718
623 1865
623 2008
623 2485
624 659
624 665
624 914
624 1697
624 1953
624 2826
625 1164
625 1975
625 2145
625 2431
625 2464
626 828
626 1667
626 1916
626 2793
627 1415
627 1502
627 2066
627 2586
627 2610
627 2731
628 1304
629 1169
629 1738
629 2452
630 1141
630 1891
630 1983
630 2168
630 2244
630 2358
630 2694
631 1310
631 1753
631 1869
631 2411
631 2991
632 1600
632 1635
632 2492
632 2878
633 1233
633 1425
633 1912
633 2085
633 2353
635 1180
635 2646
636 1427
636 2332
636 2610
637 1002
637 1824
637 1924
637 2346
637 2435
637 2719
638 1432
638 2111
638 2585
639 1139
639 1592
639 2765
640 917
640 1184
640 1633
641 1270
641 1334
641 1956
642 1584
642 1785
642 1968
643 724
643 840
643 1980
643 2299
643 2728
644 878
644 1101
644 2041
644 2661
644 2823
645 906
645 944
645 1281
645 2549
645 2605
646 1438
646 1603
646 2461
647 1903
647 1917
647 2755
648 928
648 1239
648 2072
648 2557
649 851
649 991
649 1639
649 1855
650 1348
650 2424
651 1319
651 2493
652 918
652 1137
652 1465
652 1782
652 2178
653 998
653 1527
653 1611
653 1707
654 1858
654 2066
655 1328
656 711
656 1985
657 1635
657 1898
657 2123
657 2282
658 734
658 933
658 1937
658 2606
659 2252
659 2256
659 2758
660 754
660 1198
660 1342
660 1733
660 2485
660 2786
660 2856
661 1934
661 2315
661 2536
662 1176
662 1508
662 1616
662 2286
662 2493
663 1617
663 1895
663 2896
665 2395
665 2454
665 2786
666 1072
667 1295
667 1402
667 2144
667 2721
668 1062
668 1272
668 1778
669 848
669 1119
670 742
670 937
670 954
670 2110
670 2117
670 2560
670 2998
671 1419
671 1590
671 2383
671 2922
672 2834
673 1011
673 1501
673 2037
673 2125
674 1441
675 1352
675 1881
675 2232
675 2521
676 2368
677 1085
677 1194
677 1481
677 1648
677 2677
678 705
678 1286
678 1413
678 2802
679 702
680 1219
680 1452
680 2194
681 1181
681 1496
681 1594
681 2851
682 1019
683 2702
683 2847
683 2927
684 1389
684 1629
684 1926
684 2306
685 1001
685 2326
685 2764
686 1389
686 1672
686 2369
686 2406
686 2752
687 1154
687 1161
687 1442
687 2211
687 2980
689 2906
690 753
690 1229
690 1258
690 1716
691 1493
691 2225
692 1579
692 1759
692 2019
692 2025
692 2040
692 2233
693 1238
693 2443
694 843
694 1597
694 2871
695 1187
695 1304
696 1147
696 2868
697 743
697 844
697 973
697 1108
697 1642
697 1839
697 1903
697 2017
699 2282
700 1532
700 1567
700 2134
700 2601
700 2960
700 2966
701 985
702 2805
702 2871
703 800
703 998
703 1193
703 1437
703 1569
703 1874
703 2210
704 1530
704 2137
704 2943
705 1514
705 1806
706 1081
707 1005
707 1167
707 1426
707 2645
707 2648
708 763
708 2317
708 2602
709 1337
709 1658
709 1972
709 2014
709 2893
710 908
710 1501
710 1921
711 2149
712 2213
712 2246
712 2909
713 1080
713 1317
713 2592
714 2966
715 2119
715 2475
716 909
716 2457
716 2646
716 2811
716 2833
717 1118
717 1209
717 2138
717 2627
718 2188
718 2645
720 915
720 1505
720 1698
721 1060
721 2202
721 2623
721 2724
722 729
722 1314
722 1625
722 1792
722 2054
722 2192
723 1206
723 1490
723 2397
724 1886
724 2771
725 905
726 1658
727 988
727 1993
728 1029
728 1148
728 1164
728 1645
728 2411
729 1126
729 1155
729 2895
730 849
730 1371
730 1711
730 1871
730 2329
731 863
731 1371
732 1215
732 2078
733 1509
733 1862
733 2808
733 2933
733 2980
734 835
735 1558
736 1771
736 2277
736 2716
737 859
737 1544
738 837
738 1802
738 2782
739 1432
739 2622
740 884
740 2173
741 1446
741 2096
741 2705
742 832
742 983
742 1321
742 2078
743 943
743 1667
744 1775
744 1941
744 2598
745 1595
745 2593
746 1629
747 1117
748 1053
748 1311
748 1451
748 1815
748 2656
749 1136
749 1362
749 2449
749 2800
750 810
750 1146
750 1238
750 1732
751 2125
752 1255
752 1716
752 2192
752 2237
752 2285
752 2988
753 1175
753 1944
753 2866
754 1735
754 1847
754 2096
755 1303
755 2822
755 2866
755 2870
756 1870
756 1909
756 1950
756 1996
756 2229
757 1059
758 1180
758 2008
758 2497
759 2285
759 2326
760 1052
760 1947
761 1048
761 1304
761 1474
761 2413
762 2072
762 2878
763 938
763 1765
764 956
764 1516
764 1594
764 1644
764 2490
765 1048
765 1199
765 1387
765 2657
766 779
766 2191
766 2316
766 2371
767 1453
767 2026
767 2746
768 869
768 2956
769 1438
769 2331
770 952
770 2110
771 866
771 1452
771 1865
771 1950
771 2354
771 2905
772 1378
772 1972
773 2633
774 1211
774 2353
774 2461
775 884
775 1382
775 1433
775 1679
775 1689
775 2183
776 983
776 1154
776 1637
776 1728
776 2021
776 2842
777 2380
777 2647
778 2060
778 2899
779 1137
779 1307
779 1430
779 2782
779 2899
779 2943
780 1638
780 1753
780 1846
781 2203
781 2769
782 811
783 1439
783 1722
783 1838
783 2758
784 1502
784 2182
784 2652
784 2754
785 1170
785 1728
785 1752
785 1856
785 2508
786 2042
787 824
787 1225
787 1862
787 2251
787 2582
789 2109
789 2951
790 1137
790 2056
790 2591
791 875
791 932
792 1078
792 1156
792 1565
793 1154
793 1530
793 1823
793 2010
794 920
795 1240
795 1263
795 1367
795 1385
795 2108
796 1079
796 1165
796 1293
796 1839
796 2188
796 2831
797 855
797 1016
798 1159
798 1740
798 2296
798 2607
798 2723
799 938
799 1287
799 1588
799 2237
800 1364
800 1950
800 2039
800 2268
800 2292
800 2600
801 1108
801 1196
801 1377
801 1815
801 1867
801 2861
802 1488
802 1950
803 855
803 2554
804 1127
804 1554
804 2118
804 2444
805 1619
805 1955
806 1505
806 2289
806 2792
807 2192
807 2690
808 848
808 913
808 1328
808 1367
808 1389
808 1761
808 2632
809 1791
810 842
810 2305
811 1268
811 1765
811 2768
812 1524
812 1674
812 2926
813 1079
814 1057
814 1151
814 1403
815 1045
815 1185
815 1199
815 1294
815 1318
815 2412
815 2910
816 2523
817 1110
817 2121
817 2135
817 2266
817 2816
818 1113
819 872
819 2129
819 2578
819 2614
819 2770
819 2951
820 1140
820 1737
821 836
821 1650
821 2824
822 1914
822 2987
823 1520
823 1572
823 2105
823 2240
823 2579
823 2973
824 1197
824 2091
824 2138
825 1767
825 2351
825 2814
826 2740
827 1528
827 2536
827 2798
828 1802
828 1812
830 1101
830 1148
830 1982
830 2947
831 1973
831 2472
832 1624
832 1954
832 2031
832 2213
832 2317
833 1463
834 1049
835 2381
835 2708
835 2854
836 888
836 936
836 1289
837 839
837 1364
837 1422
837 1744
839 1534
839 2663
839 2845
840 966
840 1433
841 1107
841 1336
841 1963
842 1548
842 2430
842 2551
843 951
843 1871
843 2448
844 1887
845 874
845 1230
845 2559
845 2927
845 2969
846 1012
846 1452
846 1904
846 2284
846 2286
846 2643
847 850
847 892
847 1215
847 1261
847 1559
847 1723
847 1907
847 2510
850 1872
850 2034
850 2213
850 2766
851 1311
851 2059
852 897
852 1038
852 2321
853 1282
853 1331
853 1945
854 2096
854 2352
855 1495
855 2297
855 2409
855 2431
856 1594
856 2202
856 2223
856 2502
857 2812
858 1157
858 2420
859 925
859 2597
860 1794
860 1975
861 998
861 1057
861 1151
861 2111
861 2206
861 2312
862 1951
863 2325
864 1872
865 2458
866 888
866 961
866 1277
866 1757
866 2964
867 1551
867 1809
867 1913
867 2195
867 2718
868 1624
868 2962
869 1443
869 2498
869 2569
870 887
871 1769
872 1661
872 1741
872 1859
872 2709
872 2864
873 1211
873 1569
873 2004
873 2817
874 2340
876 914
876 1333
876 2928
877 1671
877 1773
877 2446
878 1108
878 2410
879 1273
879 1767
879 1797
880 980
880 1168
880 1689
880 2665
881 976
881 1015
881 2513
882 2830
883 1051
884 2513
884 2812
884 2848
885 1620
885 2257
885 2560
886 1467
886 1535
886 1932
886 2963
887 909
887 965
887 1997
887 2543
887 2873
887 2915
888 1081
888 1100
888 2083
888 2382
889 1715
889 2168
890 2344
890 2435
890 2780
890 2795
891 1188
891 1335
891 2603
891 2654
892 1329
892 2548
893 1725
893 2726
894 2862
895 1063
895 1483
895 2027
895 2083
895 2808
896 1260
896 2067
896 2836
897 922
897 1136
898 2123
898 2540
898 2715
899 1293
899 1582
899 2198
899 2777
900 1250
901 1116
901 2016
901 2233
902 1593
902 2341
902 2568
903 1273
904 1014
904 2048
905 2567
905 2868
906 2075
906 2385
906 2881
907 2135
907 2334
907 2769
909 967
909 1253
909 1719
909 1746
909 2178
909 2568
910 2318
911 1118
911 1560
911 1829
911 2012
911 2315
911 2716
912 1245
912 1295
912 2735
912 2805
913 985
913 1186
913 2115
914 1514
915 1649
915 2370
916 1079
916 1241
916 2116
917 1311
917 1575
917 2650
918 1900
919 1536
919 1714
919 2521
919 2867
921 1574
921 1717
921 2373
921 2745
922 1371
922 1492
924 1773
924 1913
924 2088
924 2380
925 1148
925 2328
926 1064
926 1503
926 2599
926 2987
927 1264
927 1793
927 1991
927 2575
927 2993
928 1540
928 1745
928 2968
929 1937
929 1983
929 2968
930 1132
930 1565
930 2446
931 1317
931 2214
931 2605
932 1237
932 1286
932 2184
932 2435
932 2634
932 2815
933 1625
933 2973
934 1136
934 2195
934 2307
935 985
935 1186
935 1633
935 2526
936 1268
936 1408
936 2531
936 2880
937 1002
937 1124
937 1792
937 2002
937 2575
937 2744
938 1122
938 2183
938 2542
939 943
939 1448
939 1668
940 1149
940 1950
940 2451
940 2748
940 2802
941 1168
941 1749
941 1903
941 1948
941 2324
942 2372
942 2690
943 982
944 1579
944 2293
944 2433
944 2966
945 2545
946 1960
946 2884
947 1815
947 2985
948 2697
948 2959
949 1132
949 1508
949 1638
949 2994
950 1141
951 1567
951 1876
951 2417
952 1376
952 2359
952 2619
952 2645
953 1076
953 1758
953 2516
953 2528
953 2604
954 1072
954 1194
954 2754
955 1211
955 2304
955 2678
956 1367
956 2648
957 1551
957 2278
960 1370
960 2039
961 1587
961 2628
962 1777
962 2247
963 2599
965 2211
965 2237
966 1056
966 1083
966 1095
966 1930
966 1935
967 1480
967 1758
967 2244
967 2929
968 2211
968 2890
969 1291
969 1924
969 2804
970 1086
970 2231
970 2780
971 982
971 1033
971 1731
971 2572
971 2991
972 2260
973 1763
973 1899
973 2692
974 979
974 1764
974 2265
974 2613
975 1045
975 1322
975 1336
975 1594
975 1797
975 2659
976 1916
976 2602
976 2605
976 2653
976 2841
977 978
977 1372
977 1655
978 1748
978 2079
979 1277
979 1557
979 1680
980 1813
980 1973
980 2177
980 2280
980 2383
981 2641
983 1064
983 1215
984 2825
985 1306
985 2355
986 1034
986 1839
986 2187
987 1487
989 1368
989 1475
989 1578
989 2479
990 1034
990 1222
990 1582
990 1609
990 1755
990 2534
991 1361
991 2304
992 1945
992 2157
992 2316
992 2899
993 1676
993 2384
994 1160
994 1820
994 2054
994 2188
994 2255
995 2101
995 2522
995 2711
996 1372
996 1437
996 1614
996 2191
997 1667
998 1623
998 1930
998 2480
999 1274
999 2779
1000 1234
1000 2078
1001 1393
1001 1670
1001 2690
1002 1214
1002 1733
1002 2318
1002 2350
1003 1366
1003 1634
1003 2963
1004 1176
1004 2087
1005 1027
1005 1095
1005 1150
1005 1265
1005 1821
1006 2690
1006 2922
1007 1068
1007 1467
1007 2855
1007 2871
1008 2042
1008 2264
1008 2656
1008 2683
1009 1053
1009 1982
1010 1076
1010 1952
1010 2166
1010 2400
1011 2389
1012 1699
1013 1362
1013 2067
1013 2252
1013 2917
1014 1348
1014 1507
1014 2627
1015 1114
1015 1992
1015 2901
1016 1055
1016 1284
1016 1732
1016 1942
1016 1951
1017 2202
1018 1415
1018 1423
1018 2373
1018 2873
1019 1729
1020 2373
1020 2536
1021 1482
1022 1865
1022 2803
1023 1434
1024 2274
1024 2517
1025 1256
1025 1326
1027 1120
1027 1167
1027 2287
1028 1066
1028 1450
1028 2263
1029 1194
1029 1278
1029 2269
1030 1949
1030 2087
1030 2654
1031 1772
1032 2192
1033 1847
1033 1873
1033 1875
1033 2031
1034 2853
1035 1074
1035 1239
1035 1505
1035 1806
1035 2159
1035 2765
1035 2782
1036 1138
1036 1243
1036 2643
1037 1989
1038 2430
1039 2783
1040 1113
1040 1352
1040 2137
1040 2504
1040 2889
1040 2965
1041 1544
1041 1699
1041 1964
1042 1601
1042 1942
1042 2001
1042 2727
1043 1609
1043 2124
1044 1118
1044 2198
1045 1250
1045 1794
1045 2459
1045 2623
1046 1390
1046 1536
1046 2411
1046 2429
1047 1328
1047 1515
1047 2599
1047 2635
1047 2962
1048 1646
1048 2886
1048 2959
1049 1936
1049 2690
1050 1904
1050 2237
1050 2516
1051 1371
1051 1407
1051 2796
1052 2137
1052 2478
1052 2964
1053 1909
1053 2080
1053 2633
1054 1143
1054 1684
1054 2082
1055 1448
1055 1779
1055 1818
1055 2257
1056 1885
1058 1496
1058 1687
1058 1964
1058 2124
1058 2710
1059 1431
1060 1086
1060 2198
1061 2630
1061 2745
1062 1744
1062 1841
1063 1465
1063 2766
1064 1735
1064 2261
1065 1381
1065 1516
1065 1560
1065 1581
1065 1921
1065 2534
1066 1430
1066 2003
1067 1153
1067 1422
1067 1942
1068 1434
1068 1774
1068 2021
1068 2537
1069 1091
1069 1724
1069 1795
1069 1939
1069 2859
1070 1806
1070 2188
1070 2211
1071 1106
1071 1386
1071 1516
1072 1214
1072 1309
1072 1708
1073 2914
1074 1485
1075 1686
1075 2297
1075 2599
1075 2916
1076 2829
1076 2874
1077 1385
1077 2345
1077 2754
1078 1249
1079 1216
1079 2118
1079 2666
1080 1123
1080 1640
1080 1740
1080 2096
1080 2124
1080 2778
1080 2979
1081 2387
1082 1118
1082 2789
1083 1206
1083 1756
1084 1531
1084 2525
1085 1196
1085 1529
1086 1459
1086 2917
1087 1181
1087 1869
1087 1902
1088 1185
1088 1792
1088 2280
1088 2677
1088 2708
1089 1396
1090 1229
1090 2093
1090 2628
1091 2371
1092 1582
1092 2255
1092 2878
1093 1136
1093 1137
1093 1306
1093 1838
1093 2128
1094 1677
1094 2587
1095 1400
1096 1423
1096 2575
1096 2767
1096 2827
1097 1235
1097 1416
1097 1942
1097 1957
1098 2015
1099 1384
1099 2086
1099 2089
1100 1154
1100 1295
1100 1607
1100 1756
1100 2285
1101 1157
1101 1433
1101 2980
1102 1364
1102 1792
1102 1798
1102 2597
1103 1544
1103 2249
1104 1811
1104 2419
1105 1986
1105 2068
1105 2331
1105 2508
1106 1607
1106 2003
1106 2281
1106 2373
1106 2512
1106 2905
1107 2304
1107 2419
1107 2460
1107 2878
1108 1465
1108 2130
1108 2432
1108 2477
1108 2866
1109 1581
1109 1884
1109 2359
1110 1811
1110 1907
1110 1960
1110 2423
1111 1304
1111 1562
1111 1631
1111 2306
1112 1243
1112 1433
1112 1900
1112 2063
1113 2147
1113 2179
1114 1157
1114 1245
1114 1593
1114 1648
1114 2154
1114 2285
1114 2457
1114 2934
1115 1147
1115 1597
1115 1756
1115 1841
1115 1941
1115 2129
1115 2505
1116 1234
1116 1768
1116 2518
1116 2639
1117 1743
1119 2735
1119 2817
1120 1291
1120 2465
1120 2639
1121 2213
1122 2675
1124 1426
1125 2065
1125 2461
1125 2467
1125 2879
1126 1681
1126 2089
1127 1413
1127 1718
1127 2361
1127 2691
1128 2924
1129 1664
1129 2343
1130 1258
1130 1335
1130 2539
1131 1782
1131 2961
1132 2080
1132 2320
1132 2677
1133 2638
1133 2985
1134 1533
1134 2442
1134 2727
1136 2400
1136 2579
1137 1309
1137 1349
1137 2392
1138 1559
1138 1569
1139 2063
1139 2356
1140 1285
1140 1723
1140 2091
1140 2559
1141 1652
1141 1935
1141 2645
1142 2400
1142 2714
1143 2148
1144 1876
1144 1936
1144 2661
1145 1726
1145 1858
1145 2415
1145 2453
1146 1736
1146 1866
1146 2217
1146 2456
1146 2464
1147 2656
1147 2870
1148 1469
1148 1502
1148 2099
1148 2505
1148 2525
1148 2615
1148 2754
1148 2996
1149 1178
1149 2212
1149 2214
1151 1399
1151 1662
1151 1815
1151 2466
1152 2196
1153 2077
1153 2849
1153 2861
1154 2112
1154 2443
1154 2504
1155 1414
1156 1248
1156 2228
1156 2364
1156 2911
1157 1817
1157 2492
1158 1908
1159 2219
1159 2327
1159 2331
1159 2934
1160 2029
1162 1270
1162 2647
1163 1680
1163 2409
1163 2488
1164 2852
1165 2510
1165 2933
1166 2403
1166 2407
1167 1171
1168 1296
1168 1638
1168 1814
1169 1176
1169 1192
1170 2140
1170 2601
1171 1200
1171 2290
1171 2968
1172 1776
1172 1841
1172 2684
1173 1563
1174 1599
1174 1603
1174 1832
1174 2795
1175 2194
1175 2355
1175 2677
1176 1391
1176 2078
1176 2890
1177 1707
1177 1833
1177 2339
1178 1286
1178 2297
1178 2374
1178 2516
1178 2684
1178 2839
1179 1670
1179 2398
1179 2654
1179 2894
1180 1188
1181 2220
1182 1243
1183 2024
1183 2170
1183 2584
1183 2723
1183 2985
1184 1317
1184 1756
1184 2094
1184 2131
1184 2405
1185 2380
1185 2742
1185 2949
1186 1252
1186 1462
1186 1679
1186 2109
1186 2632
1187 1190
1187 1491
1187 1639
1187 2556
1188 1761
1190 2696
1191 1781
1191 2719
1193 1263
1193 1911
1193 1916
1194 2060
1194 2428
1195 2232
1195 2260
1196 2044
1196 2104
1197 2249
1197 2614
1197 2797
1198 1889
1198 2290
1199 1494
1199 1701
1199 2102
1199 2158
1200 1236
1202 1456
1202 1788
1202 2326
1202 2664
1203 1233
1203 2157
1203 2222
1203 2594
1203 2673
1204 2435
1205 2946
1206 2531
1206 2532
1206 2806
1206 2941
1207 2855
1208 1355
1209 2348
1210 1526
1210 1889
1210 1895
1210 2403
1210 2872
1210 2971
1211 1427
1211 1486
1211 1661
1211 2293
1211 2572
1212 1685
1212 2743
1213 1566
1213 1708
1213 1769
1213 2073
1213 2606
1215 2394
1215 2844
1217 2136
1217 2621
1218 1532
1218 2384
1218 2619
1218 2706
1219 2435
1220 2563
1222 1543
1222 1857
1223 1838
1223 2023
1223 2052
1223 2324
1224 2878
1225 2148
1225 2579
1225 2676
1227 2230
1228 2954
1229 2077
1229 2683
1229 2955
1230 1433
1230 1587
1230 1709
1230 2216
1231 1883
1232 1333
1232 1408
1232 2124
1232 2516
1233 1459
1233 2472
1233 2902
1236 1942
1236 2608
1237 1655
1237 1924
1237 2626
1238 1699
1238 2086
1238 2517
1239 1348
1240 1417
1240 1648
1240 2037
1240 2499
1240 2588
1240 2748
1241 2499
1242 1415
1243 2424
1244 1382
1244 2517
1245 2051
1245 2370
1245 2977
1246 1907
1246 1985
1246 2424
1246 2773
1247 2737
1247 2809
1247 2925
1248 1280
1248 1967
1248 2375
1248 2712
1249 1636
1249 2997
1250 1518
1250 2094
1251 1312
1251 1555
1251 2039
1251 2123
1251 2258
1252 2814
1253 2486
1253 2499
1253 2645
1254 1751
1254 2066
1254 2232
1254 2386
1254 2738
1255 2663
1255 2801
1255 2824
1255 2883
1256 1427
1256 1954
1256 2175
1256 2474
1257 1360
1257 2185
1257 2529
1258 1978
1258 2276
1258 2578
1260 2532
1261 1709
1261 1871
1261 2338
1262 2635
1263 1878
1264 1285
1264 1465
1264 2061
1264 2974
1265 1273
1265 2053
1265 2499
1266 2254
1267 2818
1268 1898
1268 2169
1269 1554
1269 1732
1269 1946
1269 2077
1270 2379
1270 2490
1271 1767
1272 1368
1272 1731
1272 1921
1272 2069
1273 1429
1273 2038
1274 1412
1274 2916
1276 1913
1276 2836
1277 1623
1278 1296
1278 2298
1279 1859
1279 1954
1280 2909
1281 1402
1281 1691
1281 2911
1282 2409
1282 2793
1283 2421
1284 1778
1284 2778
1284 2879
1285 2058
1285 2538
1285 2876
1285 2901
1286 1471
1287 1547
1287 1889
1287 2262
1287 2489
1287 2965
1288 1874
1288 2538
1289 2624
1290 1309
1290 1367
1290 2556
1291 2250
1291 2610
1292 1826
1293 2068
1294 1386
1294 1855
1296 2581
1296 2869
1297 2991
1299 1386
1299 1470
1300 1675
1300 2474
1300 2701
1301 1339
1301 1457
1301 1527
1301 1707
1302 2376
1302 2958
1305 2745
1305 2878
1306 1546
1306 2241
1306 2470
1306 2853
1307 2844
1308 1945
1308 2209
1308 2644
1309 1942
1309 2373
1309 2442
1310 1603
1312 1405
1312 1619
1313 1425
1313 1535
1313 1829
1313 2098
1313 2691
1313 2966
1314 1841
1314 1963
1314 2240
1315 1822
1315 1907
1315 2344
1315 2737
1316 2070
1316 2220
1316 2271
1316 2926
1317 2414
1318 1421
1318 1630
1318 2197
1319 2784
1320 1374
1320 1564
1320 1967
1320 2850
1320 2911
1321 2207
1321 2574
1322 1615
1322 1635
1322 2701
1323 1455
1323 1962
1323 2592
1324 1438
1324 1729
1324 2582
1324 2782
1325 1923
1326 2153
1328 1663
1328 1917
1328 2161
1328 2240
1328 2255
1328 2380
1329 1767
1329 2605
1330 1996
1330 2319
1330 2543
1330 2638
1330 2715
1331 2290
1331 2796
1332 2777
1333 2108
1333 2596
1334 2460
1335 2057
1335 2768
1336 1465
1336 1886
1336 2156
1336 2219
1336 2592
1336 2975
1337 2000
1337 2062
1337 2267
1338 1774
1338 2066
1339 1493
1339 2140
1341 2171
1341 2306
1342 1490
1342 2108
1342 2523
1343 1657
1343 2005
1345 1744
1347 2792
1348 1366
1349 2539
1350 1887
1351 1549
1351 2154
1351 2241
1351 2643
1352 2618
1353 1801
1354 1881
1354 2382
1354 2989
1355 1792
1356 1940
1357 1973
1358 2277
1359 1591
1359 2089
1359 2338
1359 2849
1362 1727
1363 2133
1363 2741
1364 1835
1364 1896
1365 1474
1365 1501
1366 1772
1366 2429
1366 2534
1367 1414
1367 1716
1367 2205
1368 1410
1370 1585
1370 2248
1370 2763
1372 1675
1372 1731
1373 2714
1374 1515
1374 1558
1375 1561
1375 2019
1375 2298
1377 1440
1377 1481
1378 2688
1380 2361
1380 2811
1381 2204
1382 2501
1382 2507
1383 1788
1383 2238
1383 2301
1384 2016
1387 2033
1387 2229
1387 2453
1387 2789
1388 2112
1388 2249
1388 2558
1388 2797
1389 1801
1389 2154
1390 1563
1390 1724
1390 2605
1390 2982
1391 2222
1391 2822
1392 1793
1392 2138
1392 2699
1392 2863
1393 2414
1394 1503
1394 2628
1395 1409
1395 1710
1395 2183
1395 2912
1396 2531
1396 2605
1396 2723
1396 2864
1397 2158
1398 1827
1398 2122
1398 2223
1399 1416
1399 1643
1399 1820
1399 2017
1399 2727
1400 2780
1400 2961
1401 1607
1401 1694
1402 1773
1402 2548
1403 1697
1403 1720
1403 2017
1403 2770
1404 1432
1404 2064
1404 2583
1404 2972
1405 1878
1406 1927
1406 2458
1406 2471
1407 1582
1407 1600
1407 2574
1407 2761
1409 1886
1409 2241
1409 2343
1410 2315
1410 2576
1410 2774
1411 1514
1412 2690
1413 1652
1413 2305
1414 2274
1414 2356
1414 2585
1414 2634
1415 2532
1416 1614
1416 1778
1416 1799
1417 2897
1418 1424
1418 1449
1418 2239
1419 2701
1420 2873
1421 1961
1422 1628
1422 2379
1422 2674
1423 2701
1424 2426
1424 2952
1425 1815
1425 2509
1426 1549
1426 2875
1428 2150
1429 1583
1430 1559
1430 1629
1431 1503
1431 1732
1431 1904
1431 2306
1431 2310
1431 2776
1432 2304
1432 2342
1432 2486
1432 2894
1432 2898
1433 1826
1433 2670
1434 2208
1435 1555
1436 1543
1436 1551
1436 1975
1436 2364
1436 2841
1437 1567
1437 2929
1438 1581
1439 1801
1439 2865
1441 2214
1441 2860
1441 2967
1442 1564
1443 2019
1444 1889
1444 2106
1444 2934
1445 2289
1445 2770
1445 2847
1446 1981
1446 2536
1446 2559
1447 1953
1448 1912
1448 2205
1448 2343
1448 2808
1449 1496
1449 1711
1449 2726
1450 2188
1450 2645
1451 1630
1451 1883
1451 2487
1451 2563
1451 2616
1452 2593
1452 2700
1453 1550
1453 1899
1454 1825
1455 1573
1455 1613
1456 1815
1456 1859
1456 2134
1457 1787
1457 2231
1458 2415
1459 2501
1459 2857
1459 2930
1460 1666
1460 1920
1460 2733
1461 2694
1461 2784
1462 1812
1462 1868
1462 2864
1463 1620
1463 1694
1464 1753
1464 1780
1464 2902
1465 2436
1466 1507
1466 2516
1467 1660
1467 2018
1467 2401
1467 2712
1467 2948
1468 2387
1470 1843
1470 2467
1470 2487
1471 2013
1472 2192
1472 2249
1475 2131
1475 2190
1475 2800
1476 1599
1476 2048
1476 2635
1476 2837
1477 2279
1478 1538
1478 2380
1478 2703
1481 2838
1482 2531
1483 2957
1484 2324
1484 2978
1485 1625
1485 1850
1485 2526
1486 2329
1486 2370
1488 2707
1489 2685
1489 2772
1490 2284
1490 2452
1491 1642
1491 1999
1491 2834
1492 2709
1493 1910
1493 2332
1493 2667
1494 2190
1494 2488
1494 2833
1495 1659
1495 1761
1495 1933
1497 2100
1497 2760
1497 2845
1498 1663
1498 2500
1498 2823
1499 1907
1499 2150
1499 2504
1499 2954
1500 1774
1501 2070
1501 2316
1501 2582
1502 2460
1503 1747
1503 2563
1503 2619
1503 2739
1503 2805
1504 1869
1504 2306
1504 2606
1504 2857
1504 2946
1505 2081
1505 2359
1505 2558
1505 2755
1506 1731
1506 2025
1506 2230
1506 2488
1507 1642
1507 1812
1507 2324
1507 2539
1508 1738
1509 1565
1509 1843
1509 1932
1509 2707
1509 2734
1509 2854
1510 1881
1510 2174
1510 2182
1510 2362
1510 2808
1511 2059
1512 1802
1512 2496
1514 2904
1515 2975
1516 1956
1516 2938
1517 1666
1517 2807
1518 2102
1518 2356
1518 2850
1519 1789
1519 1890
1519 1931
1520 1664
1520 1786
1520 2469
1521 2744
1522 2908
1522 2922
1523 2491
1523 2631
1523 2986
1525 1539
1525 2065
1525 2822
1526 2019
1526 2022
1527 1574
1527 2076
1527 2408
1528 1775
1528 2877
1529 2351
1530 2533
1530 2870
1530 2919
1530 2922
1531 1748
1531 2974
1532 2030
1532 2424
1532 2711
1533 1663
1533 1678
1533 1982
1533 2879
1534 2465
1534 2737
1535 1747
1536 2258
1536 2765
1537 1613
1537 1619
1537 2149
1538 1869
1538 2224
1538 2380
1538 2825
1538 2904
1539 1898
1539 2289
1539 2488
1540 2717
1541 2155
1541 2450
1543 1675
1544 2725
1545 2054
1545 2829
1546 2042
1546 2221
1548 2155
1548 2446
1548 2916
1548 2943
1549 1768
1549 2851
1550 1858
1551 1749
1551 2058
1551 2273
1552 1874
1552 2056
1552 2680
1554 2450
1554 2506
1554 2921
1555 1970
1555 1986
1555 2456
1555 2531
1556 1899
1557 2114
1558 1748
1558 1756
1559 1612
1559 2101
1559 2501
1559 2980
1560 1570
1560 1808
1560 2647
1560 2883
1560 2924
1561 2180
1561 2233
1561 2775
1562 1666
1562 2582
1563 2349
1564 1725
1564 2308
1565 2164
1566 1717
1566 2501
1566 2887
1567 1654
1568 2230
1568 2725
1568 2816
1568 2909
1569 2022
1570 1852
1570 2827
1572 1749
1573 1763
1574 2049
1574 2288
1574 2690
1574 2758
1575 2591
1576 2199
1576 2433
1576 2539
1576 2707
1576 2720
1578 1688
1578 2099
1579 1979
1580 2647
1581 1655
1581 1713
1581 2431
1581 2566
1581 2897
1581 2940
1582 2923
1583 2069
1584 1869
1584 2942
1585 2856
1586 2709
1587 2269
1587 2626
1587 2637
1587 2719
1588 1712
1588 1790
1588 2372
1588 2654
1589 2154
1590 2798
1590 2819
1591 2034
1591 2102
1591 2328
1591 2624
1593 2303
1593 2399
1594 2044
1594 2262
1594 2911
1595 2833
1596 2214
1597 2429
1599 2092
1599 2391
1599 2881
1600 2747
1600 2766
1601 2645
1602 2896
1603 2489
1603 2733
1603 2808
1604 1932
1604 2412
1605 2094
1605 2975
1606 2581
1606 2792
1607 1967
1607 2431
1607 2979
1608 2225
1608 2964
1609 2057
1609 2603
1610 2952
1611 1960
1611 2126
1611 2739
1611 2993
1612 2667
1613 1918
1613 2820
1614 2219
1614 2526
1614 2573
1616 1623
1616 1671
1616 2895
1617 1962
1617 1978
1617 2121
1617 2370
1617 2622
1618 2006
1618 2061
1618 2246
1618 2425
1619 1976
1619 2112
1619 2886
1620 1938
1621 2242
1621 2285
1621 2464
1621 2578
1622 2555
1622 2909
1623 2734
1623 2979
1624 1654
1624 2008
1624 2402
1624 2624
1624 2786
1625 1992
1625 2212
1625 2514
1625 2739
1625 2850
1626 2215
1626 2817
1626 2945
1628 2765
1628 2773
1629 1866
1629 1890
1629 2189
1630 2403
1631 2736
1632 1987
1632 2860
1633 2592
1633 2988
1635 2313
1635 2412
1638 2028
1640 1942
1642 2195
1642 2275
1643 1661
1643 2145
1643 2208
1644 1711
1644 2696
1644 2733
1645 1687
1645 2908
1645 2931
1646 1722
1647 2643
1647 2878
1647 2947
1648 2114
1649 2431
1649 2903
1650 1960
1650 2118
1651 2952
1652 2773
1652 2843
1653 2200
1653 2757
1653 2944
1657 1887
1658 1733
1658 2014
1659 1834
1659 2259
1660 1961
1661 1719
1661 2673
1661 2699
1662 2463
1663 1666
1667 1992
1668 1755
1668 1808
1668 1851
1668 2090
1668 2564
1669 2615
1669 2806
1670 1992
1670 2018
1670 2081
1671 2674
1671 2936
1672 2659
1673 2228
1675 1964
1675 2037
1675 2314
1675 2420
1676 2814
1677 2243
1677 2549
1678 1893
1679 1719
1679 1814
1679 2128
1679 2998
1680 2781
1681 2485
1681 2827
1682 2848
1683 1697
1684 1832
1685 2277
1685 2424
1685 2469
1686 1870
1686 2358
1687 2764
1689 2909
1689 2941
1693 2550
1694 2163
1694 2947
1695 2355
1695 2596
1696 2111
1696 2463
1697 1901
1697 1917
1697 1933
1697 2018
1697 2191
1697 2527
1697 2549
1699 2111
1700 2689
1701 2186
1702 2023
1702 2787
1703 2190
1703 2280
1704 1993
1704 2330
1704 2717
1705 1890
1705 2272
1706 2090
1707 1917
1708 1830
1708 1842
1708 2672
1710 1860
1710 1985
1710 2185
1712 1894
1713 2334
1714 2020
1714 2579
1715 1878
1715 2086
1715 2581
1715 2783
1716 2163
1716 2416
1717 2750
1717 2805
1718 1852
1718 1985
1718 2465
1719 2652
1719 2724
1721 2184
1722 2768
1723 2056
1723 2138
1723 2535
1723 2987
1724 2275
1725 2016
1725 2253
1726 2187
1726 2430
1726 2466
1726 2701
1727 2131
1727 2244
1728 2282
1728 2816
1729 2503
1729 2673
1729 2808
1730 1835
1730 2228
1730 2560
1732 2229
1735 2101
1735 2166
1738 2158
1738 2427
1738 2749
1739 2090
1739 2269
1741 1946
1741 2007
1741 2048
1741 2620
1742 2698
1742 2745
1743 1903
1743 2783
1745 2230
1745 2802
1745 2813
1746 2119
1747 1936
1747 2140
1747 2533
1748 2617
1750 1969
1750 2375
1750 2489
1750 2496
1751 2061
1751 2331
1752 2965
1754 2189
1754 2371
1755 1801
1755 1898
1755 2491
1755 2960
1756 1796
1757 2848
1758 2293
1758 2333
1758 2620
1758 2971
1761 1994
1761 2182
1762 2022
1762 2469
1763 2694
1766 2618
1766 2789
1767 2161
1767 2841
1768 2315
1769 1830
1769 2698
1770 2043
1771 2068
1771 2284
1771 2366
1772 1826
1772 2638
1772 2749
1773 1917
1773 2783
1773 2843
1776 2241
1776 2281
1776 2507
1776 2715
1778 2241
1779 1999
1779 2287
1780 2045
1780 2246
1780 2684
1781 2197
1785 2552
1786 2589
1789 2568
1789 2729
1790 2111
1790 2610
1791 2432
1791 2471
1792 2244
1793 2665
1793 2699
1794 2630
1796 1892
1796 2642
1796 2714
1798 1908
1798 2261
1798 2635
1798 2915
1799 2776
1800 2218
1800 2556
1800 2654
1801 2849
1802 2214
1802 2926
1803 2566
1803 2573
1804 1845
1804 2324
1804 2455
1804 2965
1805 2788
1806 2253
1806 2260
1806 2366
1806 2629
1807 2968
1808 1995
1809 2025
1809 2721
1810 1942
1810 2485
1810 2604
1811 1989
1811 2738
1812 2690
1813 2952
1814 2185
1814 2708
1814 2745
1814 2843
1814 2879
1816 1936
1816 2785
1816 2789
1816 2795
1818 1854
1819 2000
1819 2159
1820 2480
1822 1909
1822 2055
1823 2800
1823 2808
1824 2618
1824 2900
1825 2270
1827 1904
1829 2927
1831 2064
1831 2554
1832 1836
1833 2425
1834 2838
1835 2533
1835 2881
1836 2133
1836 2763
1836 2781
1839 2024
1839 2107
1840 2108
1841 2470
1842 2172
1842 2563
1843 1931
1844 2979
1845 2928
1847 2020
1847 2402
1847 2631
1849 1892
1849 2347
1849 2872
1850 2085
1850 2802
1850 2871
1850 2904
1851 2958
1852 2779
1854 2087
1855 2253
1855 2715
1855 2723
1855 2813
1855 2956
1856 2140
1857 2397
1857 2658
1857 2727
1858 2123
1858 2413
1859 2866
1861 2492
1861 2755
1862 2151
1862 2504
1862 2531
1863 2487
1863 2834
1864 2949
1865 2665
1866 2066
1866 2337
1866 2439
1866 2489
1868 1946
1868 2755
1869 1938
1869 2096
1870 2158
1870 2192
1870 2336
1870 2707
1872 2049
1872 2119
1872 2661
1873 1938
1873 2451
1873 2515
1873 2754
1875 2093
1875 2402
1876 2004
1876 2456
1876 2988
1878 1960
1878 2545
1878 2632
1879 2982
1882 2348
1882 2723
1882 2791
1883 2411
1883 2687
1884 2109
1885 2669
1886 2794
1887 2944
1888 2590
1888 2668
1888 2934
1889 2335
1890 2250
1892 2057
1893 2239
1893 2314
1895 2198
1896 2163
1897 2072
1897 2945
1900 2739
1900 2755
1901 2009
1901 2240
1901 2393
1901 2855
1902 2536
1902 2673
1902 2692
1906 2221
1906 2485
1907 2232
1908 2453
1910 2465
1910 2509
1910 2773
1911 1924
1911 2009
1911 2040
1911 2883
1912 2148
1912 2194
1913 2282
1913 2469
1915 2057
1915 2209
1916 2859
1918 2704
1918 2951
1919 2366
1919 2468
1921 2231
1923 2275
1924 2742
1925 2273
1926 2487
1927 1985
1928 2695
1929 2279
1931 2037
1931 2212
1931 2513
1932 2151
1932 2423
1932 2855
1934 1972
1936 2083
1937 2338
1938 2091
1938 2497
1938 2706
1939 2526
1940 2160
1940 2422
1940 2503
1940 2618
1940 2869
1942 2547
1943 2311
1943 2357
1943 2897
1945 2522
1945 2582
1945 2873
1946 1995
1946 2816
1947 2093
1947 2134
1947 2603
1947 2749
1947 2959
1947 2987
1949 1977
1949 2021
1951 2884
1951 2903
1951 2969
1952 2498
1954 2098
1954 2138
1955 2440
1956 2708
1957 2762
1957 2801
1957 2884
1959 2134
1959 2281
1959 2311
1959 2478
1959 2540
1959 2775
1959 2797
1960 2283
1960 2560
1960 2566
1961 2204
1961 2395
1961 2922
1962 1997
1962 2583
1964 2011
1964 2091
1964 2174
1964 2266
1964 2414
1967 2450
1967 2987
1970 1982
1970 2435
1972 2093
1972 2707
1972 2951
1973 2487
1973 2810
1974 2198
1974 2437
1975 2828
1976 2110
1976 2385
1977 2313
1978 2221
1978 2639
1979 2414
1979 2820
1980 2964
1982 2193
1982 2757
1983 1990
1983 2017
1983 2281
1983 2545
1984 2513
1986 2105
1986 2532
1988 2451
1989 2683
1991 2408
1994 2516
1996 2208
1996 2835
1996 2900
1996 2904
1997 2243
1997 2808
1998 2642
2001 2121
2002 2355
2003 2416
2003 2655
2004 2308
2006 2816
2006 2831
2006 2999
2007 2314
2007 2823
2007 2908
2007 2919
2009 2385
2011 2775
2014 2488
2015 2111
2016 2037
2017 2836
2018 2564
2019 2171
2019 2999
2020 2258
2021 2136
2022 2637
2023 2251
2023 2409
2027 2081
2027 2340
2028 2793
2029 2481
2029 2485
2029 2828
2030 2366
2030 2935
2031 2375
2032 2047
2032 2297
2032 2333
2034 2833
2035 2440
2035 2781
2035 2970
2036 2185
2037 2325
2037 2563
2037 2831
2038 2097
2038 2828
2039 2108
2039 2759
2039 2937
2040 2338
2040 2916
2041 2277
2041 2650
2041 2809
2041 2919
2042 2079
2042 2234
2043 2339
2043 2367
2043 2520
2043 2710
2044 2490
2045 2106
2045 2323
2047 2412
2047 2467
2047 2532
2047 2764
2047 2964
2048 2434
2048 2620
2049 2546
2050 2202
2050 2474
2050 2533
2051 2193
2053 2232
2053 2919
2054 2322
2054 2342
2054 2739
2055 2226
2057 2075
2058 2839
2059 2469
2060 2098
2060 2720
2060 2843
2061 2907
2062 2161
2063 2994
2064 2659
2064 2986
2066 2365
2066 2599
2068 2202
2069 2073
2069 2108
2069 2907
2070 2164
2070 2277
2071 2111
2071 2623
2071 2734
2072 2496
2072 2663
2073 2402
2073 2934
2074 2225
2075 2135
2075 2708
2075 2858
2075 2944
2077 2532
2077 2618
2077 2921
2078 2260
2080 2490
2080 2647
2081 2218
2081 2727
2082 2623
2088 2257
2088 2558
2088 2944
2089 2207
2090 2274
2091 2892
2091 2897
2092 2268
2092 2972
2094 2523
2094 2667
2095 2171
2097 2745
2098 2125
2098 2651
2098 2907
2099 2164
2100 2447
2100 2772
2101 2682
2101 2894
2103 2940
2103 2943
2104 2111
2104 2694
2105 2207
2106 2890
2107 2418
2109 2350
2110 2604
2111 2501
2111 2504
2112 2770
2113 2625
2114 2404
2114 2670
2114 2927
2115 2162
2116 2269
2116 2405
2118 2151
2118 2600
2119 2765
2122 2231
2122 2565
2123 2391
2123 2425
2124 2548
2124 2600
2125 2555
2125 2559
2126 2185
2126 2535
2129 2382
2129 2618
2129 2793
2130 2242
2130 2647
2131 2686
2131 2833
2132 2949
2133 2993
2134 2323
2134 2996
2135 2979
2136 2203
2137 2324
2139 2193
2142 2393
2142 2823
2143 2269
2144 2171
2144 2532
2146 2215
2146 2750
2147 2151
2147 2741
2148 2277
2148 2451
2148 2510
2149 2384
2149 2507
2152 2160
2152 2303
2152 2889
2153 2225
2153 2864
2154 2331
2154 2591
2155 2377
2156 2243
2156 2986
2157 2651
2157 2874
2158 2500
2158 2578
2159 2370
2159 2641
2160 2475
2162 2635
2163 2420
2163 2671
2163 2673
2163 2940
2165 2625
2165 2870
2167 2523
2167 2586
2169 2211
2169 2323
2169 2424
2169 2619
2170 2356
2171 2588
2171 2768
2172 2256
2173 2356
2173 2569
2173 2608
2174 2229
2175 2924
2176 2209
2176 2609
2176 2877
2178 2865
2179 2453
2179 2830
2179 2938
2180 2328
2180 2431
2180 2651
2180 2977
2181 2392
2182 2268
2182 2425
2182 2558
2183 2411
2184 2683
2185 2562
2187 2299
2187 2677
2188 2244
2190 2675
2190 2898
2192 2215
2192 2448
2192 2695
2193 2246
2193 2600
2196 2616
2197 2453
2197 2731
2199 2834
2200 2244
2201 2387
2201 2965
2203 2420
2204 2835
2204 2992
2205 2397
2205 2850
2206 2817
2207 2515
2207 2672
2207 2930
2208 2868
2209 2506
2210 2886
2210 2965
2213 2281
2214 2227
2214 2474
2214 2886
2214 2889
2215 2445
2215 2608
2216 2809
2217 2285
2218 2314
2218 2588
2218 2645
2219 2456
2225 2864
2225 2966
2230 2316
2233 2913
2235 2799
2236 2564
2236 2975
2237 2600
2237 2845
2238 2674
2239 2289
2239 2507
2240 2332
2241 2961
2242 2951
2242 2985
2242 2986
2243 2551
2243 2563
2244 2456
2244 2485
2245 2507
2247 2482
2248 2845
2248 2933
2251 2761
2252 2641
2254 2518
2255 2510
2255 2588
2255 2902
2256 2402
2257 2715
2258 2624
2259 2772
2261 2574
2261 2943
2264 2429
2266 2324
2266 2369
2266 2449
2267 2491
2267 2525
2267 2906
2269 2381
2269 2458
2269 2616
2271 2531
2271 2611
2271 2855
2273 2763
2273 2814
2274 2362
2274 2897
2275 2870
2275 2954
2277 2381
2277 2589
2277 2659
2279 2878
2283 2446
2283 2503
2284 2611
2285 2471
2287 2506
2288 2726
2290 2323
2291 2359
2291 2723
2292 2813
2294 2751
2295 2431
2296 2418
2296 2728
2296 2890
2297 2305
2298 2442
2299 2946
2300 2762
2300 2836
2300 2848
2302 2591
2302 2749
2303 2640
2303 2908
2303 2937
2304 2714
2305 2814
2306 2647
2306 2928
2306 2969
2307 2369
2308 2365
2310 2353
2316 2445
2319 2482
2320 2602
2321 2813
2321 2825
2326 2736
2326 2765
2326 2852
2327 2442
2329 2719
2331 2346
2331 2473
2331 2495
2331 2510
2335 2669
2338 2826
2340 2556
2340 2661
2342 2625
2342 2753
2342 2960
2345 2420
2345 2530
2345 2797
2346 2872
2346 2978
2347 2687
2348 2750
2349 2482
2350 2792
2351 2512
2356 2790
2357 2623
2361 2907
2363 2774
2363 2974
2365 2471
2365 2592
2366 2634
2366 2704
2366 2816
2366 2894
2367 2887
2369 2589
2372 2600
2373 2836
2373 2949
2374 2515
2377 2997
2378 2712
2378 2855
2379 2984
2381 2433
2381 2436
2381 2603
2382 2405
2382 2919
2384 2486
2384 2551
2384 2753
2386 2461
2386 2757
2387 2765
2388 2393
2390 2904
2390 2940
2395 2758
2395 2891
2396 2574
2400 2535
2403 2943
2404 2477
2404 2636
2407 2557
2409 2700
2409 2884
2410 2682
2412 2706
2414 2771
2414 2933
2415 2607
2420 2515
2420 2799
2421 2551
2421 2695
2422 2831
2425 2438
2425 2907
2426 2526
2426 2714
2428 2951
2430 2662
2431 2571
2437 2563
2437 2757
2442 2782
2444 2787
2445 2549
2446 2731
2449 2773
2451 2753
2452 2710
2453 2870
2455 2736
2455 2835
2456 2508
2456 2709
2456 2871
2459 2689
2462 2874
2463 2510
2464 2995
2465 2630
2466 2953
2467 2641
2469 2593
2469 2852
2473 2914
2475 2685
2477 2637
2478 2991
2480 2884
2481 2726
2484 2797
2485 2830
2486 2512
2487 2666
2488 2536
2489 2733
2489 2760
2493 2788
2494 2611
2498 2817
2503 2615
2503 2961
2508 2831
2509 2577
2510 2967
2511 2526
2512 2647
2514 2910
2514 2991
2515 2894
2516 2750
2516 2865
2516 2894
2517 2571
2517 2692
2521 2655
2521 2886
2522 2985
2523 2569
2523 2971
2527 2547
2529 2595
2529 2706
2530 2716
2531 2973
2533 2547
2533 2685
2534 2748
2536 2807
2537 2814
2539 2901
2544 2850
2546 2751
2550 2674
2550 2733
2556 2604
2557 2587
2557 2625
2559 2671
2573 2770
2578 2737
2579 2893
2579 2928
2580 2821
2586 2734
2591 2755
2591 2872
2591 2926
2593 2877
2598 2748
2600 2717
2603 2690
2609 2726
2611 2879
2614 2958
2618 2918
2618 2984
2619 2768
2620 2983
2624 2982
2625 2648
2625 2950
2626 2785
2629 2652
2631 2765
2633 2684
2640 2780
2641 2689
2643 2655
2645 2997
2650 2788
2650 2928
2652 2913
2653 2806
2654 2980
2655 2802
2656 2702
2659 2935
2661 2919
2666 2849
2669 2941
2675 2932
2678 2916
2679 2997
2685 2856
2685 2896
2686 2774
2687 2966
2690 2713
2694 2902
2697 2997
2702 2984
2704 2875
2704 2966
2706 2982
2707 2797
2707 2878
2711 2838
2713 2756
2717 2738
2719 2799
2721 2909
2729 2938
2731 2851
2732 2923
2733 2952
2740 2961
2742 2875
2749 2794
2751 2937
2758 2899
2762 2898
2766 2868
2767 2934
2773 2948
2781 2877
2782 2939
2785 2946
2790 2989
2794 2833
2796 2815
2800 2867
2805 2996
2809 2969
2810 2855
2815 2905
2818 2913
2829 2876
2830 2985
2831 2887
2831 2925
2832 2853
2835 2852
2838 2965
2840 2901
2844 2874
2847 2866
2848 2850
2854 2941
2862 2908
2868 2933
2869 2930
2879 2996
2880 2927
2883 2917
2893 2922
2893 2961
2953 2990
2963 2970
