2000 3818
0 140
0 172
0 991
0 1100
0 1199
1 626
1 1076
1 1098
1 1429
2 25
2 974
3 99
4 718
4 883
4 1055
4 1173
4 1271
4 1451
4 1949
5 489
5 1666
6 1206
6 1309
6 1337
6 1368
6 1620
6 1719
7 156
7 433
7 1043
7 1422
8 1071
8 1104
9 1176
9 1605
9 1746
10 1582
11 717
11 1097
11 1246
11 1910
12 548
12 850
12 997
12 1122
12 1619
13 1075
13 1453
13 1648
13 1920
13 1933
14 80
14 498
14 822
14 1865
14 1947
15 1078
15 1186
16 571
17 355
17 1038
17 1866
18 581
18 1266
18 1472
19 488
19 1173
19 1266
19 1300
19 1414
19 1555
20 656
20 740
20 818
20 1653
21 622
21 1069
21 1753
21 1947
21 1996
22 160
22 241
22 283
22 713
22 1359
23 44
23 127
23 566
23 1406
24 160
24 393
24 534
24 701
24 874
24 1150
24 1363
24 1553
24 1659
25 833
25 1443
25 1987
26 1265
26 1463
26 1785
27 966
28 114
28 217
28 401
28 634
28 1757
29 740
29 757
29 1368
29 1641
29 1917
30 155
30 670
30 1603
30 1630
30 1796
31 284
31 594
31 637
31 1147
32 360
32 624
32 1175
32 1342
32 1628
32 1691
32 1770
33 1167
33 1333
33 1340
33 1661
33 1686
34 1095
34 1173
34 1528
34 1597
35 1157
35 1832
35 1975
35 1991
37 148
37 920
37 1044
37 1471
37 1761
38 60
38 419
38 987
38 1041
38 1674
39 43
39 396
39 1184
40 1055
40 1561
40 1819
41 310
41 1014
41 1634
41 1781
42 880
42 1226
42 1255
42 1658
43 272
43 690
43 743
43 1417
43 1494
44 907
44 1277
44 1546
45 186
45 419
45 1122
45 1319
45 1503
45 1728
46 180
46 1336
46 1823
47 970
47 1449
47 1755
48 993
48 1869
49 1064
49 1185
49 1937
49 1979
50 295
50 361
50 1026
50 1869
51 196
51 205
51 1292
51 1365
51 1973
52 336
52 1200
52 1807
53 457
53 603
53 922
53 1161
53 1476
53 1655
54 465
55 583
55 803
57 441
57 811
57 863
57 1349
58 322
58 1289
58 1524
60 277
60 602
60 1838
61 950
61 1332
62 1801
63 844
63 1245
63 1747
63 1872
64 1187
64 1362
65 1399
66 411
66 1100
66 1524
66 1987
67 423
67 779
67 1092
67 1947
68 87
68 323
68 469
68 670
69 376
69 1317
69 1390
69 1754
70 445
70 1081
71 1176
71 1635
72 132
72 212
72 213
72 1188
72 1332
72 1449
73 666
73 703
73 772
73 863
73 1593
74 821
74 1324
74 1775
75 1251
76 1744
77 1142
77 1437
77 1901
78 148
78 271
78 679
78 1871
79 326
79 387
79 850
79 1718
80 192
80 513
80 761
80 1035
80 1771
82 1476
82 1619
82 1815
83 609
83 1210
83 1279
83 1376
83 1615
84 898
84 1029
84 1266
85 997
85 1237
85 1509
85 1517
85 1780
86 707
86 1515
86 1565
87 261
87 657
87 1269
87 1272
87 1415
87 1797
88 253
88 1062
89 152
89 1079
89 1721
90 132
90 232
90 635
90 636
90 1359
90 1521
90 1683
91 718
91 1282
92 558
92 1073
92 1185
93 524
93 525
93 627
93 753
93 1280
93 1334
93 1757
94 1094
94 1360
94 1663
95 517
95 710
95 715
95 1112
95 1308
95 1589
95 1801
96 711
96 856
96 1472
96 1701
96 1757
96 1854
97 157
97 499
97 710
97 811
97 1589
97 1904
98 259
98 925
99 342
99 425
99 462
99 694
99 1000
99 1361
99 1868
100 102
100 702
100 876
100 1105
100 1381
100 1622
101 138
101 671
101 689
101 710
101 1516
101 1563
101 1797
102 188
102 584
102 587
102 1029
103 236
103 340
103 609
104 285
104 511
104 705
104 852
105 108
105 1577
105 1590
106 1100
106 1398
106 1809
107 576
107 1201
107 1461
108 265
108 799
108 1371
108 1967
109 376
110 498
110 849
110 1651
110 1858
111 179
111 977
111 1128
111 1429
111 1741
112 140
112 1585
113 291
113 485
113 1295
113 1478
113 1667
113 1971
114 234
114 812
115 134
115 1162
115 1213
115 1447
116 279
116 490
116 608
116 1667
116 1928
117 504
117 801
117 864
117 1430
117 1499
117 1940
118 1877
119 724
119 1120
120 753
120 1239
120 1538
121 280
121 311
121 324
121 387
121 550
121 677
121 897
121 1966
122 539
122 1631
123 805
124 1572
124 1700
124 1878
125 542
125 835
125 1122
125 1485
126 236
126 1053
126 1782
128 811
128 1908
129 558
129 1552
129 1778
130 1114
130 1158
130 1414
130 1426
130 1703
131 351
131 385
131 873
131 915
131 1796
132 780
132 1233
132 1594
132 1868
133 257
133 709
134 819
134 977
134 1338
134 1365
134 1899
135 1157
135 1378
136 893
136 969
136 1100
136 1492
137 833
137 1010
137 1799
137 1892
138 186
138 995
138 1085
138 1338
138 1745
139 282
139 1005
139 1883
140 838
140 1340
141 844
141 851
142 235
142 316
142 715
142 800
142 836
142 979
142 1029
142 1396
142 1748
142 1814
142 1945
143 187
143 386
143 1138
143 1343
145 531
145 1306
145 1452
145 1793
146 369
146 722
146 849
146 1243
146 1308
146 1428
146 1743
147 1017
147 1241
148 674
148 1579
149 298
149 624
149 1411
149 1455
150 380
151 345
151 408
151 1880
152 782
152 1292
152 1513
153 252
153 319
153 416
153 1054
153 1216
153 1341
155 548
155 912
155 957
156 885
156 1086
156 1789
156 1824
157 192
157 372
157 824
157 1458
157 1706
157 1761
157 1789
158 412
158 1271
158 1346
159 609
159 882
159 931
160 312
161 935
162 461
162 1775
163 811
163 950
163 1928
164 1020
165 412
165 1095
165 1328
165 1436
165 1596
165 1697
165 1777
166 237
166 1440
166 1644
166 1712
167 370
167 424
167 608
167 1067
168 574
168 726
168 1133
168 1795
168 1961
169 238
169 1408
169 1757
169 1863
169 1981
170 1069
170 1136
170 1356
170 1798
170 1821
171 493
172 555
172 586
172 812
172 826
173 1424
173 1479
173 1876
173 1973
174 935
174 1091
174 1359
175 222
175 316
175 820
175 1765
176 183
176 1581
177 1103
177 1192
177 1549
177 1554
178 1761
179 484
179 658
179 932
180 444
180 1063
180 1684
180 1690
181 720
181 744
181 756
181 901
181 1187
181 1286
181 1702
182 243
182 559
182 1068
182 1138
182 1221
182 1249
182 1427
182 1691
183 439
183 767
183 1628
183 1903
184 976
184 1062
184 1192
184 1513
185 320
185 559
185 796
186 211
187 959
188 1851
188 1902
189 408
189 610
189 1394
189 1472
190 721
190 1427
190 1430
191 429
191 1023
191 1180
191 1313
191 1733
191 1913
192 546
192 1124
193 267
193 752
193 776
193 1223
194 611
194 1619
195 261
195 576
195 685
195 861
195 1335
195 1796
196 573
196 795
196 1558
197 1285
197 1813
198 666
198 1546
198 1691
199 1132
199 1294
200 457
200 839
200 1636
200 1876
201 1146
201 1685
202 1404
203 284
203 468
203 1480
203 1966
204 770
204 928
204 1285
204 1338
204 1374
205 879
205 1503
205 1983
206 836
206 913
206 1130
206 1299
207 649
207 826
207 939
208 314
208 474
208 778
208 833
208 1263
208 1271
209 1751
210 890
210 1025
211 1647
212 549
212 815
212 1020
212 1397
212 1548
212 1716
212 1754
213 952
213 1092
213 1259
213 1670
213 1754
214 325
214 510
214 561
214 1630
214 1719
215 1093
215 1681
216 710
216 872
216 900
216 1372
217 386
217 1116
217 1170
218 692
218 877
218 934
218 1336
219 1226
219 1279
219 1449
219 1685
220 609
220 704
220 1723
220 1893
221 372
221 528
221 698
221 1102
221 1499
221 1756
222 599
222 1045
223 263
223 456
223 805
223 912
224 696
224 1586
224 1599
225 285
225 339
225 1059
225 1211
226 469
226 1442
226 1941
227 678
227 1128
227 1446
228 531
228 536
228 804
228 1006
228 1153
228 1159
229 288
229 493
229 1133
229 1226
229 1411
229 1445
230 315
230 624
230 948
230 994
230 1548
230 1936
231 564
231 1685
232 610
232 901
232 915
232 1849
233 242
233 331
233 1102
233 1222
233 1596
234 559
234 598
234 983
234 1025
234 1543
234 1574
235 609
235 655
235 1131
236 361
236 409
236 540
236 578
236 606
236 1033
236 1359
236 1804
237 292
237 706
237 1513
237 1848
238 1441
238 1619
239 1913
239 1921
240 368
240 458
240 847
240 1009
240 1345
240 1800
241 480
241 608
241 727
241 927
241 1299
241 1802
241 1851
241 1911
242 478
242 533
242 713
242 1037
242 1040
242 1744
242 1760
243 1315
244 392
244 673
244 1262
245 964
245 1315
245 1798
246 781
246 1280
246 1440
246 1503
246 1760
247 685
247 1057
248 664
248 1331
248 1336
249 1590
249 1956
250 847
250 1285
250 1913
251 975
251 1009
252 589
252 1370
252 1724
252 1731
252 1872
253 259
253 1266
254 442
254 827
254 1106
254 1274
254 1604
254 1787
255 1260
255 1276
255 1664
256 744
256 914
257 329
257 551
257 815
257 1477
257 1687
258 1595
259 538
259 933
259 1544
259 1671
260 333
260 364
260 1619
261 291
261 570
261 878
261 1523
261 1877
263 597
263 1104
263 1235
263 1284
264 655
264 718
264 1056
264 1233
264 1287
265 1017
266 315
266 521
266 1088
266 1409
267 1740
269 512
269 623
269 1266
269 1583
269 1679
270 478
270 907
270 1106
270 1508
271 419
271 718
271 822
271 1314
271 1655
271 1695
272 905
272 1493
272 1915
273 589
273 767
273 1576
274 366
274 870
274 1439
274 1644
274 1872
274 1884
275 356
275 621
275 941
275 1152
275 1483
275 1647
276 1133
276 1255
277 301
277 358
277 379
277 971
277 1119
277 1391
277 1422
278 303
278 612
278 615
278 863
278 1637
278 1728
279 607
279 1067
280 296
281 712
281 758
282 539
283 515
283 858
283 913
283 987
283 1697
283 1738
284 842
284 1001
284 1197
285 648
285 1589
286 1652
286 1787
287 1178
287 1662
288 356
288 793
289 1006
290 314
290 461
290 1637
290 1960
291 1333
291 1798
292 949
292 1607
293 620
293 765
293 1355
294 581
294 1235
295 411
295 555
295 1357
295 1501
295 1754
295 1840
295 1952
296 483
296 664
296 1129
296 1257
296 1741
296 1745
297 862
297 928
297 1066
298 453
298 926
298 1318
299 1155
300 504
300 759
300 877
300 1545
301 720
301 1409
301 1714
301 1921
302 944
302 1354
302 1824
303 724
303 789
303 1722
304 748
304 816
304 1071
304 1358
304 1420
304 1574
304 1661
305 715
306 941
306 1672
306 1730
306 1883
307 501
307 599
307 757
308 371
309 705
309 1107
309 1307
309 1568
310 1005
310 1307
310 1606
311 726
311 824
311 1956
312 645
312 1120
312 1176
312 1361
312 1543
312 1839
313 487
313 884
313 1015
313 1319
314 547
314 732
315 485
315 1279
315 1351
316 894
316 1570
316 1775
317 614
317 743
317 1463
317 1590
318 548
318 1144
318 1266
318 1699
319 1081
319 1528
319 1954
320 526
320 647
320 1432
320 1588
320 1965
321 679
321 1096
321 1108
322 340
322 1025
322 1149
322 1470
323 651
323 754
323 1418
324 1587
324 1832
325 1181
325 1997
326 462
326 775
326 1757
327 330
327 1370
328 758
328 1163
328 1178
329 508
329 1179
329 1697
330 378
330 656
330 769
330 1046
330 1655
331 693
331 764
331 965
331 1159
331 1804
332 1659
333 341
333 949
333 1410
334 363
334 924
334 1763
335 1563
336 653
336 912
336 1364
336 1801
338 621
338 1345
339 484
339 611
339 743
339 1179
340 541
340 600
340 1642
341 581
341 790
341 1026
341 1582
341 1889
342 1979
343 886
343 1839
344 839
344 1804
345 617
346 741
346 1797
347 1305
348 404
348 772
348 958
348 971
349 600
349 1082
349 1124
349 1657
350 526
350 554
350 896
350 1256
350 1378
350 1591
350 1986
351 973
351 1079
351 1082
351 1173
351 1246
352 433
352 1349
353 574
353 1380
353 1831
353 1836
354 453
354 989
354 1128
355 755
355 959
355 1543
356 406
356 1406
357 562
357 577
357 1186
357 1301
357 1619
357 1985
358 669
358 1151
358 1181
358 1587
358 1718
359 922
359 1787
359 1921
360 367
360 554
360 958
360 1104
360 1661
360 1680
360 1746
361 521
361 915
361 965
361 973
361 1248
361 1550
362 810
362 1112
363 1221
363 1807
363 1911
364 757
365 1687
365 1868
366 670
367 843
367 1040
367 1223
367 1571
368 1308
369 587
369 1380
370 1059
371 677
371 723
371 1138
372 1371
372 1539
372 1631
372 1687
372 1735
373 604
373 1474
373 1973
374 565
374 1221
374 1520
374 1608
374 1793
375 1951
376 626
376 1454
377 480
377 1385
377 1697
377 1731
377 1857
377 1934
379 1061
379 1561
379 1658
380 546
380 914
380 1269
380 1912
382 719
383 1603
385 673
385 976
385 1167
385 1251
385 1728
385 1825
386 427
386 710
386 1877
386 1959
387 812
387 1358
388 1093
388 1746
389 546
389 620
389 890
389 1658
390 1326
390 1983
391 470
391 534
391 729
391 1318
392 587
393 1104
394 545
394 937
395 1764
396 1019
397 941
397 1810
397 1933
398 1192
398 1298
398 1825
399 682
399 1210
399 1463
399 1996
400 492
400 1354
401 436
401 456
401 842
401 1468
401 1772
402 780
402 1247
402 1249
403 1281
404 1235
404 1337
404 1497
404 1661
406 574
406 905
406 1708
407 941
407 1632
408 862
409 693
409 1348
409 1370
410 423
410 725
410 1704
411 434
411 675
411 958
411 1029
411 1150
411 1228
411 1519
412 469
412 594
412 1087
412 1376
413 1741
413 1750
414 675
414 1196
416 776
416 1562
417 1626
417 1895
418 584
418 1044
419 616
419 1224
419 1255
419 1294
419 1314
419 1354
419 1733
419 1893
420 630
420 867
421 1357
421 1531
421 1813
422 544
422 631
422 654
422 708
422 1296
422 1311
423 433
423 863
423 968
423 1321
423 1734
423 1868
424 739
425 1454
425 1460
425 1736
426 612
426 915
426 1248
426 1495
426 1883
427 833
427 1810
428 433
428 479
428 1912
429 1959
430 686
430 958
431 575
431 969
431 983
431 1501
431 1530
432 517
432 599
432 828
432 999
432 1637
433 634
433 912
433 933
433 1145
433 1678
434 700
434 1658
434 1762
436 1363
437 885
438 837
438 1774
438 1798
439 918
440 747
440 1146
440 1164
440 1199
441 836
441 1098
441 1524
441 1750
442 741
442 1088
442 1190
442 1205
442 1334
442 1470
442 1549
442 1708
443 787
443 876
443 1576
443 1661
444 724
444 1285
444 1758
444 1844
445 512
445 1969
446 1171
446 1356
446 1581
446 1682
447 542
447 1043
447 1177
447 1453
447 1673
447 1847
448 1485
449 1430
450 660
450 930
450 1613
450 1763
452 695
452 784
452 974
452 1442
452 1705
453 958
453 1355
453 1742
453 1971
454 929
454 1072
454 1442
454 1940
455 622
455 660
455 1365
455 1773
456 483
457 1519
457 1646
458 621
460 543
460 557
460 1106
460 1168
460 1920
461 1405
461 1983
462 552
462 808
462 927
462 1137
463 586
463 1619
464 488
464 1288
464 1564
465 813
465 827
465 1724
465 1842
466 1494
466 1844
467 618
467 1719
468 621
468 941
468 983
469 1031
469 1279
469 1327
470 780
470 932
471 638
471 1526
472 1103
472 1962
473 797
473 883
473 893
473 1151
473 1174
473 1966
474 543
474 1488
475 1059
475 1402
476 522
476 1333
477 725
478 695
478 713
478 744
479 633
479 760
479 816
479 1097
479 1409
480 557
480 599
480 610
480 689
480 815
481 1402
481 1503
482 504
482 920
482 1250
482 1292
482 1920
483 561
483 934
483 1206
483 1727
483 1897
483 1912
484 640
484 1453
484 1533
484 1563
485 886
485 1568
485 1668
485 1838
485 1870
485 1931
486 1083
486 1571
486 1828
486 1852
487 556
487 584
487 595
487 910
487 1076
487 1608
487 1779
488 624
488 845
488 1061
488 1568
489 680
489 704
489 1442
489 1531
490 754
490 1175
491 863
491 1137
491 1948
491 1992
492 1121
492 1593
494 672
495 617
495 618
495 955
495 1225
495 1247
496 1366
497 538
497 813
497 977
497 1720
497 1879
498 549
498 738
498 1910
499 690
499 828
499 941
499 1673
500 909
500 978
500 1017
500 1463
500 1693
501 810
501 1658
502 900
502 1333
502 1501
502 1649
504 1044
504 1335
504 1442
505 641
505 1743
506 791
506 1143
506 1441
507 1332
508 1305
508 1890
509 510
509 664
509 1117
509 1286
509 1755
510 1386
510 1724
510 1854
510 1956
511 743
512 974
512 1201
512 1711
513 630
514 753
514 1586
515 654
515 1092
515 1150
516 811
516 1261
516 1342
517 851
517 1169
517 1597
517 1747
518 559
518 698
518 716
518 799
519 1377
520 829
520 1804
521 529
521 1056
522 791
522 1588
522 1845
523 1064
523 1403
523 1478
523 1789
523 1810
524 1233
525 1358
525 1555
525 1776
528 930
528 1061
528 1403
528 1465
529 547
529 650
529 1026
529 1408
529 1855
529 1950
530 1367
530 1383
530 1617
531 961
531 1279
532 642
532 927
532 977
532 990
533 957
533 1267
533 1629
534 1372
535 888
535 1585
535 1888
536 881
536 1360
536 1957
537 1609
538 1487
538 1560
538 1565
538 1745
538 1746
539 951
539 1016
539 1273
539 1567
540 1933
541 1100
541 1357
541 1768
542 642
543 662
543 1963
544 1365
545 919
545 1059
545 1146
546 1063
546 1090
546 1512
546 1811
546 1937
547 872
547 940
549 786
549 1050
550 648
550 924
550 1020
550 1585
550 1995
551 1170
551 1307
551 1745
552 778
552 1080
553 1932
554 856
554 1076
555 777
555 1331
556 1509
556 1603
556 1965
557 1624
557 1743
558 808
558 842
558 1639
558 1936
559 581
559 684
559 1464
559 1711
559 1820
560 920
560 965
560 1509
560 1537
560 1898
561 1814
561 1955
562 651
563 762
563 800
563 1095
564 673
564 1544
564 1821
565 923
565 1885
566 665
566 1109
566 1130
567 687
567 864
567 1379
567 1657
567 1936
568 852
568 1125
569 740
569 1208
569 1810
570 1616
570 1712
571 803
571 1561
571 1871
572 1024
572 1954
573 686
573 765
573 1117
573 1346
573 1820
574 1724
574 1799
575 981
575 1340
575 1907
576 640
576 1600
577 1060
577 1268
577 1873
578 1118
578 1239
578 1396
579 1867
580 867
580 1061
580 1606
580 1664
580 1875
580 1901
581 878
581 1012
581 1156
581 1316
581 1414
581 1488
581 1489
581 1518
582 898
582 934
582 1218
582 1289
582 1688
582 1953
583 713
583 995
583 1030
583 1411
583 1442
583 1613
583 1741
584 1378
584 1621
584 1668
585 1030
585 1450
585 1462
585 1670
586 785
586 1250
587 1351
587 1373
588 1269
588 1966
589 1411
589 1875
590 672
590 728
590 890
590 931
591 1084
591 1163
591 1881
591 1907
592 757
592 1177
593 635
593 642
593 856
593 1047
593 1467
593 1780
594 1569
594 1741
595 1915
596 1441
596 1733
597 1007
597 1728
597 1899
597 1919
598 1032
598 1642
599 866
599 995
599 1801
599 1954
600 881
600 1181
600 1283
600 1978
601 677
601 698
601 1191
601 1348
601 1535
602 1334
602 1767
603 805
603 1450
603 1467
604 670
604 739
604 858
604 1509
605 837
605 1005
606 1007
606 1015
606 1219
606 1985
607 901
607 1040
608 1060
609 1387
609 1436
609 1857
609 1978
610 796
610 1523
610 1878
611 625
611 751
611 1567
612 648
612 823
612 1144
612 1292
613 984
613 1073
613 1475
613 1520
614 1105
614 1793
615 1928
616 950
616 1598
617 1562
617 1612
617 1805
618 744
618 1845
619 1895
620 1021
621 738
621 1377
621 1393
621 1508
622 868
622 1587
622 1594
623 833
623 1568
623 1583
624 792
624 939
624 1172
624 1586
624 1762
624 1797
624 1983
625 1502
626 953
626 1220
626 1514
626 1949
627 1292
627 1441
628 961
628 1024
628 1845
630 766
630 892
630 1295
630 1337
630 1774
630 1837
632 1953
633 1082
633 1203
633 1720
633 1724
634 1210
634 1428
634 1635
635 1804
635 1824
635 1973
636 1151
636 1804
636 1878
637 798
637 1439
637 1542
638 799
638 1356
638 1958
638 1995
639 854
639 984
639 1288
639 1503
639 1859
640 662
640 939
640 1992
641 866
641 1205
641 1237
641 1530
642 1195
643 717
643 748
643 1203
644 1433
644 1883
645 829
645 845
645 904
645 1206
645 1499
645 1573
645 1893
646 845
646 1524
646 1668
647 992
647 1154
647 1224
647 1271
647 1969
648 812
648 909
648 1277
648 1456
649 818
650 718
650 1494
650 1653
651 984
651 1253
652 830
652 1316
652 1519
652 1613
653 763
653 794
653 1234
653 1246
653 1452
653 1725
653 1786
653 1825
654 1209
654 1445
655 851
655 1695
655 1864
657 707
657 849
658 1549
659 842
659 1422
659 1703
660 758
661 688
661 947
661 970
661 1030
662 1903
663 723
663 1763
663 1945
663 1975
664 751
664 844
664 938
664 1034
664 1121
664 1128
664 1768
664 1888
664 1932
665 1055
665 1089
665 1573
666 742
666 905
666 911
666 1456
667 1222
667 1900
668 925
668 1156
668 1299
669 1381
669 1683
670 1457
670 1834
671 907
671 1523
671 1759
671 1981
672 841
672 1246
672 1364
673 755
673 809
673 902
673 1100
674 1121
674 1320
674 1744
674 1827
676 1412
676 1493
676 1502
676 1535
677 779
677 944
677 1518
677 1563
677 1734
678 728
678 1170
679 1072
679 1081
679 1188
679 1738
682 1364
682 1806
683 830
683 1295
683 1617
684 906
684 1317
685 1162
685 1399
685 1413
685 1597
685 1972
686 1020
686 1126
686 1481
687 1275
687 1792
687 1852
688 1049
688 1486
688 1546
688 1780
688 1936
689 932
689 1568
689 1627
690 751
690 1322
690 1810
691 1256
691 1393
691 1673
691 1926
692 750
693 783
693 1934
694 988
694 1676
694 1997
695 1340
696 900
696 1115
696 1247
697 816
697 1909
698 1045
698 1236
698 1922
699 814
699 1449
700 1044
700 1378
701 1269
702 907
702 1066
702 1802
703 1105
703 1474
704 1172
704 1253
704 1416
704 1618
705 1008
705 1779
706 1023
706 1192
707 1159
707 1379
707 1657
707 1669
707 1675
707 1718
707 1955
709 797
709 1075
710 1333
710 1525
710 1697
711 979
711 1101
711 1289
712 1036
712 1087
712 1533
714 1016
714 1149
714 1247
714 1544
715 756
715 1346
717 868
717 1237
718 797
718 1292
719 882
719 883
720 766
720 835
720 976
721 898
722 1157
722 1962
723 1002
723 1186
723 1444
723 1956
724 1710
725 867
725 1653
726 1398
727 870
728 1110
728 1398
728 1799
728 1979
729 1185
729 1426
729 1622
730 741
730 1208
730 1962
731 1422
731 1536
731 1953
732 867
732 904
732 1184
732 1453
733 1396
733 1458
734 965
734 1765
735 1879
736 1000
736 1338
736 1516
736 1763
738 930
738 979
738 1139
739 1238
739 1278
739 1809
739 1851
740 1674
741 1032
741 1421
741 1837
742 1024
743 858
743 1081
745 766
745 1981
746 1641
746 1686
746 1720
746 1754
747 1534
747 1556
747 1630
748 1064
748 1122
748 1364
749 1575
749 1644
750 1436
751 1136
751 1563
752 1223
752 1563
753 1394
754 1809
755 1763
756 871
756 1607
756 1925
757 881
757 919
758 1007
758 1049
758 1531
760 990
760 1812
762 768
762 1191
763 1923
764 1527
765 797
765 1673
767 942
767 1437
768 1457
768 1660
769 1313
770 1362
770 1408
770 1429
770 1724
771 943
771 1751
771 1785
772 824
772 1552
773 950
773 1657
774 864
774 1608
775 1201
775 1896
776 1378
776 1908
777 1171
777 1389
777 1650
778 1757
778 1914
779 1890
780 1122
780 1382
781 1441
781 1560
781 1968
781 1982
782 807
782 819
782 1696
784 1947
785 1169
785 1176
785 1469
785 1509
785 1525
785 1957
786 1890
786 1904
787 853
787 1534
787 1592
788 1937
790 1134
791 1390
792 1326
792 1334
792 1368
793 1296
794 1568
794 1855
795 1192
795 1282
796 869
796 1492
796 1760
797 1574
797 1619
798 896
798 1681
799 955
799 1507
799 1547
800 1266
801 1070
802 1667
804 1712
805 1025
805 1446
806 957
806 1217
806 1937
807 880
807 1832
807 1932
808 992
808 1287
808 1930
809 870
809 1726
809 1794
810 1839
811 1336
811 1657
812 1287
812 1731
813 1520
813 1809
814 825
814 931
814 1263
814 1422
814 1939
815 960
815 1808
816 1904
817 918
817 1500
817 1667
818 1250
818 1446
818 1484
819 1054
819 1244
820 1126
820 1147
820 1925
821 995
822 1445
822 1562
823 1079
825 1207
825 1264
826 1288
827 1923
828 1133
828 1250
828 1524
829 1727
830 874
830 1898
830 1980
831 1117
832 1505
832 1576
833 1242
834 1396
834 1432
834 1614
834 1850
836 962
836 1197
836 1248
836 1255
837 945
838 1412
838 1453
839 1609
840 1144
840 1412
840 1523
840 1792
840 1822
841 1242
841 1264
841 1669
841 1767
841 1898
842 1118
842 1486
842 1962
843 1086
843 1236
843 1498
843 1609
846 1319
847 930
847 995
847 1003
847 1046
847 1050
848 1136
848 1481
849 1451
849 1881
850 866
850 1405
850 1880
851 978
851 1011
851 1131
851 1246
851 1834
852 1003
853 895
853 1212
853 1223
853 1465
853 1953
854 955
854 1051
854 1589
854 1830
854 1875
855 1290
855 1325
856 910
856 1318
856 1970
857 902
857 1656
857 1897
858 909
858 1412
858 1952
859 996
859 1146
859 1605
860 1381
860 1700
861 1825
862 1304
862 1499
863 971
863 1238
863 1984
865 1012
865 1555
866 1495
866 1928
867 1550
868 1288
868 1985
869 911
870 1138
870 1182
870 1344
870 1979
871 896
871 1385
872 1489
874 1211
875 898
876 960
877 1793
878 978
878 1113
878 1686
879 1071
879 1123
879 1418
879 1465
879 1602
879 1750
879 1910
880 1401
882 976
882 1026
882 1557
883 1404
883 1625
884 1242
884 1265
884 1481
884 1560
885 961
885 1841
886 1081
886 1167
886 1193
886 1672
886 1704
888 1949
890 914
890 1863
891 1548
891 1773
892 1643
893 1444
893 1672
894 1132
894 1260
895 924
895 1121
895 1178
895 1179
896 1885
897 1196
897 1212
897 1253
897 1868
898 1065
898 1226
899 1042
900 1171
900 1471
901 1358
902 1915
903 1409
903 1458
904 1313
905 991
905 1022
906 1265
906 1424
907 1355
907 1583
907 1909
908 1446
909 1319
910 1039
910 1087
910 1444
911 1332
911 1493
913 1934
915 1183
915 1257
915 1274
915 1770
915 1810
915 1864
916 1128
916 1969
917 1071
917 1297
918 993
918 1474
918 1571
919 1464
920 1236
921 991
921 1479
921 1962
922 1627
922 1917
923 950
923 1055
923 1901
924 1183
924 1237
924 1664
924 1670
926 1082
927 1293
927 1889
928 1420
928 1747
929 1108
930 964
930 1648
931 1306
931 1322
931 1348
931 1689
931 1944
932 1619
932 1835
932 1930
933 1555
933 1974
934 1098
934 1439
934 1572
934 1624
934 1742
936 1296
936 1542
937 1324
937 1766
938 1637
939 1272
939 1289
939 1844
940 1281
940 1447
941 1284
941 1592
942 1504
942 1556
943 1181
943 1534
943 1842
943 1853
943 1875
944 1039
944 1458
944 1773
945 1347
946 1041
946 1364
947 1115
947 1243
948 1722
950 1369
950 1431
950 1592
951 1097
951 1485
951 1539
952 1617
952 1650
953 1269
954 1262
955 1717
955 1866
956 1181
956 1744
957 1741
958 1072
958 1752
959 1495
959 1758
959 1842
959 1991
960 1529
961 1527
962 1075
962 1667
963 1107
963 1186
963 1613
964 1777
964 1837
964 1891
964 1960
965 1477
966 1029
966 1030
966 1087
966 1613
966 1640
966 1883
967 1413
967 1523
967 1970
968 1386
968 1864
968 1942
969 1288
969 1339
969 1383
969 1627
970 1170
971 1097
972 1194
972 1247
972 1666
972 1924
973 1368
974 1208
974 1746
974 1791
974 1995
976 1444
976 1954
977 1010
977 1358
977 1366
978 1520
978 1675
979 1540
979 1615
979 1788
980 1409
981 1062
981 1770
982 1531
983 1992
984 1243
985 1873
985 1877
986 1404
986 1418
987 1663
987 1783
987 1869
989 1252
990 1198
991 1108
991 1333
992 1181
992 1442
993 1474
994 1510
994 1707
995 1485
996 1537
996 1809
997 1014
998 1168
998 1354
999 1425
1000 1581
1000 1755
1000 1978
1002 1078
1002 1390
1003 1038
1003 1365
1003 1775
1004 1609
1004 1745
1005 1225
1005 1230
1005 1532
1007 1247
1007 1537
1009 1080
1009 1091
1009 1193
1009 1442
1009 1818
1014 1372
1015 1929
1015 1958
1016 1259
1016 1301
1017 1152
1017 1900
1018 1316
1018 1581
1019 1407
1019 1449
1020 1050
1020 1495
1020 1682
1020 1707
1021 1364
1022 1195
1022 1261
1022 1515
1022 1799
1022 1964
1023 1179
1023 1886
1023 1936
1024 1028
1024 1763
1025 1372
1026 1362
1026 1523
1026 1802
1027 1416
1028 1225
1028 1505
1029 1912
1030 1159
1030 1179
1032 1082
1032 1317
1032 1355
1032 1466
1033 1052
1033 1450
1033 1467
1033 1517
1033 1784
1034 1417
1034 1888
1035 1047
1036 1084
1036 1155
1036 1422
1037 1654
1038 1738
1040 1292
1040 1479
1040 1481
1041 1394
1041 1410
1041 1597
1042 1383
1042 1648
1044 1142
1045 1104
1045 1837
1046 1186
1048 1139
1048 1223
1049 1202
1049 1588
1049 1972
1050 1247
1052 1390
1052 1502
1052 1839
1052 1945
1053 1088
1053 1107
1053 1406
1054 1110
1054 1200
1054 1328
1054 1641
1055 1570
1055 1704
1055 1842
1056 1300
1056 1535
1057 1604
1057 1636
1057 1747
1058 1241
1058 1664
1058 1940
1059 1393
1059 1587
1059 1954
1061 1518
1061 1793
1062 1405
1063 1309
1063 1626
1063 1772
1063 1790
1064 1460
1064 1469
1064 1879
1066 1345
1067 1946
1068 1450
1069 1128
1071 1275
1072 1638
1073 1695
1073 1711
1074 1295
1074 1721
1074 1961
1076 1575
1076 1662
1076 1723
1076 1750
1076 1967
1077 1291
1077 1763
1079 1487
1080 1286
1080 1350
1081 1667
1082 1133
1083 1243
1083 1618
1083 1854
1084 1809
1085 1251
1086 1454
1087 1809
1087 1945
1088 1176
1088 1210
1088 1591
1089 1237
1089 1999
1091 1634
1091 1664
1091 1891
1092 1472
1094 1415
1094 1902
1095 1847
1097 1452
1097 1478
1098 1198
1098 1228
1098 1572
1099 1149
1100 1908
1101 1913
1101 1936
1102 1174
1103 1443
1103 1555
1103 1711
1104 1933
1105 1673
1106 1164
1106 1504
1107 1183
1107 1525
1107 1650
1108 1969
1111 1242
1112 1849
1113 1482
1113 1545
1113 1759
1114 1336
1115 1956
1116 1500
1117 1166
1117 1828
1118 1255
1118 1321
1118 1946
1119 1543
1120 1833
1121 1321
1121 1369
1121 1667
1122 1449
1122 1677
1122 1704
1123 1291
1123 1895
1124 1187
1124 1372
1124 1659
1125 1870
1126 1179
1126 1593
1127 1943
1128 1204
1130 1191
1130 1256
1131 1474
1131 1843
1131 1849
1132 1614
1132 1645
1134 1178
1134 1441
1134 1825
1136 1872
1136 1944
1137 1166
1137 1588
1138 1239
1138 1327
1141 1740
1142 1373
1143 1229
1143 1720
1143 1793
1145 1397
1145 1548
1149 1222
1149 1453
1150 1557
1150 1694
1151 1379
1151 1478
1151 1644
1152 1420
1152 1799
1152 1989
1153 1373
1153 1408
1153 1575
1154 1260
1154 1860
1155 1386
1155 1927
1157 1172
1158 1188
1158 1485
1159 1615
1159 1696
1160 1353
1160 1777
1160 1976
1161 1268
1161 1285
1161 1465
1161 1498
1161 1763
1161 1830
1162 1515
1163 1659
1163 1701
1164 1456
1164 1475
1164 1698
1164 1734
1165 1626
1165 1653
1165 1767
1165 1831
1166 1289
1166 1730
1167 1195
1167 1830
1167 1967
1168 1567
1168 1997
1169 1288
1169 1299
1169 1936
1170 1981
1172 1827
1172 1924
1173 1437
1174 1179
1174 1348
1174 1501
1174 1719
1174 1819
1175 1461
1175 1700
1175 1853
1176 1879
1176 1886
1176 1972
1177 1688
1180 1473
1180 1966
1181 1311
1182 1767
1184 1605
1185 1288
1186 1536
1187 1922
1189 1659
1189 1976
1190 1433
1192 1317
1192 1417
1192 1583
1192 1723
1193 1393
1193 1949
1194 1737
1195 1447
1195 1477
1195 1591
1197 1553
1198 1305
1198 1731
1200 1256
1200 1856
1201 1314
1201 1433
1201 1723
1203 1355
1204 1740
1206 1850
1207 1406
1207 1615
1208 1635
1208 1655
1208 1721
1209 1227
1209 1448
1209 1741
1209 1913
1210 1386
1210 1608
1211 1398
1213 1244
1213 1462
1213 1572
1214 1410
1215 1301
1215 1392
1216 1516
1217 1413
1217 1845
1217 1878
1219 1700
1220 1298
1222 1903
1223 1346
1224 1627
1225 1357
1226 1517
1226 1822
1227 1841
1227 1922
1228 1863
1230 1987
1231 1409
1231 1508
1231 1614
1231 1764
1232 1401
1232 1775
1233 1747
1235 1411
1235 1564
1238 1353
1238 1570
1238 1667
1240 1363
1241 1864
1242 1293
1242 1381
1242 1402
1242 1558
1242 1890
1243 1479
1246 1884
1247 1614
1248 1343
1248 1698
1249 1345
1249 1999
1251 1535
1251 1590
1253 1460
1254 1600
1254 1601
1256 1407
1258 1605
1259 1959
1262 1699
1263 1283
1263 1545
1265 1837
1267 1318
1268 1270
1268 1785
1270 1359
1270 1442
1271 1614
1271 1929
1272 1297
1275 1625
1276 1748
1278 1349
1278 1462
1278 1469
1278 1746
1279 1381
1279 1393
1279 1626
1280 1346
1280 1713
1281 1471
1281 1862
1281 1893
1282 1450
1283 1316
1284 1838
1285 1739
1286 1332
1286 1661
1287 1532
1288 1377
1289 1596
1289 1808
1290 1761
1290 1971
1291 1557
1292 1650
1292 1651
1293 1342
1293 1500
1293 1528
1294 1404
1294 1522
1295 1539
1295 1642
1296 1304
1296 1545
1297 1419
1297 1522
1297 1745
1297 1865
1298 1453
1298 1627
1299 1827
1299 1851
1300 1573
1300 1700
1301 1455
1302 1396
1302 1757
1303 1702
1304 1639
1304 1924
1304 1946
1305 1344
1306 1538
1309 1731
1309 1872
1309 1961
1310 1670
1310 1769
1311 1639
1312 1621
1313 1479
1313 1626
1313 1782
1316 1521
1317 1371
1318 1454
1318 1595
1318 1641
1319 1576
1320 1458
1322 1470
1322 1520
1322 1783
1323 1403
1323 1796
1323 1994
1324 1710
1325 1357
1326 1916
1327 1455
1327 1883
1328 1831
1328 1916
1329 1422
1329 1867
1330 1372
1330 1738
1330 1741
1335 1453
1335 1937
1337 1555
1337 1567
1338 1566
1339 1355
1339 1547
1339 1657
1341 1541
1342 1550
1343 1808
1344 1383
1345 1699
1345 1726
1347 1366
1347 1566
1347 1819
1348 1462
1348 1955
1351 1686
1352 1723
1354 1576
1356 1494
1356 1917
1357 1628
1357 1725
1358 1742
1360 1434
1360 1976
1363 1488
1363 1913
1364 1774
1365 1729
1366 1612
1367 1379
1367 1659
1367 1982
1368 1562
1369 1753
1369 1975
1371 1373
1371 1564
1372 1594
1372 1665
1373 1971
1374 1508
1374 1517
1375 1501
1375 1779
1377 1628
1377 1895
1378 1771
1378 1819
1380 1576
1381 1624
1383 1444
1385 1637
1385 1811
1385 1826
1386 1424
1386 1737
1387 1563
1388 1570
1388 1862
1389 1430
1389 1452
1389 1881
1390 1434
1390 1564
1390 1782
1390 1802
1390 1898
1391 1641
1391 1915
1392 1548
1392 1796
1393 1561
1394 1831
1394 1898
1395 1651
1395 1737
1397 1799
1397 1902
1398 1547
1399 1682
1400 1632
1401 1472
1402 1504
1403 1734
1406 1584
1408 1689
1408 1702
1408 1943
1409 1523
1409 1964
1410 1949
1411 1429
1412 1593
1412 1944
1414 1416
1414 1571
1414 1851
1415 1606
1415 1837
1416 1937
1416 1970
1417 1464
1418 1551
1419 1546
1419 1631
1419 1704
1421 1589
1421 1713
1423 1736
1424 1586
1426 1597
1426 1690
1426 1889
1428 1876
1428 1928
1429 1735
1430 1979
1431 1488
1431 1686
1432 1551
1434 1843
1434 1876
1437 1761
1438 1583
1439 1740
1439 1785
1440 1742
1443 1672
1443 1906
1444 1499
1444 1877
1444 1921
1446 1616
1446 1825
1447 1579
1447 1889
1448 1873
1448 1996
1449 1881
1449 1936
1450 1673
1450 1888
1451 1547
1452 1573
1452 1683
1452 1968
1452 1975
1453 1457
1453 1463
1455 1853
1456 1992
1457 1923
1458 1618
1458 1626
1459 1771
1460 1757
1461 1930
1463 1541
1463 1995
1465 1569
1466 1922
1467 1478
1467 1707
1468 1902
1469 1598
1470 1739
1472 1566
1472 1799
1472 1921
1474 1489
1474 1509
1474 1534
1475 1492
1475 1709
1477 1796
1478 1521
1478 1846
1478 1853
1479 1958
1482 1872
1483 1593
1488 1913
1488 1994
1490 1557
1491 1783
1495 1898
1495 1915
1496 1727
1497 1720
1498 1514
1498 1700
1500 1922
1501 1526
1501 1751
1501 1939
1502 1997
1503 1993
1504 1587
1505 1525
1505 1671
1507 1567
1507 1710
1511 1980
1512 1862
1512 1874
1512 1901
1513 1677
1516 1604
1516 1714
1517 1528
1517 1912
1520 1608
1520 1924
1523 1878
1524 1557
1524 1845
1526 1527
1527 1787
1529 1630
1529 1779
1530 1637
1531 1845
1535 1647
1535 1842
1535 1900
1536 1625
1536 1723
1536 1831
1536 1839
1538 1900
1538 1964
1539 1754
1539 1919
1545 1656
1545 1938
1545 1957
1548 1863
1551 1632
1555 1652
1557 1775
1558 1573
1559 1799
1561 1594
1561 1658
1561 1976
1562 1896
1563 1799
1565 1806
1566 1950
1568 1823
1568 1831
1568 1947
1569 1862
1570 1852
1572 1808
1574 1873
1575 1939
1577 1747
1577 1751
1580 1800
1584 1874
1586 1714
1589 1698
1589 1887
1590 1874
1591 1717
1591 1808
1591 1966
1592 1830
1593 1610
1594 1914
1599 1987
1601 1930
1603 1914
1604 1987
1608 1730
1611 1889
1613 1619
1613 1639
1613 1654
1614 1833
1619 1968
1622 1759
1625 1811
1627 1768
1627 1911
1629 1633
1630 1928
1633 1757
1635 1781
1636 1793
1638 1804
1639 1999
1640 1972
1642 1987
1645 1684
1645 1728
1646 1760
1646 1966
1648 1969
1650 1684
1651 1864
1651 1980
1652 1823
1657 1677
1660 1849
1660 1910
1662 1771
1662 1910
1662 1952
1663 1869
1665 1699
1666 1710
1666 1787
1666 1847
1666 1968
1669 1933
1670 1921
1672 1963
1673 1967
1674 1949
1675 1992
1676 1986
1678 1779
1679 1971
1681 1720
1681 1907
1682 1772
1683 1687
1684 1838
1687 1714
1687 1913
1688 1871
1695 1806
1697 1862
1697 1911
1697 1991
1701 1891
1701 1970
1701 1983
1702 1763
1702 1845
1702 1853
1703 1775
1706 1807
1715 1981
1716 1760
1718 1937
1718 1985
1723 1905
1725 1911
1727 1983
1728 1887
1729 1851
1730 1736
1736 1919
1737 1957
1741 1870
1742 1774
1742 1839
1743 1880
1743 1882
1745 1774
1745 1892
1747 1873
1748 1843
1749 1965
1750 1801
1752 1924
1752 1940
1758 1962
1763 1973
1768 1961
1771 1794
1772 1968
1776 1955
1778 1870
1779 1909
1781 1846
1782 1943
1784 1994
1785 1907
1785 1961
1790 1875
1792 1799
1792 1992
1793 1861
1793 1930
1796 1949
1799 1891
1799 1987
1812 1969
1814 1913
1819 1996
1820 1988
1825 1903
1828 1843
1833 1888
1839 1925
1841 1871
1843 1942
1849 1967
1853 1923
1855 1888
1856 1905
1857 1922
1857 1936
1858 1943
1861 1886
1878 1896
1881 1955
1881 1993
1883 1927
1889 1996
1892 1943
1892 1974
1893 1900
1895 1964
1900 1920
1905 1996
1908 1964
1914 1920
1917 1957
1920 1962
1932 1956
1937 1960
1969 1984
