2000 5960
0 1
0 1999
0 2
0 1998
0 626
0 1667
0 781
0 776
0 1944
1 2
1 3
1 1999
1 951
2 3
2 4
2 1955
3 4
3 5
3 786
3 1195
3 1670
4 5
4 6
4 665
5 6
5 7
5 1478
6 7
6 8
6 462
7 8
7 9
7 1590
8 9
8 10
8 1715
9 10
9 11
9 421
9 1293
10 11
10 12
10 1462
11 12
11 13
11 624
12 13
12 14
12 1541
13 14
13 15
13 558
13 1818
14 15
14 16
14 138
14 1469
15 16
15 17
15 1862
15 665
16 17
16 18
16 455
17 18
17 19
17 1198
18 19
18 20
18 1707
19 20
19 21
19 1917
20 21
20 22
20 1807
21 22
21 23
21 1554
21 1835
21 908
22 23
22 24
22 1820
22 624
22 921
23 24
23 25
23 514
23 1168
24 25
24 26
24 602
24 1784
25 26
25 27
25 1542
26 27
26 28
26 1470
26 377
27 28
27 29
27 71
27 1856
27 1904
28 29
28 30
28 285
29 30
29 31
29 1326
29 1516
30 31
30 32
30 1338
30 430
30 1504
30 1621
31 32
31 33
31 1604
31 105
31 790
31 1502
32 33
32 34
32 941
32 629
32 911
32 1100
33 34
33 35
33 810
33 518
33 433
33 1355
34 35
34 36
34 1719
34 481
35 36
35 37
35 648
35 428
35 1992
36 37
36 38
37 38
37 39
37 330
37 510
37 737
38 39
38 40
38 1792
38 1680
39 40
39 41
39 622
39 130
40 41
40 42
40 1520
40 239
41 42
41 43
42 43
42 44
42 992
43 44
43 45
43 648
43 834
43 1433
43 1735
44 45
44 46
44 1849
44 381
45 46
45 47
45 1089
45 1991
46 47
46 48
46 651
46 191
46 1821
47 48
47 49
47 1429
47 1017
47 1066
48 49
48 50
48 820
49 50
49 51
49 1815
49 1304
49 1982
50 51
50 52
51 52
51 53
52 53
52 54
52 1589
52 366
53 54
53 55
54 55
54 56
54 1145
54 973
55 56
55 57
55 203
55 1122
56 57
56 58
56 1070
57 58
57 59
57 1073
58 59
58 60
58 1812
59 60
59 61
59 1813
60 61
60 62
60 478
61 62
61 63
61 1650
61 1936
62 63
62 64
62 1055
62 312
63 64
63 65
63 1064
63 1162
63 1750
64 65
64 66
64 575
65 66
65 67
65 858
65 441
65 1292
65 1396
66 67
66 68
66 872
66 535
66 1799
67 68
67 69
67 854
68 69
68 70
68 590
69 70
69 71
69 1036
69 487
69 810
69 919
70 71
70 72
70 113
71 72
71 73
71 1120
71 1534
72 73
72 74
72 944
72 202
73 74
73 75
73 785
73 1049
74 75
74 76
74 1309
74 1220
75 76
75 77
75 1093
76 77
76 78
76 1762
77 78
77 79
77 1473
77 1577
77 1144
78 79
78 80
78 791
78 281
79 80
79 81
80 81
80 82
80 744
80 1659
80 1015
81 82
81 83
81 111
81 1342
82 83
82 84
82 817
83 84
83 85
83 1539
84 85
84 86
84 696
85 86
85 87
85 1840
85 1292
85 833
86 87
86 88
86 735
86 1493
87 88
87 89
87 933
88 89
88 90
88 1369
88 1053
89 90
89 91
89 910
89 178
89 1030
90 91
90 92
90 1756
90 120
90 771
91 92
91 93
91 195
91 1612
92 93
92 94
92 857
92 370
92 1356
93 94
93 95
93 397
93 643
94 95
94 96
94 1482
95 96
95 97
95 510
96 97
96 98
96 913
97 98
97 99
97 1550
97 1254
97 977
97 1388
98 99
98 100
98 557
98 1074
98 1664
99 100
99 101
99 155
99 1167
100 101
100 102
100 890
100 1443
100 121
100 560
100 764
101 102
101 103
101 1833
101 1022
101 1186
102 103
102 104
102 1397
103 104
103 105
104 105
104 106
104 1675
104 1282
105 106
105 107
105 347
105 1676
105 1683
106 107
106 108
106 1499
106 1743
107 108
107 109
107 1380
107 136
107 568
108 109
108 110
108 1986
109 110
109 111
109 179
109 1287
109 524
110 111
110 112
110 1556
110 1553
110 691
111 112
111 113
111 1046
111 1459
112 113
112 114
112 1895
112 672
113 114
113 115
113 1441
113 1581
114 115
114 116
114 703
115 116
115 117
115 1835
116 117
116 118
116 484
116 1594
116 247
117 118
117 119
117 1603
117 1407
118 119
118 120
118 1462
119 120
119 121
119 1308
120 121
120 122
120 709
120 579
121 122
121 123
121 534
121 1700
122 123
122 124
122 454
122 711
122 817
123 124
123 125
124 125
124 126
124 769
124 939
124 966
125 126
125 127
125 897
125 984
126 127
126 128
126 624
127 128
127 129
127 505
127 1194
128 129
128 130
128 446
128 570
128 1202
129 130
129 131
129 209
129 1266
130 131
130 132
130 1073
131 132
131 133
131 549
131 758
132 133
132 134
132 1069
132 498
133 134
133 135
133 1551
133 774
134 135
134 136
134 1732
135 136
135 137
135 1336
136 137
136 138
137 138
137 139
137 1612
138 139
138 140
138 1226
139 140
139 141
139 214
140 141
140 142
140 251
140 745
141 142
141 143
141 704
142 143
142 144
142 1477
142 1486
143 144
143 145
143 1737
143 700
143 671
143 746
143 756
144 145
144 146
144 173
144 1455
144 1684
144 1793
145 146
145 147
145 1200
145 1842
146 147
146 148
146 1575
146 1509
147 148
147 149
148 149
148 150
148 1806
148 1821
148 1874
149 150
149 151
149 1061
150 151
150 152
150 947
151 152
151 153
151 267
151 1883
151 1957
152 153
152 154
152 1251
153 154
153 155
154 155
154 156
154 1039
154 978
155 156
155 157
155 1009
155 794
156 157
156 158
156 1700
156 1098
157 158
157 159
157 1686
157 1373
158 159
158 160
158 1562
159 160
159 161
159 1320
160 161
160 162
161 162
161 163
161 1993
161 362
162 163
162 164
163 164
163 165
163 543
163 1529
163 1327
164 165
164 166
164 1379
164 1546
165 166
165 167
165 1856
166 167
166 168
166 1314
166 1195
166 1280
167 168
167 169
167 723
167 1045
167 1161
168 169
168 170
168 1464
168 1568
169 170
169 171
169 1201
169 775
169 1557
170 171
170 172
170 1530
170 1935
171 172
171 173
171 998
171 1771
171 282
171 564
171 1052
171 1343
172 173
172 174
173 174
173 175
173 1011
174 175
174 176
174 722
174 932
175 176
175 177
175 1308
175 1522
176 177
176 178
176 1632
177 178
177 179
177 1346
177 614
178 179
178 180
179 180
179 181
179 1763
180 181
180 182
180 1585
180 957
180 1726
181 182
181 183
181 1026
182 183
182 184
182 933
182 337
182 1772
183 184
183 185
183 1806
183 1674
184 185
184 186
184 1907
185 186
185 187
185 1007
185 1006
185 211
185 322
185 606
186 187
186 188
186 1623
186 1854
187 188
187 189
187 1892
187 398
188 189
188 190
189 190
189 191
189 1344
190 191
190 192
190 389
190 607
190 257
190 1616
191 192
191 193
191 475
192 193
192 194
192 844
193 194
193 195
193 1537
194 195
194 196
194 1373
194 1707
194 547
195 196
195 197
195 547
195 1604
195 1944
196 197
196 198
196 1443
196 969
196 1818
197 198
197 199
197 523
198 199
198 200
198 1327
199 200
199 201
199 511
199 1733
200 201
200 202
200 1295
200 943
200 1904
201 202
201 203
201 273
201 725
201 935
202 203
202 204
202 1651
203 204
203 205
203 1423
204 205
204 206
204 963
205 206
205 207
205 1915
205 630
206 207
206 208
206 1358
206 900
206 241
206 723
206 869
207 208
207 209
207 1043
207 1082
208 209
208 210
208 1937
208 1497
209 210
209 211
210 211
210 212
210 1377
210 1995
211 212
211 213
212 213
212 214
212 1298
212 299
212 254
213 214
213 215
213 548
213 1150
214 215
214 216
214 1520
215 216
215 217
215 561
215 1163
216 217
216 218
217 218
217 219
217 1499
218 219
218 220
218 868
218 1354
219 220
219 221
219 232
220 221
220 222
220 575
221 222
221 223
221 1866
222 223
222 224
222 1083
222 1511
223 224
223 225
223 470
223 1857
224 225
224 226
224 744
224 1861
225 226
225 227
226 227
226 228
226 1643
227 228
227 229
227 550
227 1824
228 229
228 230
228 995
228 1142
228 1441
228 1741
228 1908
229 230
229 231
229 1089
230 231
230 232
230 738
231 232
231 233
231 368
231 1163
231 681
231 1488
232 233
232 234
232 277
232 301
232 1804
233 234
233 235
233 584
233 1479
233 1819
234 235
234 236
234 1103
234 840
235 236
235 237
235 1725
236 237
236 238
236 496
236 552
237 238
237 239
237 1707
237 1875
238 239
238 240
239 240
239 241
239 454
240 241
240 242
240 1802
240 557
240 617
241 242
241 243
241 1364
241 655
242 243
242 244
242 864
242 1015
242 1994
243 244
243 245
244 245
244 246
244 1634
245 246
245 247
245 1987
246 247
246 248
246 1737
246 1763
247 248
247 249
247 522
247 1301
248 249
248 250
248 544
249 250
249 251
249 581
250 251
250 252
250 487
250 1173
251 252
251 253
251 762
251 1673
251 1082
252 253
252 254
252 1414
253 254
253 255
253 764
253 776
253 899
254 255
254 256
254 1053
254 622
255 256
255 257
255 1670
255 1184
256 257
256 258
256 355
256 873
257 258
257 259
257 572
258 259
258 260
258 1547
258 836
259 260
259 261
259 956
259 1081
259 1704
260 261
260 262
260 605
261 262
261 263
261 532
261 535
261 1580
262 263
262 264
262 489
262 1061
263 264
263 265
263 1485
263 1440
263 681
264 265
264 266
264 1118
265 266
265 267
265 292
265 336
266 267
266 268
266 1499
267 268
267 269
268 269
268 270
268 1162
268 855
268 438
268 1868
268 1948
269 270
269 271
269 1967
269 1470
270 271
270 272
271 272
271 273
271 720
272 273
272 274
272 1959
272 1278
272 1059
273 274
273 275
273 717
274 275
274 276
275 276
275 277
275 1920
275 1798
276 277
276 278
276 1990
276 1345
276 1582
277 278
277 279
277 1426
278 279
278 280
279 280
279 281
279 1036
279 910
280 281
280 282
280 417
280 569
281 282
281 283
281 1563
282 283
282 284
283 284
283 285
283 1518
283 357
283 437
283 1019
284 285
284 286
285 286
285 287
285 1478
285 1622
286 287
286 288
286 1631
287 288
287 289
287 1174
287 1366
288 289
288 290
288 1788
289 290
289 291
289 648
290 291
290 292
290 1309
291 292
291 293
291 1168
291 1608
291 525
292 293
292 294
292 1595
292 1964
293 294
293 295
293 400
293 659
294 295
294 296
294 1618
294 1040
295 296
295 297
295 1850
295 1805
296 297
296 298
296 378
296 509
297 298
297 299
297 392
298 299
298 300
298 435
298 668
299 300
299 301
299 1297
300 301
300 302
300 1190
301 302
301 303
301 791
302 303
302 304
302 1765
303 304
303 305
303 1107
303 1924
304 305
304 306
304 1275
305 306
305 307
305 510
306 307
306 308
306 639
306 1673
306 1263
307 308
307 309
307 316
307 520
308 309
308 310
308 1063
308 976
308 1370
309 310
309 311
309 793
310 311
310 312
310 1618
310 779
310 1592
311 312
311 313
312 313
312 314
312 1050
312 1813
313 314
313 315
313 1358
314 315
314 316
314 1661
315 316
315 317
315 1686
316 317
316 318
316 1477
317 318
317 319
317 1996
318 319
318 320
318 1808
318 1419
319 320
319 321
319 415
320 321
320 322
320 1442
320 1574
321 322
321 323
321 1840
322 323
322 324
322 370
323 324
323 325
324 325
324 326
324 1172
325 326
325 327
325 814
325 944
326 327
326 328
326 1085
327 328
327 329
327 1288
327 786
328 329
328 330
329 330
329 331
329 454
330 331
330 332
330 1815
330 1359
331 332
331 333
332 333
332 334
333 334
333 335
333 660
333 1445
334 335
334 336
334 373
334 642
334 1912
335 336
335 337
335 404
336 337
336 338
337 338
337 339
337 438
337 806
338 339
338 340
338 1075
338 522
339 340
339 341
339 1806
339 404
339 831
340 341
340 342
340 756
340 514
341 342
341 343
341 709
342 343
342 344
342 421
342 1985
343 344
343 345
343 1124
343 1154
344 345
344 346
344 516
345 346
345 347
345 1315
345 1711
346 347
346 348
346 1972
347 348
347 349
347 534
348 349
348 350
348 1727
349 350
349 351
349 1528
350 351
350 352
350 1092
350 1271
351 352
351 353
351 1888
351 1061
351 916
351 1464
351 1650
352 353
352 354
352 406
352 936
353 354
353 355
353 1710
354 355
354 356
354 1185
355 356
355 357
355 501
355 706
355 871
356 357
356 358
356 1975
356 1896
356 1570
357 358
357 359
357 1565
358 359
358 360
358 1252
359 360
359 361
359 1355
359 382
359 855
359 1779
360 361
360 362
360 1381
361 362
361 363
361 1542
361 1083
362 363
362 364
362 1574
363 364
363 365
363 1022
363 1395
364 365
364 366
365 366
365 367
365 806
366 367
366 368
367 368
367 369
367 412
367 1712
367 858
367 1583
367 1669
368 369
368 370
368 1343
368 1775
369 370
369 371
369 1402
369 1999
370 371
370 372
371 372
371 373
371 1943
371 1558
372 373
372 374
373 374
373 375
373 1675
374 375
374 376
374 1853
374 1381
375 376
375 377
375 1142
375 695
376 377
376 378
376 1695
377 378
377 379
377 661
377 707
378 379
378 380
378 1745
378 1625
378 1850
379 380
379 381
380 381
380 382
380 1168
380 1823
381 382
381 383
382 383
382 384
382 479
383 384
383 385
383 1881
384 385
384 386
384 917
384 1342
385 386
385 387
386 387
386 388
387 388
387 389
387 666
388 389
388 390
388 1704
389 390
389 391
389 1468
390 391
390 392
390 528
391 392
391 393
391 1940
391 791
391 1179
392 393
392 394
393 394
393 395
393 845
393 601
394 395
394 396
394 450
395 396
395 397
395 1922
395 1079
395 704
395 749
396 397
396 398
397 398
397 399
397 745
397 877
397 1748
398 399
398 400
399 400
399 401
399 910
399 1827
400 401
400 402
400 1878
401 402
401 403
401 445
402 403
402 404
402 1830
402 1868
403 404
403 405
403 1583
404 405
404 406
405 406
405 407
405 1694
406 407
406 408
406 1278
407 408
407 409
407 758
407 488
408 409
408 410
408 778
408 1512
409 410
409 411
409 1430
410 411
410 412
410 1063
411 412
411 413
411 1160
411 1012
411 482
412 413
412 414
412 1718
412 1930
413 414
413 415
413 1265
413 1455
413 445
413 858
413 1766
414 415
414 416
414 1482
415 416
415 417
415 1335
416 417
416 418
417 418
417 419
418 419
418 420
418 1339
419 420
419 421
419 686
420 421
420 422
420 751
420 489
420 1524
421 422
421 423
421 1754
422 423
422 424
422 1220
422 1440
423 424
423 425
424 425
424 426
424 554
424 1893
425 426
425 427
426 427
426 428
427 428
427 429
427 658
427 605
428 429
428 430
428 568
428 750
428 1271
429 430
429 431
429 1890
430 431
430 432
430 623
430 836
431 432
431 433
431 479
431 1045
431 1740
432 433
432 434
432 1338
433 434
433 435
433 1146
433 1014
433 1756
434 435
434 436
434 1957
435 436
435 437
435 929
435 1708
436 437
436 438
436 1701
437 438
437 439
437 1486
438 439
438 440
438 1929
439 440
439 441
439 1771
439 787
440 441
440 442
440 863
440 1947
441 442
441 443
441 1275
441 1111
441 1417
442 443
442 444
442 1530
442 1869
443 444
443 445
443 545
444 445
444 446
445 446
445 447
445 635
445 828
445 861
445 1654
446 447
446 448
446 1400
447 448
447 449
447 1869
447 1292
448 449
448 450
448 1381
449 450
449 451
449 873
449 682
450 451
450 452
450 1727
451 452
451 453
452 453
452 454
452 1417
452 1814
453 454
453 455
454 455
454 456
454 1553
455 456
455 457
455 1414
455 1304
456 457
456 458
456 1888
457 458
457 459
457 1302
457 1137
458 459
458 460
458 1107
459 460
459 461
459 1306
459 1263
459 643
460 461
460 462
460 1710
460 919
460 1649
461 462
461 463
462 463
462 464
462 1489
463 464
463 465
463 1818
464 465
464 466
465 466
465 467
466 467
466 468
466 900
466 499
466 1331
467 468
467 469
468 469
468 470
468 540
468 1196
469 470
469 471
469 554
470 471
470 472
471 472
471 473
471 504
471 914
472 473
472 474
472 1964
473 474
473 475
473 1678
474 475
474 476
474 1249
475 476
475 477
476 477
476 478
477 478
477 479
477 645
477 529
477 1357
478 479
478 480
478 1023
479 480
479 481
479 1297
479 1938
480 481
480 482
480 1295
481 482
481 483
481 1601
481 1878
482 483
482 484
482 558
482 881
483 484
483 485
483 989
483 1843
484 485
484 486
484 1220
484 643
485 486
485 487
486 487
486 488
486 1463
487 488
487 489
487 1733
487 705
488 489
488 490
488 1148
488 616
488 1287
488 1808
489 490
489 491
490 491
490 492
490 1305
490 517
490 684
491 492
491 493
491 864
492 493
492 494
492 1662
492 1681
493 494
493 495
493 732
494 495
494 496
494 1310
494 1474
494 1331
495 496
495 497
495 1341
496 497
496 498
496 783
497 498
497 499
498 499
498 500
498 664
498 998
498 1329
499 500
499 501
499 1072
499 1962
499 1966
500 501
500 502
500 818
500 870
501 502
501 503
501 769
501 1745
501 1314
502 503
502 504
502 745
503 504
503 505
504 505
504 506
504 628
504 1802
505 506
505 507
505 1633
505 1866
506 507
506 508
507 508
507 509
508 509
508 510
508 1356
508 1531
509 510
509 511
509 1746
509 759
509 1072
510 511
510 512
511 512
511 513
511 933
512 513
512 514
512 1547
512 1965
513 514
513 515
513 1068
513 939
514 515
514 516
515 516
515 517
515 670
515 1910
516 517
516 518
517 518
517 519
517 1176
517 1497
518 519
518 520
518 1690
518 621
518 1500
519 520
519 521
519 1961
520 521
520 522
520 1537
521 522
521 523
521 1886
521 885
521 841
521 1298
521 1847
522 523
522 524
522 719
523 524
523 525
523 711
523 534
524 525
524 526
524 885
524 1518
524 1574
525 526
525 527
525 1596
526 527
526 528
526 1211
527 528
527 529
527 1029
527 1452
528 529
528 530
528 1227
528 1242
528 1488
529 530
529 531
529 1234
530 531
530 532
530 1429
531 532
531 533
531 1941
532 533
532 534
532 638
533 534
533 535
533 1603
534 535
534 536
534 1469
535 536
535 537
536 537
536 538
536 1715
537 538
537 539
537 1343
537 1605
538 539
538 540
539 540
539 541
539 1958
540 541
540 542
540 1225
541 542
541 543
542 543
542 544
542 1691
542 1897
543 544
543 545
543 1341
544 545
544 546
544 1824
544 1129
545 546
545 547
546 547
546 548
547 548
547 549
547 601
547 1955
548 549
548 550
548 1197
549 550
549 551
549 901
549 600
550 551
550 552
550 1214
550 1873
550 1077
550 1822
551 552
551 553
551 1842
551 603
551 930
552 553
552 554
552 1380
553 554
553 555
553 1377
553 631
553 1044
554 555
554 556
554 670
555 556
555 557
556 557
556 558
557 558
557 559
558 559
558 560
558 1547
559 560
559 561
559 843
560 561
560 562
560 1780
560 1256
561 562
561 563
561 1755
561 1145
562 563
562 564
562 868
562 1321
563 564
563 565
564 565
564 566
564 1261
565 566
565 567
565 729
565 1728
566 567
566 568
566 1556
566 1958
567 568
567 569
567 707
567 1667
568 569
568 570
569 570
569 571
570 571
570 572
571 572
571 573
571 793
571 1214
572 573
572 574
572 1645
572 798
572 927
572 1363
573 574
573 575
574 575
574 576
574 892
575 576
575 577
575 1783
575 715
576 577
576 578
576 1917
576 680
576 1051
577 578
577 579
577 1284
577 1328
577 1600
578 579
578 580
578 1977
579 580
579 581
579 625
580 581
580 582
580 1479
580 1334
581 582
581 583
581 1451
581 1744
581 1257
582 583
582 584
582 949
582 928
583 584
583 585
584 585
584 586
584 1008
584 1083
585 586
585 587
585 1110
585 870
585 985
585 1442
585 1588
586 587
586 588
586 1073
586 1735
586 1568
587 588
587 589
588 589
588 590
588 1310
588 1485
589 590
589 591
589 1632
590 591
590 592
590 1832
590 1152
591 592
591 593
591 863
591 1603
591 1774
592 593
592 594
592 1400
593 594
593 595
593 973
593 800
593 1913
594 595
594 596
594 1177
594 1803
595 596
595 597
596 597
596 598
597 598
597 599
597 976
597 1980
598 599
598 600
599 600
599 601
599 1163
599 848
599 839
599 1521
600 601
600 602
600 900
600 1318
600 1744
601 602
601 603
601 980
601 1849
602 603
602 604
602 1798
603 604
603 605
603 839
603 1605
603 1401
603 1406
604 605
604 606
604 1598
605 606
605 607
605 904
606 607
606 608
606 1785
606 718
606 742
607 608
607 609
607 942
607 1322
607 1423
608 609
608 610
609 610
609 611
609 1354
610 611
610 612
610 933
611 612
611 613
612 613
612 614
612 1132
612 1370
612 1571
613 614
613 615
613 700
614 615
614 616
615 616
615 617
615 1509
615 1533
615 1083
616 617
616 618
616 1433
616 1922
617 618
617 619
617 1456
618 619
618 620
618 1353
618 1411
618 1658
619 620
619 621
619 1419
620 621
620 622
620 1902
620 789
621 622
621 623
621 1217
622 623
622 624
622 1575
623 624
623 625
624 625
624 626
625 626
625 627
625 1330
626 627
626 628
626 1759
626 1977
627 628
627 629
628 629
628 630
628 1239
629 630
629 631
629 1774
630 631
630 632
631 632
631 633
632 633
632 634
632 1976
633 634
633 635
633 838
634 635
634 636
634 1862
635 636
635 637
635 1868
635 1942
636 637
636 638
636 1761
637 638
637 639
637 997
637 757
637 711
638 639
638 640
638 1656
639 640
639 641
639 831
639 1758
640 641
640 642
640 1274
640 749
640 1317
640 1889
641 642
641 643
641 1742
641 1785
642 643
642 644
642 1155
643 644
643 645
643 1783
644 645
644 646
644 1430
644 1098
645 646
645 647
646 647
646 648
647 648
647 649
647 1506
648 649
648 650
649 650
649 651
649 1229
649 1673
650 651
650 652
650 766
651 652
651 653
651 709
651 1202
652 653
652 654
653 654
653 655
653 863
654 655
654 656
654 1414
655 656
655 657
656 657
656 658
656 1560
656 1721
657 658
657 659
657 1299
657 1035
658 659
658 660
658 1504
658 1559
659 660
659 661
659 1043
660 661
660 662
661 662
661 663
661 899
661 1071
661 1346
661 1831
662 663
662 664
663 664
663 665
663 670
664 665
664 666
664 1557
664 1945
665 666
665 667
665 973
665 913
665 1475
666 667
666 668
666 1362
667 668
667 669
667 1534
667 1370
667 1590
668 669
668 670
669 670
669 671
669 1152
669 1942
670 671
670 672
671 672
671 673
672 673
672 674
673 674
673 675
673 826
673 972
674 675
674 676
674 1598
675 676
675 677
675 966
675 1278
676 677
676 678
677 678
677 679
677 765
678 679
678 680
679 680
679 681
679 1270
679 1915
680 681
680 682
680 1006
680 1729
680 1777
681 682
681 683
682 683
682 684
682 1493
682 1724
683 684
683 685
683 1409
683 1433
684 685
684 686
684 785
685 686
685 687
685 777
685 1190
686 687
686 688
686 1759
686 1914
687 688
687 689
687 1888
688 689
688 690
688 1436
688 1923
689 690
689 691
689 784
690 691
690 692
690 1894
691 692
691 693
691 1162
692 693
692 694
692 1977
693 694
693 695
693 1276
693 708
694 695
694 696
694 1990
695 696
695 697
695 1247
696 697
696 698
696 752
697 698
697 699
698 699
698 700
698 1542
699 700
699 701
700 701
700 702
700 1713
700 1772
701 702
701 703
702 703
702 704
702 1144
703 704
703 705
703 1137
703 1597
704 705
704 706
704 1456
705 706
705 707
705 1627
705 1987
706 707
706 708
706 1768
706 1769
707 708
707 709
707 1419
708 709
708 710
708 1415
709 710
709 711
709 1753
710 711
710 712
711 712
711 713
711 1762
712 713
712 714
712 1698
713 714
713 715
713 1547
714 715
714 716
714 874
715 716
715 717
715 835
716 717
716 718
716 1153
716 928
717 718
717 719
717 1745
718 719
718 720
719 720
719 721
719 1384
720 721
720 722
720 1675
721 722
721 723
721 1301
722 723
722 724
722 1010
722 1525
722 1725
723 724
723 725
723 1150
724 725
724 726
725 726
725 727
725 1344
726 727
726 728
726 1053
726 820
726 849
727 728
727 729
727 1953
727 1773
728 729
728 730
729 730
729 731
729 755
730 731
730 732
730 1865
730 856
730 991
731 732
731 733
732 733
732 734
732 1519
732 1772
733 734
733 735
734 735
734 736
734 940
735 736
735 737
735 781
736 737
736 738
736 920
736 1248
737 738
737 739
737 1373
738 739
738 740
738 1201
739 740
739 741
739 1087
740 741
740 742
740 1588
740 1634
741 742
741 743
741 891
742 743
742 744
743 744
743 745
743 1229
743 1030
743 1441
744 745
744 746
744 1237
744 1783
745 746
745 747
746 747
746 748
746 1525
747 748
747 749
747 839
747 1336
747 1946
748 749
748 750
748 1998
749 750
749 751
749 1496
750 751
750 752
751 752
751 753
751 1377
752 753
752 754
753 754
753 755
753 1034
753 1178
754 755
754 756
754 1732
755 756
755 757
756 757
756 758
757 758
757 759
758 759
758 760
758 1739
759 760
759 761
760 761
760 762
760 1658
760 1814
761 762
761 763
762 763
762 764
762 866
762 1355
763 764
763 765
763 1412
763 1580
764 765
764 766
765 766
765 767
766 767
766 768
766 1119
766 1694
767 768
767 769
767 1627
767 1537
767 1021
768 769
768 770
768 1986
768 1364
769 770
769 771
770 771
770 772
771 772
771 773
772 773
772 774
772 1724
772 906
773 774
773 775
773 814
773 1591
774 775
774 776
775 776
775 777
775 1401
776 777
776 778
776 1627
777 778
777 779
778 779
778 780
778 1661
779 780
779 781
779 861
780 781
780 782
780 1797
780 1080
781 782
781 783
781 1947
782 783
782 784
782 1473
783 784
783 785
783 908
783 1730
784 785
784 786
785 786
785 787
785 1036
785 1081
786 787
786 788
786 1351
786 1732
787 788
787 789
787 942
787 1790
788 789
788 790
788 1806
788 988
789 790
789 791
789 1277
789 865
790 791
790 792
790 917
790 1323
790 1492
791 792
791 793
792 793
792 794
792 1010
793 794
793 795
794 795
794 796
795 796
795 797
795 824
796 797
796 798
796 825
796 1448
796 1961
797 798
797 799
797 1140
798 799
798 800
799 800
799 801
799 1978
800 801
800 802
801 802
801 803
801 825
802 803
802 804
802 953
802 1140
802 1390
803 804
803 805
803 1137
803 1798
804 805
804 806
804 1680
804 1810
805 806
805 807
805 1710
805 1597
806 807
806 808
807 808
807 809
807 1072
807 891
808 809
808 810
808 1416
809 810
809 811
810 811
810 812
811 812
811 813
811 1756
812 813
812 814
812 1042
812 1698
812 1997
813 814
813 815
813 1307
813 1577
813 1770
814 815
814 816
814 1992
815 816
815 817
816 817
816 818
817 818
817 819
818 819
818 820
818 928
819 820
819 821
819 1610
820 821
820 822
820 1373
820 897
820 924
820 1285
821 822
821 823
821 1055
821 997
821 939
821 996
822 823
822 824
823 824
823 825
824 825
824 826
824 890
825 826
825 827
826 827
826 828
826 1741
827 828
827 829
827 1656
828 829
828 830
828 984
829 830
829 831
829 1811
829 1554
830 831
830 832
830 1747
831 832
831 833
831 1485
831 1742
832 833
832 834
832 1190
832 1210
832 887
832 1589
833 834
833 835
834 835
834 836
834 1278
834 1254
834 1302
835 836
835 837
835 1413
836 837
836 838
837 838
837 839
837 928
837 899
837 1496
838 839
838 840
839 840
839 841
839 1757
840 841
840 842
840 980
840 1351
841 842
841 843
842 843
842 844
842 1391
842 1788
842 1728
843 844
843 845
844 845
844 846
844 1598
845 846
845 847
845 922
846 847
846 848
846 1227
847 848
847 849
847 908
847 1272
848 849
848 850
848 1687
848 878
849 850
849 851
849 980
850 851
850 852
850 1218
850 1559
851 852
851 853
852 853
852 854
852 1373
853 854
853 855
853 1640
854 855
854 856
854 1756
855 856
855 857
855 905
856 857
856 858
856 1991
857 858
857 859
858 859
858 860
859 860
859 861
859 1928
859 1444
860 861
860 862
861 862
861 863
861 1873
861 1468
862 863
862 864
862 1635
863 864
863 865
863 1724
864 865
864 866
864 1198
864 1875
865 866
865 867
865 1652
866 867
866 868
866 1466
866 1816
867 868
867 869
867 1403
867 1302
868 869
868 870
868 1904
869 870
869 871
869 1351
870 871
870 872
871 872
871 873
871 1244
871 1920
872 873
872 874
872 1316
873 874
873 875
873 1326
874 875
874 876
874 1196
875 876
875 877
875 1854
876 877
876 878
876 1017
876 926
877 878
877 879
877 1344
877 1609
878 879
878 880
879 880
879 881
880 881
880 882
880 1608
881 882
881 883
881 1848
882 883
882 884
882 1845
882 1375
883 884
883 885
883 1414
883 1855
884 885
884 886
885 886
885 887
885 1062
886 887
886 888
886 1349
887 888
887 889
887 1880
888 889
888 890
888 1196
888 940
889 890
889 891
890 891
890 892
890 1449
891 892
891 893
891 1767
892 893
892 894
892 1385
893 894
893 895
893 1012
893 1265
894 895
894 896
894 1851
895 896
895 897
895 1375
895 1223
895 1387
896 897
896 898
896 1116
896 1885
897 898
897 899
897 1627
898 899
898 900
898 1963
899 900
899 901
899 1899
900 901
900 902
900 1214
901 902
901 903
901 1910
901 1459
902 903
902 904
903 904
903 905
903 1238
904 905
904 906
905 906
905 907
905 1886
906 907
906 908
906 1101
906 1357
907 908
907 909
907 999
907 1077
907 1320
907 1551
907 1645
908 909
908 910
908 1591
909 910
909 911
910 911
910 912
911 912
911 913
912 913
912 914
912 1945
913 914
913 915
913 1874
914 915
914 916
914 1426
915 916
915 917
915 1564
915 1739
916 917
916 918
916 1693
917 918
917 919
917 1180
917 1430
918 919
918 920
918 1666
919 920
919 921
920 921
920 922
920 1311
920 1549
921 922
921 923
922 923
922 924
922 1962
922 1214
923 924
923 925
924 925
924 926
925 926
925 927
925 1423
925 985
925 1910
926 927
926 928
926 1567
927 928
927 929
927 1094
927 1375
928 929
928 930
929 930
929 931
929 1254
930 931
930 932
930 1050
931 932
931 933
931 1597
931 1412
931 1609
932 933
932 934
932 1040
932 1157
932 1545
933 934
933 935
934 935
934 936
934 1101
934 1425
935 936
935 937
935 1340
936 937
936 938
936 1593
937 938
937 939
938 939
938 940
938 1836
938 1258
939 940
939 941
939 1817
940 941
940 942
940 1495
940 1261
941 942
941 943
941 1526
941 1591
942 943
942 944
942 1868
942 1038
942 1065
943 944
943 945
944 945
944 946
945 946
945 947
945 1756
945 963
945 1146
946 947
946 948
946 1815
946 1662
946 1701
947 948
947 949
947 1613
948 949
948 950
948 954
949 950
949 951
949 1897
950 951
950 952
951 952
951 953
951 1175
952 953
952 954
952 1173
953 954
953 955
953 1412
954 955
954 956
954 997
954 1000
955 956
955 957
955 1103
955 1644
956 957
956 958
956 1864
956 1793
957 958
957 959
957 1698
958 959
958 960
958 1930
959 960
959 961
960 961
960 962
960 1954
960 1009
960 1570
961 962
961 963
962 963
962 964
963 964
963 965
963 1623
964 965
964 966
964 977
965 966
965 967
966 967
966 968
966 1761
966 1780
967 968
967 969
967 1231
968 969
968 970
968 1431
969 970
969 971
970 971
970 972
971 972
971 973
971 1457
972 973
972 974
972 1771
972 1983
973 974
973 975
973 1624
974 975
974 976
974 1558
975 976
975 977
975 1369
976 977
976 978
976 1826
976 1056
976 1146
977 978
977 979
977 1680
978 979
978 980
978 1411
978 1084
979 980
979 981
979 1372
979 1391
980 981
980 982
981 982
981 983
981 1319
981 1645
982 983
982 984
982 1415
983 984
983 985
984 985
984 986
984 1554
985 986
985 987
985 1064
985 1099
986 987
986 988
986 1473
986 1295
987 988
987 989
987 1862
987 1793
987 1313
987 1378
988 989
988 990
988 1652
989 990
989 991
989 1868
989 1971
990 991
990 992
990 1932
991 992
991 993
992 993
992 994
992 1301
993 994
993 995
994 995
994 996
994 1047
995 996
995 997
995 1745
996 997
996 998
997 998
997 999
998 999
998 1000
998 1872
999 1000
999 1001
1000 1001
1000 1002
1001 1002
1001 1003
1001 1020
1001 1579
1002 1003
1002 1004
1002 1511
1003 1004
1003 1005
1003 1750
1004 1005
1004 1006
1005 1006
1005 1007
1005 1363
1005 1939
1006 1007
1006 1008
1006 1923
1006 1450
1006 1565
1006 1853
1007 1008
1007 1009
1008 1009
1008 1010
1008 1872
1008 1432
1008 1752
1008 1753
1009 1010
1009 1011
1010 1011
1010 1012
1011 1012
1011 1013
1012 1013
1012 1014
1012 1850
1012 1653
1013 1014
1013 1015
1013 1587
1013 1348
1014 1015
1014 1016
1014 1938
1015 1016
1015 1017
1016 1017
1016 1018
1016 1861
1017 1018
1017 1019
1017 1574
1018 1019
1018 1020
1018 1287
1019 1020
1019 1021
1020 1021
1020 1022
1020 1421
1020 1773
1021 1022
1021 1023
1022 1023
1022 1024
1022 1116
1023 1024
1023 1025
1023 1658
1024 1025
1024 1026
1024 1775
1025 1026
1025 1027
1025 1345
1025 1503
1026 1027
1026 1028
1026 1173
1026 1337
1027 1028
1027 1029
1027 1056
1028 1029
1028 1030
1029 1030
1029 1031
1030 1031
1030 1032
1030 1172
1031 1032
1031 1033
1031 1306
1032 1033
1032 1034
1032 1545
1033 1034
1033 1035
1033 1933
1033 1616
1034 1035
1034 1036
1034 1786
1035 1036
1035 1037
1035 1826
1036 1037
1036 1038
1036 1706
1036 1184
1037 1038
1037 1039
1038 1039
1038 1040
1039 1040
1039 1041
1039 1675
1040 1041
1040 1042
1040 1788
1040 1893
1041 1042
1041 1043
1042 1043
1042 1044
1043 1044
1043 1045
1044 1045
1044 1046
1044 1108
1044 1404
1045 1046
1045 1047
1045 1209
1046 1047
1046 1048
1046 1255
1047 1048
1047 1049
1047 1403
1048 1049
1048 1050
1049 1050
1049 1051
1049 1382
1050 1051
1050 1052
1051 1052
1051 1053
1051 1596
1052 1053
1052 1054
1053 1054
1053 1055
1053 1214
1054 1055
1054 1056
1055 1056
1055 1057
1056 1057
1056 1058
1057 1058
1057 1059
1057 1587
1057 1187
1058 1059
1058 1060
1058 1361
1059 1060
1059 1061
1059 1688
1060 1061
1060 1062
1060 1566
1060 1648
1060 1909
1061 1062
1061 1063
1061 1422
1061 1911
1062 1063
1062 1064
1062 1341
1062 1296
1062 1684
1062 1867
1063 1064
1063 1065
1063 1366
1064 1065
1064 1066
1064 1703
1065 1066
1065 1067
1065 1494
1066 1067
1066 1068
1066 1370
1066 1635
1066 1907
1066 1976
1067 1068
1067 1069
1067 1956
1068 1069
1068 1070
1068 1223
1069 1070
1069 1071
1069 1190
1069 1638
1070 1071
1070 1072
1071 1072
1071 1073
1072 1073
1072 1074
1073 1074
1073 1075
1074 1075
1074 1076
1074 1792
1074 1796
1075 1076
1075 1077
1076 1077
1076 1078
1077 1078
1077 1079
1077 1397
1078 1079
1078 1080
1078 1170
1079 1080
1079 1081
1079 1239
1080 1081
1080 1082
1080 1562
1081 1082
1081 1083
1082 1083
1082 1084
1083 1084
1083 1085
1083 1687
1084 1085
1084 1086
1084 1471
1085 1086
1085 1087
1086 1087
1086 1088
1086 1258
1087 1088
1087 1089
1087 1671
1088 1089
1088 1090
1088 1916
1089 1090
1089 1091
1090 1091
1090 1092
1091 1092
1091 1093
1091 1170
1092 1093
1092 1094
1093 1094
1093 1095
1093 1688
1094 1095
1094 1096
1095 1096
1095 1097
1095 1116
1095 1544
1096 1097
1096 1098
1096 1529
1097 1098
1097 1099
1097 1204
1098 1099
1098 1100
1098 1737
1099 1100
1099 1101
1100 1101
1100 1102
1101 1102
1101 1103
1101 1286
1102 1103
1102 1104
1102 1389
1103 1104
1103 1105
1103 1181
1104 1105
1104 1106
1105 1106
1105 1107
1105 1332
1105 1746
1106 1107
1106 1108
1106 1344
1106 1418
1107 1108
1107 1109
1108 1109
1108 1110
1109 1110
1109 1111
1109 1353
1110 1111
1110 1112
1110 1967
1110 1898
1111 1112
1111 1113
1111 1534
1112 1113
1112 1114
1112 1345
1112 1541
1113 1114
1113 1115
1113 1322
1113 1212
1114 1115
1114 1116
1114 1869
1115 1116
1115 1117
1116 1117
1116 1118
1116 1355
1116 1683
1117 1118
1117 1119
1117 1422
1117 1921
1118 1119
1118 1120
1118 1174
1118 1636
1119 1120
1119 1121
1119 1659
1120 1121
1120 1122
1121 1122
1121 1123
1121 1382
1122 1123
1122 1124
1122 1528
1123 1124
1123 1125
1123 1471
1124 1125
1124 1126
1125 1126
1125 1127
1125 1210
1126 1127
1126 1128
1126 1771
1126 1464
1127 1128
1127 1129
1128 1129
1128 1130
1129 1130
1129 1131
1129 1383
1130 1131
1130 1132
1131 1132
1131 1133
1131 1898
1132 1133
1132 1134
1132 1252
1133 1134
1133 1135
1133 1176
1134 1135
1134 1136
1135 1136
1135 1137
1136 1137
1136 1138
1136 1650
1136 1560
1137 1138
1137 1139
1137 1693
1137 1758
1138 1139
1138 1140
1138 1417
1138 1797
1139 1140
1139 1141
1139 1531
1139 1934
1140 1141
1140 1142
1140 1993
1141 1142
1141 1143
1141 1955
1142 1143
1142 1144
1143 1144
1143 1145
1143 1850
1144 1145
1144 1146
1144 1894
1145 1146
1145 1147
1145 1948
1146 1147
1146 1148
1147 1148
1147 1149
1147 1159
1147 1744
1148 1149
1148 1150
1149 1150
1149 1151
1149 1275
1149 1958
1150 1151
1150 1152
1151 1152
1151 1153
1151 1251
1151 1959
1152 1153
1152 1154
1152 1408
1153 1154
1153 1155
1154 1155
1154 1156
1155 1156
1155 1157
1156 1157
1156 1158
1156 1968
1156 1238
1156 1926
1157 1158
1157 1159
1158 1159
1158 1160
1158 1831
1159 1160
1159 1161
1160 1161
1160 1162
1160 1716
1161 1162
1161 1163
1161 1369
1162 1163
1162 1164
1163 1164
1163 1165
1164 1165
1164 1166
1164 1454
1165 1166
1165 1167
1166 1167
1166 1168
1166 1586
1166 1687
1167 1168
1167 1169
1167 1608
1168 1169
1168 1170
1168 1530
1169 1170
1169 1171
1170 1171
1170 1172
1171 1172
1171 1173
1172 1173
1172 1174
1173 1174
1173 1175
1173 1316
1174 1175
1174 1176
1174 1618
1175 1176
1175 1177
1175 1602
1176 1177
1176 1178
1177 1178
1177 1179
1177 1537
1178 1179
1178 1180
1178 1583
1179 1180
1179 1181
1179 1264
1180 1181
1180 1182
1181 1182
1181 1183
1181 1961
1181 1268
1181 1736
1182 1183
1182 1184
1183 1184
1183 1185
1183 1564
1184 1185
1184 1186
1185 1186
1185 1187
1185 1263
1185 1789
1186 1187
1186 1188
1187 1188
1187 1189
1188 1189
1188 1190
1188 1611
1189 1190
1189 1191
1189 1518
1189 1859
1190 1191
1190 1192
1191 1192
1191 1193
1191 1432
1191 1940
1192 1193
1192 1194
1192 1826
1193 1194
1193 1195
1194 1195
1194 1196
1195 1196
1195 1197
1195 1718
1195 1962
1196 1197
1196 1198
1197 1198
1197 1199
1197 1876
1198 1199
1198 1200
1198 1823
1198 1205
1199 1200
1199 1201
1200 1201
1200 1202
1201 1202
1201 1203
1201 1475
1202 1203
1202 1204
1202 1961
1203 1204
1203 1205
1204 1205
1204 1206
1204 1549
1205 1206
1205 1207
1206 1207
1206 1208
1207 1208
1207 1209
1207 1339
1207 1545
1208 1209
1208 1210
1208 1251
1209 1210
1209 1211
1209 1872
1209 1737
1210 1211
1210 1212
1211 1212
1211 1213
1211 1594
1211 1399
1212 1213
1212 1214
1213 1214
1213 1215
1213 1926
1214 1215
1214 1216
1214 1892
1215 1216
1215 1217
1216 1217
1216 1218
1216 1752
1217 1218
1217 1219
1218 1219
1218 1220
1218 1814
1218 1505
1219 1220
1219 1221
1219 1338
1219 1731
1220 1221
1220 1222
1220 1932
1221 1222
1221 1223
1222 1223
1222 1224
1223 1224
1223 1225
1223 1764
1224 1225
1224 1226
1224 1766
1225 1226
1225 1227
1225 1973
1226 1227
1226 1228
1226 1462
1226 1406
1227 1228
1227 1229
1227 1976
1228 1229
1228 1230
1228 1942
1229 1230
1229 1231
1229 1828
1230 1231
1230 1232
1230 1613
1231 1232
1231 1233
1231 1969
1231 1541
1232 1233
1232 1234
1232 1985
1233 1234
1233 1235
1234 1235
1234 1236
1234 1329
1235 1236
1235 1237
1235 1706
1235 1603
1236 1237
1236 1238
1237 1238
1237 1239
1237 1736
1238 1239
1238 1240
1238 1796
1238 1834
1239 1240
1239 1241
1239 1265
1240 1241
1240 1242
1240 1839
1240 1808
1241 1242
1241 1243
1242 1243
1242 1244
1242 1929
1242 1620
1242 1661
1242 1728
1243 1244
1243 1245
1244 1245
1244 1246
1244 1270
1244 1386
1245 1246
1245 1247
1245 1510
1246 1247
1246 1248
1246 1414
1247 1248
1247 1249
1248 1249
1248 1250
1249 1250
1249 1251
1249 1876
1249 1478
1250 1251
1250 1252
1250 1731
1251 1252
1251 1253
1252 1253
1252 1254
1253 1254
1253 1255
1254 1255
1254 1256
1254 1599
1254 1839
1255 1256
1255 1257
1255 1464
1256 1257
1256 1258
1257 1258
1257 1259
1257 1492
1258 1259
1258 1260
1259 1260
1259 1261
1259 1842
1259 1412
1260 1261
1260 1262
1261 1262
1261 1263
1261 1465
1262 1263
1262 1264
1263 1264
1263 1265
1264 1265
1264 1266
1265 1266
1265 1267
1266 1267
1266 1268
1266 1442
1267 1268
1267 1269
1267 1906
1268 1269
1268 1270
1268 1539
1269 1270
1269 1271
1270 1271
1270 1272
1270 1424
1271 1272
1271 1273
1272 1273
1272 1274
1272 1673
1273 1274
1273 1275
1274 1275
1274 1276
1274 1615
1274 1458
1275 1276
1275 1277
1275 1836
1276 1277
1276 1278
1277 1278
1277 1279
1278 1279
1278 1280
1279 1280
1279 1281
1279 1392
1279 1767
1280 1281
1280 1282
1281 1282
1281 1283
1281 1986
1281 1697
1282 1283
1282 1284
1283 1284
1283 1285
1283 1872
1284 1285
1284 1286
1284 1925
1285 1286
1285 1287
1285 1870
1286 1287
1286 1288
1286 1333
1287 1288
1287 1289
1287 1696
1288 1289
1288 1290
1288 1377
1288 1949
1289 1290
1289 1291
1289 1977
1289 1446
1290 1291
1290 1292
1290 1614
1291 1292
1291 1293
1292 1293
1292 1294
1293 1294
1293 1295
1293 1704
1294 1295
1294 1296
1294 1309
1295 1296
1295 1297
1295 1848
1296 1297
1296 1298
1297 1298
1297 1299
1298 1299
1298 1300
1298 1986
1299 1300
1299 1301
1300 1301
1300 1302
1300 1367
1301 1302
1301 1303
1301 1981
1302 1303
1302 1304
1303 1304
1303 1305
1303 1514
1304 1305
1304 1306
1304 1724
1305 1306
1305 1307
1306 1307
1306 1308
1307 1308
1307 1309
1307 1457
1308 1309
1308 1310
1308 1368
1309 1310
1309 1311
1309 1852
1310 1311
1310 1312
1311 1312
1311 1313
1312 1313
1312 1314
1312 1859
1313 1314
1313 1315
1313 1520
1314 1315
1314 1316
1315 1316
1315 1317
1315 1784
1316 1317
1316 1318
1316 1454
1317 1318
1317 1319
1318 1319
1318 1320
1318 1552
1319 1320
1319 1321
1319 1522
1320 1321
1320 1322
1321 1322
1321 1323
1322 1323
1322 1324
1323 1324
1323 1325
1324 1325
1324 1326
1324 1746
1324 1529
1325 1326
1325 1327
1325 1926
1326 1327
1326 1328
1326 1626
1326 1967
1327 1328
1327 1329
1327 1794
1327 1965
1328 1329
1328 1330
1329 1330
1329 1331
1329 1928
1330 1331
1330 1332
1330 1664
1331 1332
1331 1333
1332 1333
1332 1334
1333 1334
1333 1335
1333 1822
1334 1335
1334 1336
1334 1455
1335 1336
1335 1337
1336 1337
1336 1338
1336 1909
1336 1639
1337 1338
1337 1339
1338 1339
1338 1340
1338 1700
1339 1340
1339 1341
1339 1491
1340 1341
1340 1342
1340 1442
1340 1941
1341 1342
1341 1343
1341 1707
1341 1644
1342 1343
1342 1344
1342 1398
1343 1344
1343 1345
1344 1345
1344 1346
1345 1346
1345 1347
1346 1347
1346 1348
1347 1348
1347 1349
1347 1487
1348 1349
1348 1350
1349 1350
1349 1351
1350 1351
1350 1352
1350 1642
1350 1414
1350 1429
1351 1352
1351 1353
1352 1353
1352 1354
1352 1657
1352 1974
1353 1354
1353 1355
1353 1645
1354 1355
1354 1356
1355 1356
1355 1357
1356 1357
1356 1358
1357 1358
1357 1359
1358 1359
1358 1360
1358 1799
1359 1360
1359 1361
1360 1361
1360 1362
1361 1362
1361 1363
1362 1363
1362 1364
1362 1795
1363 1364
1363 1365
1363 1972
1364 1365
1364 1366
1364 1466
1364 1634
1365 1366
1365 1367
1366 1367
1366 1368
1367 1368
1367 1369
1367 1571
1368 1369
1368 1370
1369 1370
1369 1371
1369 1703
1370 1371
1370 1372
1371 1372
1371 1373
1372 1373
1372 1374
1373 1374
1373 1375
1374 1375
1374 1376
1375 1376
1375 1377
1376 1377
1376 1378
1377 1378
1377 1379
1377 1510
1378 1379
1378 1380
1379 1380
1379 1381
1380 1381
1380 1382
1380 1640
1380 1849
1381 1382
1381 1383
1381 1806
1382 1383
1382 1384
1383 1384
1383 1385
1383 1778
1384 1385
1384 1386
1385 1386
1385 1387
1385 1529
1386 1387
1386 1388
1386 1969
1387 1388
1387 1389
1387 1572
1388 1389
1388 1390
1389 1390
1389 1391
1389 1494
1390 1391
1390 1392
1391 1392
1391 1393
1392 1393
1392 1394
1392 1720
1393 1394
1393 1395
1393 1701
1393 1850
1394 1395
1394 1396
1394 1978
1395 1396
1395 1397
1396 1397
1396 1398
1397 1398
1397 1399
1397 1943
1398 1399
1398 1400
1399 1400
1399 1401
1399 1434
1399 1413
1400 1401
1400 1402
1401 1402
1401 1403
1402 1403
1402 1404
1402 1959
1402 1526
1402 1660
1403 1404
1403 1405
1404 1405
1404 1406
1405 1406
1405 1407
1405 1494
1405 1698
1406 1407
1406 1408
1406 1424
1407 1408
1407 1409
1408 1409
1408 1410
1409 1410
1409 1411
1410 1411
1410 1412
1410 1951
1411 1412
1411 1413
1411 1688
1412 1413
1412 1414
1413 1414
1413 1415
1414 1415
1414 1416
1415 1416
1415 1417
1416 1417
1416 1418
1417 1418
1417 1419
1418 1419
1418 1420
1419 1420
1419 1421
1420 1421
1420 1422
1421 1422
1421 1423
1422 1423
1422 1424
1423 1424
1423 1425
1423 1456
1424 1425
1424 1426
1425 1426
1425 1427
1426 1427
1426 1428
1427 1428
1427 1429
1427 1450
1428 1429
1428 1430
1428 1675
1429 1430
1429 1431
1429 1869
1430 1431
1430 1432
1430 1856
1431 1432
1431 1433
1431 1506
1432 1433
1432 1434
1433 1434
1433 1435
1433 1731
1434 1435
1434 1436
1435 1436
1435 1437
1435 1551
1436 1437
1436 1438
1437 1438
1437 1439
1437 1489
1438 1439
1438 1440
1438 1503
1439 1440
1439 1441
1439 1484
1440 1441
1440 1442
1441 1442
1441 1443
1442 1443
1442 1444
1443 1444
1443 1445
1443 1995
1443 1805
1444 1445
1444 1446
1445 1446
1445 1447
1446 1447
1446 1448
1446 1890
1447 1448
1447 1449
1448 1449
1448 1450
1448 1555
1449 1450
1449 1451
1449 1795
1449 1778
1450 1451
1450 1452
1451 1452
1451 1453
1451 1701
1451 1608
1452 1453
1452 1454
1453 1454
1453 1455
1454 1455
1454 1456
1455 1456
1455 1457
1456 1457
1456 1458
1456 1676
1457 1458
1457 1459
1457 1787
1458 1459
1458 1460
1459 1460
1459 1461
1460 1461
1460 1462
1461 1462
1461 1463
1461 1870
1461 1578
1462 1463
1462 1464
1463 1464
1463 1465
1464 1465
1464 1466
1464 1789
1465 1466
1465 1467
1466 1467
1466 1468
1467 1468
1467 1469
1468 1469
1468 1470
1469 1470
1469 1471
1469 1505
1470 1471
1470 1472
1471 1472
1471 1473
1472 1473
1472 1474
1472 1522
1473 1474
1473 1475
1473 1480
1474 1475
1474 1476
1474 1841
1474 1776
1475 1476
1475 1477
1475 1719
1476 1477
1476 1478
1476 1515
1477 1478
1477 1479
1477 1642
1478 1479
1478 1480
1478 1561
1479 1480
1479 1481
1479 1882
1480 1481
1480 1482
1481 1482
1481 1483
1482 1483
1482 1484
1483 1484
1483 1485
1483 1612
1483 1874
1484 1485
1484 1486
1485 1486
1485 1487
1485 1991
1486 1487
1486 1488
1487 1488
1487 1489
1487 1629
1488 1489
1488 1490
1489 1490
1489 1491
1489 1587
1490 1491
1490 1492
1491 1492
1491 1493
1492 1493
1492 1494
1492 1524
1493 1494
1493 1495
1494 1495
1494 1496
1495 1496
1495 1497
1495 1800
1495 1649
1495 1643
1496 1497
1496 1498
1497 1498
1497 1499
1498 1499
1498 1500
1499 1500
1499 1501
1500 1501
1500 1502
1501 1502
1501 1503
1501 1882
1502 1503
1502 1504
1503 1504
1503 1505
1504 1505
1504 1506
1505 1506
1505 1507
1505 1738
1506 1507
1506 1508
1507 1508
1507 1509
1507 1949
1508 1509
1508 1510
1509 1510
1509 1511
1510 1511
1510 1512
1511 1512
1511 1513
1511 1635
1511 1723
1512 1513
1512 1514
1512 1833
1513 1514
1513 1515
1513 1731
1514 1515
1514 1516
1514 1948
1515 1516
1515 1517
1515 1850
1516 1517
1516 1518
1517 1518
1517 1519
1518 1519
1518 1520
1519 1520
1519 1521
1519 1694
1520 1521
1520 1522
1520 1884
1520 1955
1521 1522
1521 1523
1522 1523
1522 1524
1523 1524
1523 1525
1524 1525
1524 1526
1525 1526
1525 1527
1526 1527
1526 1528
1527 1528
1527 1529
1528 1529
1528 1530
1528 1752
1529 1530
1529 1531
1530 1531
1530 1532
1531 1532
1531 1533
1531 1890
1532 1533
1532 1534
1533 1534
1533 1535
1533 1973
1534 1535
1534 1536
1534 1544
1535 1536
1535 1537
1536 1537
1536 1538
1537 1538
1537 1539
1538 1539
1538 1540
1538 1828
1539 1540
1539 1541
1539 1662
1539 1988
1540 1541
1540 1542
1541 1542
1541 1543
1542 1543
1542 1544
1542 1949
1543 1544
1543 1545
1543 1822
1544 1545
1544 1546
1545 1546
1545 1547
1546 1547
1546 1548
1546 1665
1547 1548
1547 1549
1547 1717
1548 1549
1548 1550
1548 1716
1549 1550
1549 1551
1549 1870
1550 1551
1550 1552
1551 1552
1551 1553
1551 1623
1552 1553
1552 1554
1552 1887
1553 1554
1553 1555
1553 1637
1554 1555
1554 1556
1555 1556
1555 1557
1556 1557
1556 1558
1557 1558
1557 1559
1558 1559
1558 1560
1559 1560
1559 1561
1560 1561
1560 1562
1561 1562
1561 1563
1562 1563
1562 1564
1563 1564
1563 1565
1564 1565
1564 1566
1564 1656
1565 1566
1565 1567
1566 1567
1566 1568
1566 1990
1567 1568
1567 1569
1568 1569
1568 1570
1569 1570
1569 1571
1570 1571
1570 1572
1571 1572
1571 1573
1572 1573
1572 1574
1573 1574
1573 1575
1573 1878
1574 1575
1574 1576
1575 1576
1575 1577
1576 1577
1576 1578
1577 1578
1577 1579
1577 1855
1578 1579
1578 1580
1579 1580
1579 1581
1580 1581
1580 1582
1581 1582
1581 1583
1582 1583
1582 1584
1583 1584
1583 1585
1584 1585
1584 1586
1585 1586
1585 1587
1586 1587
1586 1588
1587 1588
1587 1589
1588 1589
1588 1590
1589 1590
1589 1591
1589 1963
1590 1591
1590 1592
1591 1592
1591 1593
1592 1593
1592 1594
1593 1594
1593 1595
1593 1834
1594 1595
1594 1596
1595 1596
1595 1597
1596 1597
1596 1598
1597 1598
1597 1599
1598 1599
1598 1600
1599 1600
1599 1601
1599 1751
1600 1601
1600 1602
1601 1602
1601 1603
1601 1961
1601 1637
1602 1603
1602 1604
1603 1604
1603 1605
1604 1605
1604 1606
1604 1956
1605 1606
1605 1607
1605 1740
1605 1714
1605 1719
1606 1607
1606 1608
1607 1608
1607 1609
1608 1609
1608 1610
1609 1610
1609 1611
1610 1611
1610 1612
1611 1612
1611 1613
1612 1613
1612 1614
1613 1614
1613 1615
1614 1615
1614 1616
1615 1616
1615 1617
1616 1617
1616 1618
1617 1618
1617 1619
1617 1820
1618 1619
1618 1620
1619 1620
1619 1621
1620 1621
1620 1622
1620 1766
1621 1622
1621 1623
1622 1623
1622 1624
1623 1624
1623 1625
1624 1625
1624 1626
1625 1626
1625 1627
1625 1893
1626 1627
1626 1628
1627 1628
1627 1629
1628 1629
1628 1630
1629 1630
1629 1631
1629 1828
1630 1631
1630 1632
1630 1900
1630 1728
1631 1632
1631 1633
1632 1633
1632 1634
1633 1634
1633 1635
1633 1821
1633 1761
1634 1635
1634 1636
1634 1998
1635 1636
1635 1637
1636 1637
1636 1638
1637 1638
1637 1639
1638 1639
1638 1640
1639 1640
1639 1641
1640 1641
1640 1642
1640 1656
1641 1642
1641 1643
1641 1699
1641 1713
1642 1643
1642 1644
1643 1644
1643 1645
1644 1645
1644 1646
1645 1646
1645 1647
1646 1647
1646 1648
1647 1648
1647 1649
1648 1649
1648 1650
1648 1811
1648 1877
1649 1650
1649 1651
1650 1651
1650 1652
1650 1887
1651 1652
1651 1653
1652 1653
1652 1654
1653 1654
1653 1655
1653 1829
1654 1655
1654 1656
1655 1656
1655 1657
1655 1806
1656 1657
1656 1658
1657 1658
1657 1659
1658 1659
1658 1660
1658 1701
1659 1660
1659 1661
1659 1875
1660 1661
1660 1662
1661 1662
1661 1663
1662 1663
1662 1664
1662 1782
1662 1870
1663 1664
1663 1665
1663 1966
1664 1665
1664 1666
1665 1666
1665 1667
1666 1667
1666 1668
1667 1668
1667 1669
1668 1669
1668 1670
1668 1975
1669 1670
1669 1671
1669 1715
1670 1671
1670 1672
1671 1672
1671 1673
1671 1968
1672 1673
1672 1674
1673 1674
1673 1675
1673 1727
1674 1675
1674 1676
1674 1872
1675 1676
1675 1677
1676 1677
1676 1678
1677 1678
1677 1679
1678 1679
1678 1680
1679 1680
1679 1681
1680 1681
1680 1682
1681 1682
1681 1683
1681 1907
1682 1683
1682 1684
1683 1684
1683 1685
1684 1685
1684 1686
1685 1686
1685 1687
1685 1886
1686 1687
1686 1688
1686 1904
1687 1688
1687 1689
1688 1689
1688 1690
1689 1690
1689 1691
1690 1691
1690 1692
1691 1692
1691 1693
1692 1693
1692 1694
1693 1694
1693 1695
1693 1994
1694 1695
1694 1696
1695 1696
1695 1697
1695 1834
1696 1697
1696 1698
1696 1817
1696 1714
1696 1745
1697 1698
1697 1699
1697 1989
1698 1699
1698 1700
1698 1951
1699 1700
1699 1701
1700 1701
1700 1702
1701 1702
1701 1703
1701 1754
1702 1703
1702 1704
1702 1924
1703 1704
1703 1705
1704 1705
1704 1706
1705 1706
1705 1707
1706 1707
1706 1708
1706 1804
1707 1708
1707 1709
1708 1709
1708 1710
1709 1710
1709 1711
1709 1720
1710 1711
1710 1712
1710 1756
1710 1896
1711 1712
1711 1713
1711 1794
1712 1713
1712 1714
1712 1786
1713 1714
1713 1715
1714 1715
1714 1716
1715 1716
1715 1717
1716 1717
1716 1718
1717 1718
1717 1719
1718 1719
1718 1720
1719 1720
1719 1721
1720 1721
1720 1722
1721 1722
1721 1723
1722 1723
1722 1724
1723 1724
1723 1725
1724 1725
1724 1726
1725 1726
1725 1727
1726 1727
1726 1728
1727 1728
1727 1729
1728 1729
1728 1730
1729 1730
1729 1731
1729 1782
1730 1731
1730 1732
1731 1732
1731 1733
1732 1733
1732 1734
1733 1734
1733 1735
1734 1735
1734 1736
1735 1736
1735 1737
1736 1737
1736 1738
1736 1787
1737 1738
1737 1739
1738 1739
1738 1740
1739 1740
1739 1741
1740 1741
1740 1742
1741 1742
1741 1743
1742 1743
1742 1744
1743 1744
1743 1745
1744 1745
1744 1746
1745 1746
1745 1747
1746 1747
1746 1748
1747 1748
1747 1749
1748 1749
1748 1750
1749 1750
1749 1751
1750 1751
1750 1752
1751 1752
1751 1753
1751 1917
1752 1753
1752 1754
1753 1754
1753 1755
1754 1755
1754 1756
1755 1756
1755 1757
1756 1757
1756 1758
1757 1758
1757 1759
1757 1804
1758 1759
1758 1760
1759 1760
1759 1761
1760 1761
1760 1762
1761 1762
1761 1763
1761 1795
1761 1968
1762 1763
1762 1764
1763 1764
1763 1765
1764 1765
1764 1766
1765 1766
1765 1767
1766 1767
1766 1768
1767 1768
1767 1769
1768 1769
1768 1770
1769 1770
1769 1771
1770 1771
1770 1772
1770 1844
1771 1772
1771 1773
1772 1773
1772 1774
1773 1774
1773 1775
1774 1775
1774 1776
1775 1776
1775 1777
1776 1777
1776 1778
1777 1778
1777 1779
1778 1779
1778 1780
1778 1830
1779 1780
1779 1781
1780 1781
1780 1782
1780 1909
1781 1782
1781 1783
1781 1860
1782 1783
1782 1784
1783 1784
1783 1785
1784 1785
1784 1786
1784 1873
1785 1786
1785 1787
1786 1787
1786 1788
1787 1788
1787 1789
1788 1789
1788 1790
1789 1790
1789 1791
1790 1791
1790 1792
1790 1801
1791 1792
1791 1793
1792 1793
1792 1794
1793 1794
1793 1795
1794 1795
1794 1796
1795 1796
1795 1797
1796 1797
1796 1798
1797 1798
1797 1799
1798 1799
1798 1800
1799 1800
1799 1801
1800 1801
1800 1802
1801 1802
1801 1803
1802 1803
1802 1804
1803 1804
1803 1805
1804 1805
1804 1806
1805 1806
1805 1807
1806 1807
1806 1808
1807 1808
1807 1809
1807 1947
1808 1809
1808 1810
1809 1810
1809 1811
1809 1946
1810 1811
1810 1812
1811 1812
1811 1813
1812 1813
1812 1814
1813 1814
1813 1815
1814 1815
1814 1816
1815 1816
1815 1817
1815 1912
1816 1817
1816 1818
1817 1818
1817 1819
1818 1819
1818 1820
1819 1820
1819 1821
1820 1821
1820 1822
1821 1822
1821 1823
1822 1823
1822 1824
1823 1824
1823 1825
1824 1825
1824 1826
1825 1826
1825 1827
1826 1827
1826 1828
1827 1828
1827 1829
1828 1829
1828 1830
1829 1830
1829 1831
1830 1831
1830 1832
1831 1832
1831 1833
1832 1833
1832 1834
1833 1834
1833 1835
1833 1855
1834 1835
1834 1836
1835 1836
1835 1837
1835 1983
1836 1837
1836 1838
1837 1838
1837 1839
1838 1839
1838 1840
1839 1840
1839 1841
1840 1841
1840 1842
1841 1842
1841 1843
1842 1843
1842 1844
1842 1851
1843 1844
1843 1845
1844 1845
1844 1846
1845 1846
1845 1847
1846 1847
1846 1848
1847 1848
1847 1849
1848 1849
1848 1850
1849 1850
1849 1851
1850 1851
1850 1852
1851 1852
1851 1853
1852 1853
1852 1854
1853 1854
1853 1855
1854 1855
1854 1856
1855 1856
1855 1857
1856 1857
1856 1858
1857 1858
1857 1859
1858 1859
1858 1860
1859 1860
1859 1861
1860 1861
1860 1862
1861 1862
1861 1863
1862 1863
1862 1864
1862 1877
1863 1864
1863 1865
1864 1865
1864 1866
1865 1866
1865 1867
1865 1902
1866 1867
1866 1868
1867 1868
1867 1869
1868 1869
1868 1870
1869 1870
1869 1871
1870 1871
1870 1872
1871 1872
1871 1873
1872 1873
1872 1874
1873 1874
1873 1875
1874 1875
1874 1876
1875 1876
1875 1877
1876 1877
1876 1878
1877 1878
1877 1879
1878 1879
1878 1880
1879 1880
1879 1881
1880 1881
1880 1882
1881 1882
1881 1883
1881 1950
1882 1883
1882 1884
1883 1884
1883 1885
1884 1885
1884 1886
1885 1886
1885 1887
1886 1887
1886 1888
1887 1888
1887 1889
1888 1889
1888 1890
1889 1890
1889 1891
1890 1891
1890 1892
1891 1892
1891 1893
1892 1893
1892 1894
1893 1894
1893 1895
1894 1895
1894 1896
1895 1896
1895 1897
1895 1899
1896 1897
1896 1898
1897 1898
1897 1899
1898 1899
1898 1900
1899 1900
1899 1901
1900 1901
1900 1902
1901 1902
1901 1903
1902 1903
1902 1904
1903 1904
1903 1905
1904 1905
1904 1906
1904 1956
1905 1906
1905 1907
1906 1907
1906 1908
1907 1908
1907 1909
1908 1909
1908 1910
1909 1910
1909 1911
1910 1911
1910 1912
1911 1912
1911 1913
1912 1913
1912 1914
1913 1914
1913 1915
1914 1915
1914 1916
1915 1916
1915 1917
1916 1917
1916 1918
1917 1918
1917 1919
1917 1959
1918 1919
1918 1920
1919 1920
1919 1921
1920 1921
1920 1922
1921 1922
1921 1923
1922 1923
1922 1924
1923 1924
1923 1925
1924 1925
1924 1926
1925 1926
1925 1927
1926 1927
1926 1928
1927 1928
1927 1929
1928 1929
1928 1930
1929 1930
1929 1931
1930 1931
1930 1932
1931 1932
1931 1933
1932 1933
1932 1934
1933 1934
1933 1935
1934 1935
1934 1936
1935 1936
1935 1937
1936 1937
1936 1938
1937 1938
1937 1939
1938 1939
1938 1940
1939 1940
1939 1941
1940 1941
1940 1942
1941 1942
1941 1943
1942 1943
1942 1944
1943 1944
1943 1945
1944 1945
1944 1946
1945 1946
1945 1947
1946 1947
1946 1948
1947 1948
1947 1949
1948 1949
1948 1950
1949 1950
1949 1951
1950 1951
1950 1952
1951 1952
1951 1953
1952 1953
1952 1954
1952 1980
1953 1954
1953 1955
1954 1955
1954 1956
1954 1967
1955 1956
1955 1957
1956 1957
1956 1958
1957 1958
1957 1959
1958 1959
1958 1960
1959 1960
1959 1961
1960 1961
1960 1962
1961 1962
1961 1963
1962 1963
1962 1964
1963 1964
1963 1965
1964 1965
1964 1966
1965 1966
1965 1967
1966 1967
1966 1968
1967 1968
1967 1969
1968 1969
1968 1970
1968 1979
1969 1970
1969 1971
1970 1971
1970 1972
1971 1972
1971 1973
1972 1973
1972 1974
1973 1974
1973 1975
1974 1975
1974 1976
1975 1976
1975 1977
1976 1977
1976 1978
1976 1986
1977 1978
1977 1979
1978 1979
1978 1980
1979 1980
1979 1981
1980 1981
1980 1982
1981 1982
1981 1983
1981 1996
1982 1983
1982 1984
1983 1984
1983 1985
1984 1985
1984 1986
1985 1986
1985 1987
1986 1987
1986 1988
1987 1988
1987 1989
1988 1989
1988 1990
1989 1990
1989 1991
1990 1991
1990 1992
1991 1992
1991 1993
1992 1993
1992 1994
1993 1994
1993 1995
1994 1995
1994 1996
1995 1996
1995 1997
1996 1997
1996 1998
1997 1998
1997 1999
1998 1999
