3000 9002
0 1
0 2999
0 2
0 2998
0 1462
0 955
0 653
1 2
1 3
1 2999
1 2790
1 2941
2 3
2 4
2 1888
3 4
3 5
3 2858
3 483
3 1054
4 5
4 6
5 6
5 7
5 1531
5 131
6 7
6 8
6 1811
7 8
7 9
7 33
7 94
7 1865
8 9
8 10
9 10
9 11
9 1054
9 2451
10 11
10 12
10 1463
10 2905
11 12
11 13
11 18
11 2793
12 13
12 14
12 1837
12 1707
13 14
13 15
13 1958
13 2290
13 2549
14 15
14 16
14 453
14 1300
15 16
15 17
15 1878
16 17
16 18
16 1083
17 18
17 19
17 2851
17 525
18 19
18 20
18 1795
19 20
19 21
19 147
19 1964
19 2274
20 21
20 22
20 1535
20 1758
20 2163
21 22
21 23
21 2593
21 745
22 23
22 24
22 2467
22 1507
22 416
23 24
23 25
23 2310
23 336
23 2774
23 2815
24 25
24 26
24 522
24 604
24 820
24 956
25 26
25 27
25 2498
26 27
26 28
26 2875
26 560
26 709
27 28
27 29
27 2210
27 1785
27 374
28 29
28 30
28 550
28 107
28 2617
29 30
29 31
29 106
29 983
30 31
30 32
30 2409
31 32
31 33
31 2967
31 327
32 33
32 34
32 676
32 1633
32 1874
33 34
33 35
33 1330
33 1637
34 35
34 36
34 482
34 738
35 36
35 37
35 1801
35 1790
35 277
35 2371
36 37
36 38
36 1029
36 1122
36 496
37 38
37 39
37 2794
38 39
38 40
38 2752
38 795
39 40
39 41
39 2238
39 1607
39 860
39 1044
39 1452
39 2717
40 41
40 42
40 2047
40 388
40 678
40 2302
41 42
41 43
41 2320
41 121
42 43
42 44
42 1623
43 44
43 45
43 2627
43 2217
43 448
43 948
43 1153
43 1509
44 45
44 46
44 1382
44 88
44 1135
44 1640
45 46
45 47
46 47
46 48
46 1659
46 66
47 48
47 49
48 49
48 50
48 1366
48 119
48 1326
49 50
49 51
49 1794
50 51
50 52
50 300
51 52
51 53
51 480
52 53
52 54
52 2252
52 1800
53 54
53 55
53 2977
53 545
53 392
54 55
54 56
54 1548
54 609
54 1978
55 56
55 57
55 71
55 1216
56 57
56 58
56 409
57 58
57 59
57 1216
57 1945
58 59
58 60
58 204
58 463
58 2467
59 60
59 61
59 1145
59 1981
60 61
60 62
60 1007
61 62
61 63
61 2111
62 63
62 64
62 1781
62 343
62 645
62 1853
63 64
63 65
63 2458
63 1167
63 173
63 1635
63 2723
64 65
64 66
64 171
64 2788
65 66
65 67
65 468
65 352
65 2829
66 67
66 68
66 1572
66 397
66 1280
67 68
67 69
67 1651
68 69
68 70
68 1006
68 893
68 2182
69 70
69 71
69 2145
69 655
70 71
70 72
70 1578
70 2247
70 2278
70 2596
71 72
71 73
71 1751
71 1840
71 1328
72 73
72 74
72 879
72 2056
73 74
73 75
73 786
73 312
73 642
74 75
74 76
74 1445
75 76
75 77
75 2003
75 1716
76 77
76 78
76 2602
76 2023
76 2732
76 2957
77 78
77 79
77 301
77 883
78 79
78 80
78 970
79 80
79 81
79 2650
80 81
80 82
80 2479
81 82
81 83
81 828
81 1293
82 83
82 84
82 2841
82 1885
83 84
83 85
83 550
83 2963
84 85
84 86
84 2363
85 86
85 87
85 139
86 87
86 88
87 88
87 89
87 2367
88 89
88 90
88 155
89 90
89 91
89 441
89 363
89 1606
89 1793
90 91
90 92
90 1310
91 92
91 93
91 753
91 129
91 1889
91 2935
92 93
92 94
92 1361
92 112
93 94
93 95
93 1294
93 1482
94 95
94 96
94 1760
94 1847
94 2397
95 96
95 97
95 883
96 97
96 98
96 2148
96 519
96 2360
96 2754
97 98
97 99
97 2803
97 258
97 1487
98 99
98 100
98 1233
99 100
99 101
99 2884
100 101
100 102
100 2655
101 102
101 103
101 1268
101 725
101 928
101 1079
101 1639
101 2250
102 103
102 104
102 695
102 1712
102 1845
102 2383
103 104
103 105
103 2247
103 1048
103 1290
104 105
104 106
104 760
104 1895
105 106
105 107
105 364
106 107
106 108
106 1046
107 108
107 109
107 1288
108 109
108 110
108 1071
108 2697
109 110
109 111
109 836
110 111
110 112
110 2064
111 112
111 113
111 1976
112 113
112 114
112 955
113 114
113 115
113 1076
113 1866
113 2003
114 115
114 116
114 778
114 1910
114 1766
115 116
115 117
115 213
116 117
116 118
116 211
116 1734
117 118
117 119
118 119
118 120
118 650
118 207
118 2416
119 120
119 121
119 1140
119 1722
119 1085
120 121
120 122
120 1174
120 958
121 122
121 123
121 2011
122 123
122 124
122 929
122 171
122 2230
123 124
123 125
123 1676
124 125
124 126
124 800
125 126
125 127
125 2470
125 805
126 127
126 128
127 128
127 129
127 2864
128 129
128 130
128 410
128 901
128 732
128 1131
128 1793
128 2993
129 130
129 131
130 131
130 132
130 2868
130 501
130 1020
130 1526
130 2162
131 132
131 133
131 557
131 2118
132 133
132 134
132 2089
132 2099
133 134
133 135
133 1171
134 135
134 136
134 1673
134 2454
135 136
135 137
135 953
135 140
135 169
135 592
135 1659
136 137
136 138
136 578
136 536
136 1405
136 2122
137 138
137 139
137 1312
137 1396
138 139
138 140
139 140
139 141
139 1166
140 141
140 142
140 2942
141 142
141 143
142 143
142 144
142 2220
142 2978
143 144
143 145
143 1227
144 145
144 146
144 1905
144 1450
144 2649
145 146
145 147
145 2057
145 1651
145 2244
145 2556
145 2745
145 2841
146 147
146 148
146 2900
147 148
147 149
147 1073
147 2034
147 2249
147 2300
148 149
148 150
148 523
148 1211
148 2275
148 2881
149 150
149 151
149 1319
149 1906
149 2149
150 151
150 152
150 1993
150 2106
150 2681
151 152
151 153
151 1865
151 1528
152 153
152 154
152 1869
153 154
153 155
153 633
153 2328
153 1227
153 1461
154 155
154 156
154 2318
154 1844
154 172
154 2274
155 156
155 157
156 157
156 158
156 1478
156 2129
157 158
157 159
157 1479
158 159
158 160
158 1062
158 2345
158 2835
159 160
159 161
159 1524
159 580
159 888
159 2987
160 161
160 162
161 162
161 163
161 1142
161 1322
162 163
162 164
162 1891
162 2375
163 164
163 165
163 2611
164 165
164 166
164 1510
164 1398
165 166
165 167
165 619
165 2611
166 167
166 168
166 2432
167 168
167 169
167 900
168 169
168 170
168 518
169 170
169 171
169 266
169 1276
170 171
170 172
170 612
170 1262
171 172
171 173
171 588
171 944
172 173
172 174
172 2068
173 174
173 175
174 175
174 176
174 1933
174 2540
175 176
175 177
175 916
176 177
176 178
177 178
177 179
177 1139
178 179
178 180
178 1680
178 2958
179 180
179 181
179 1384
179 2228
179 2568
180 181
180 182
181 182
181 183
181 929
181 1587
182 183
182 184
182 1079
182 1458
182 600
182 2790
183 184
183 185
183 1662
183 809
184 185
184 186
184 2474
184 1579
185 186
185 187
185 2178
186 187
186 188
186 1905
186 1034
186 1109
187 188
187 189
187 1399
187 1250
187 2478
188 189
188 190
188 1546
188 2140
189 190
189 191
190 191
190 192
190 313
190 686
191 192
191 193
191 2751
191 2067
191 2402
192 193
192 194
192 271
192 306
192 1463
193 194
193 195
194 195
194 196
194 619
194 598
195 196
195 197
195 2876
195 1895
196 197
196 198
196 1628
196 537
196 2021
197 198
197 199
198 199
198 200
199 200
199 201
199 1148
199 317
199 1251
199 2569
200 201
200 202
201 202
201 203
202 203
202 204
202 1986
202 1429
202 989
202 1063
203 204
203 205
203 2451
203 699
204 205
204 206
204 755
204 1687
204 2591
205 206
205 207
205 2593
206 207
206 208
206 2894
207 208
207 209
208 209
208 210
209 210
209 211
209 840
209 1722
210 211
210 212
210 1744
211 212
211 213
211 2636
211 2017
212 213
212 214
213 214
213 215
213 1640
214 215
214 216
214 2350
214 1984
215 216
215 217
215 1901
215 1653
216 217
216 218
216 2410
216 2901
217 218
217 219
217 1011
217 281
217 2104
218 219
218 220
218 2878
218 452
218 517
219 220
219 221
220 221
220 222
220 2759
221 222
221 223
221 330
221 447
222 223
222 224
223 224
223 225
224 225
224 226
224 2057
224 1316
225 226
225 227
225 1431
226 227
226 228
226 737
227 228
227 229
227 884
228 229
228 230
228 2418
228 2466
228 2949
229 230
229 231
229 2454
230 231
230 232
230 256
230 1140
230 2634
231 232
231 233
231 704
231 1736
231 2879
232 233
232 234
232 2017
233 234
233 235
233 2958
234 235
234 236
234 1081
234 2753
235 236
235 237
236 237
236 238
236 1841
236 774
237 238
237 239
237 1495
238 239
238 240
238 706
238 2839
239 240
239 241
240 241
240 242
241 242
241 243
241 2487
241 555
242 243
242 244
242 2652
243 244
243 245
243 1370
243 829
243 2059
244 245
244 246
244 2332
245 246
245 247
245 745
245 635
245 2516
246 247
246 248
246 491
246 1465
247 248
247 249
247 691
247 1162
247 2580
248 249
248 250
248 2990
248 1420
248 1957
249 250
249 251
249 2020
250 251
250 252
250 1410
250 727
250 2807
251 252
251 253
251 2870
251 1285
251 2668
251 2937
252 253
252 254
252 1649
252 1309
253 254
253 255
253 2435
253 262
253 2631
254 255
254 256
254 2306
255 256
255 257
255 2431
255 2299
256 257
256 258
256 2352
257 258
257 259
258 259
258 260
259 260
259 261
259 482
260 261
260 262
260 751
260 2075
261 262
261 263
261 1803
261 378
261 2623
262 263
262 264
263 264
263 265
263 273
263 2616
264 265
264 266
264 1010
264 2656
264 2168
265 266
265 267
265 2089
265 2783
266 267
266 268
267 268
267 269
267 745
268 269
268 270
268 1865
268 1562
269 270
269 271
269 633
269 1342
269 2735
270 271
270 272
270 1458
270 1675
271 272
271 273
271 2650
271 1107
272 273
272 274
272 1120
272 1226
272 1572
273 274
273 275
273 1225
273 1603
273 596
274 275
274 276
274 2227
275 276
275 277
275 1336
276 277
276 278
276 2856
277 278
277 279
277 1278
278 279
278 280
278 2368
278 1972
278 2958
279 280
279 281
279 1302
279 2203
279 2531
280 281
280 282
280 2952
280 1603
280 2539
281 282
281 283
281 1809
282 283
282 284
282 1343
283 284
283 285
283 2940
283 2234
284 285
284 286
284 659
284 2154
285 286
285 287
285 766
285 1557
285 1977
285 2550
286 287
286 288
286 2267
287 288
287 289
287 2661
287 693
288 289
288 290
288 2006
288 1168
289 290
289 291
289 1103
289 1603
290 291
290 292
290 1629
291 292
291 293
291 322
291 1781
292 293
292 294
292 504
292 2822
292 301
292 587
293 294
293 295
293 970
293 1295
293 2351
294 295
294 296
294 2315
295 296
295 297
295 1961
295 579
295 1423
295 2684
296 297
296 298
296 1538
296 2556
297 298
297 299
298 299
298 300
298 1212
298 2141
299 300
299 301
299 2766
300 301
300 302
301 302
301 303
301 1066
301 1811
302 303
302 304
302 2015
302 458
303 304
303 305
303 1568
303 2332
304 305
304 306
304 2113
304 1370
305 306
305 307
305 441
306 307
306 308
306 1821
307 308
307 309
308 309
308 310
308 1160
308 1992
308 2449
309 310
309 311
309 2904
309 1046
309 1578
310 311
310 312
310 1487
310 346
310 1136
310 1735
310 1774
311 312
311 313
311 2234
312 313
312 314
312 692
313 314
313 315
313 889
313 1928
313 2151
314 315
314 316
314 823
314 346
315 316
315 317
315 2813
316 317
316 318
316 464
317 318
317 319
317 776
318 319
318 320
319 320
319 321
320 321
320 322
320 1971
320 2595
321 322
321 323
321 1826
321 1245
322 323
322 324
322 2571
323 324
323 325
324 325
324 326
324 708
325 326
325 327
325 1990
325 608
326 327
326 328
326 594
326 1445
327 328
327 329
328 329
328 330
328 2982
328 1849
329 330
329 331
329 1667
329 1434
329 1710
330 331
330 332
330 390
330 1145
331 332
331 333
331 2782
331 1573
332 333
332 334
332 2257
333 334
333 335
333 2389
334 335
334 336
334 2479
334 2254
334 1223
335 336
335 337
336 337
336 338
336 2963
337 338
337 339
337 1545
337 2509
338 339
338 340
338 1537
338 447
338 779
338 1007
338 2680
339 340
339 341
339 2015
340 341
340 342
340 2901
341 342
341 343
341 1502
341 2296
342 343
342 344
342 1350
343 344
343 345
343 2914
343 759
344 345
344 346
344 724
344 2722
344 876
345 346
345 347
345 506
345 2669
346 347
346 348
347 348
347 349
347 2641
347 1359
347 2052
347 2824
348 349
348 350
349 350
349 351
349 970
349 385
350 351
350 352
350 2863
350 777
351 352
351 353
351 598
351 478
351 1389
351 1479
351 1917
351 1956
352 353
352 354
352 1625
353 354
353 355
354 355
354 356
355 356
355 357
355 2552
356 357
356 358
356 1696
356 2697
356 749
357 358
357 359
357 1109
358 359
358 360
358 2454
358 1952
359 360
359 361
360 361
360 362
360 1945
360 514
360 1330
361 362
361 363
361 2926
361 1826
362 363
362 364
362 2343
363 364
363 365
363 1602
364 365
364 366
364 2606
364 712
364 2649
365 366
365 367
365 2909
366 367
366 368
366 2666
367 368
367 369
367 773
367 1666
367 1947
368 369
368 370
368 755
368 499
368 1780
369 370
369 371
369 811
370 371
370 372
370 2045
370 2604
370 1857
371 372
371 373
371 1488
371 721
371 1915
371 2001
372 373
372 374
372 602
372 2915
373 374
373 375
373 2350
373 2224
373 2508
374 375
374 376
374 927
375 376
375 377
375 2019
376 377
376 378
376 1847
376 559
376 1841
376 1913
376 1970
377 378
377 379
377 1850
378 379
378 380
379 380
379 381
379 2555
380 381
380 382
380 2733
381 382
381 383
381 2848
381 384
382 383
382 384
382 1980
383 384
383 385
383 2982
384 385
384 386
384 1823
384 2611
385 386
385 387
385 1504
386 387
386 388
386 1715
386 1687
387 388
387 389
387 2491
388 389
388 390
388 1011
389 390
389 391
390 391
390 392
390 2978
390 1236
390 964
390 2525
391 392
391 393
391 2783
391 2584
391 2398
392 393
392 394
392 1323
392 1575
393 394
393 395
393 1667
394 395
394 396
394 464
395 396
395 397
395 426
395 2510
395 1868
396 397
396 398
396 551
397 398
397 399
397 786
398 399
398 400
398 2175
398 697
398 925
398 1158
398 1757
398 2441
399 400
399 401
399 2061
400 401
400 402
401 402
401 403
401 2499
402 403
402 404
403 404
403 405
403 2355
403 1304
404 405
404 406
404 1514
405 406
405 407
405 1852
405 2821
406 407
406 408
406 1202
406 2056
406 442
406 2725
407 408
407 409
408 409
408 410
408 2681
409 410
409 411
409 2751
410 411
410 412
410 2756
411 412
411 413
411 1149
411 1375
412 413
412 414
412 2125
413 414
413 415
414 415
414 416
414 1406
414 1897
415 416
415 417
415 2227
415 470
416 417
416 418
416 2199
417 418
417 419
418 419
418 420
418 856
419 420
419 421
419 2798
419 538
420 421
420 422
420 1858
420 1415
421 422
421 423
421 1345
422 423
422 424
422 607
422 1777
422 2804
423 424
423 425
424 425
424 426
424 848
425 426
425 427
425 2528
426 427
426 428
426 1763
427 428
427 429
427 608
427 2110
428 429
428 430
428 1155
428 1803
429 430
429 431
430 431
430 432
430 512
431 432
431 433
431 1821
432 433
432 434
432 1198
432 2966
432 1955
433 434
433 435
433 1652
433 1944
434 435
434 436
434 677
434 2989
435 436
435 437
435 1453
436 437
436 438
436 486
436 1622
436 1747
436 2427
437 438
437 439
438 439
438 440
438 2886
438 2530
438 1114
439 440
439 441
439 2715
440 441
440 442
440 2150
441 442
441 443
441 617
441 1959
441 1769
442 443
442 444
442 827
443 444
443 445
444 445
444 446
445 446
445 447
445 2861
445 1753
446 447
446 448
447 448
447 449
447 617
447 869
447 1820
448 449
448 450
449 450
449 451
449 2939
449 2199
450 451
450 452
451 452
451 453
451 2713
451 1504
452 453
452 454
453 454
453 455
453 481
454 455
454 456
454 2745
455 456
455 457
455 1049
455 2085
456 457
456 458
457 458
457 459
457 1171
457 564
458 459
458 460
458 707
458 492
459 460
459 461
459 2346
459 985
459 1220
459 2191
459 2403
460 461
460 462
460 2482
461 462
461 463
461 2991
461 1560
462 463
462 464
462 781
463 464
463 465
463 1627
464 465
464 466
465 466
465 467
465 512
466 467
466 468
466 1989
466 2528
467 468
467 469
467 1909
467 1454
468 469
468 470
468 2866
469 470
469 471
469 982
469 2321
470 471
470 472
470 899
470 2573
471 472
471 473
471 1022
471 2165
471 2967
472 473
472 474
473 474
473 475
473 1856
474 475
474 476
474 2434
474 2341
474 780
475 476
475 477
475 2575
475 2826
476 477
476 478
476 2149
476 1417
477 478
477 479
477 662
478 479
478 480
478 1305
478 1599
479 480
479 481
479 2870
480 481
480 482
481 482
481 483
482 483
482 484
482 622
483 484
483 485
484 485
484 486
484 925
485 486
485 487
485 1605
486 487
486 488
486 531
486 1674
487 488
487 489
488 489
488 490
488 2928
489 490
489 491
489 2319
489 1427
489 1643
490 491
490 492
490 2660
490 1821
491 492
491 493
491 1356
491 982
491 1848
491 2234
492 493
492 494
492 592
492 1686
493 494
493 495
493 1061
494 495
494 496
494 1197
495 496
495 497
495 1996
495 1958
495 1141
495 1757
496 497
496 498
496 1656
496 1607
497 498
497 499
497 2690
498 499
498 500
498 2868
498 1546
498 2642
499 500
499 501
499 1217
499 1556
500 501
500 502
500 1206
500 685
500 2530
501 502
501 503
501 2700
502 503
502 504
502 2986
502 930
503 504
503 505
503 561
503 1553
503 2841
504 505
504 506
504 692
505 506
505 507
505 2466
505 1730
505 1378
506 507
506 508
507 508
507 509
508 509
508 510
508 2521
509 510
509 511
510 511
510 512
510 2545
511 512
511 513
512 513
512 514
512 2446
513 514
513 515
514 515
514 516
515 516
515 517
515 2465
515 1854
516 517
516 518
516 2181
516 925
517 518
517 519
518 519
518 520
518 1155
519 520
519 521
519 1962
519 1022
519 1765
519 2563
520 521
520 522
520 982
520 1154
521 522
521 523
521 1688
522 523
522 524
522 1959
522 2613
522 1564
523 524
523 525
523 2423
524 525
524 526
524 1501
525 526
525 527
525 1399
525 2519
526 527
526 528
526 1003
526 1275
526 1596
526 1611
527 528
527 529
527 1556
527 1873
528 529
528 530
528 2767
529 530
529 531
530 531
530 532
530 1180
530 1187
531 532
531 533
531 1807
531 2515
531 2576
531 2919
532 533
532 534
532 2893
533 534
533 535
533 2433
534 535
534 536
534 550
534 2793
534 885
535 536
535 537
536 537
536 538
536 1782
536 1214
536 2801
537 538
537 539
537 942
537 1552
537 1657
537 2392
538 539
538 540
539 540
539 541
539 2790
539 925
540 541
540 542
540 2933
540 1365
540 2074
540 2396
541 542
541 543
541 2905
541 1151
542 543
542 544
543 544
543 545
543 2763
543 2309
544 545
544 546
545 546
545 547
546 547
546 548
547 548
547 549
548 549
548 550
548 2924
549 550
549 551
549 2945
550 551
550 552
550 2788
550 587
550 1360
551 552
551 553
551 765
551 826
552 553
552 554
553 554
553 555
553 2271
554 555
554 556
554 1059
555 556
555 557
556 557
556 558
556 1029
556 1040
556 1298
556 1627
556 1683
557 558
557 559
557 1209
557 1946
557 2373
557 2652
558 559
558 560
559 560
559 561
559 2343
560 561
560 562
560 1479
560 2970
561 562
561 563
562 563
562 564
562 2868
563 564
563 565
563 1658
563 2550
563 2760
564 565
564 566
564 718
564 1058
564 1722
565 566
565 567
565 2080
565 1919
566 567
566 568
566 2026
566 2455
567 568
567 569
567 1696
567 771
568 569
568 570
568 613
569 570
569 571
569 2521
570 571
570 572
570 2235
570 1356
570 1840
571 572
571 573
571 2908
571 2984
572 573
572 574
573 574
573 575
574 575
574 576
574 2401
574 1763
574 610
575 576
575 577
575 2313
576 577
576 578
576 2907
577 578
577 579
577 2446
578 579
578 580
578 652
579 580
579 581
579 2701
579 1717
580 581
580 582
580 1228
580 2925
581 582
581 583
581 2794
582 583
582 584
582 1307
582 1583
583 584
583 585
583 1817
584 585
584 586
584 2182
584 1559
584 2339
584 2561
585 586
585 587
585 2544
585 1896
586 587
586 588
586 2469
587 588
587 589
588 589
588 590
588 1236
589 590
589 591
589 1866
589 1563
589 2430
590 591
590 592
590 2954
590 2114
590 2786
591 592
591 593
592 593
592 594
593 594
593 595
593 1635
594 595
594 596
594 2026
594 2496
594 1825
595 596
595 597
595 926
595 1190
596 597
596 598
597 598
597 599
597 2229
598 599
598 600
598 2937
599 600
599 601
600 601
600 602
601 602
601 603
601 940
601 1729
602 603
602 604
603 604
603 605
603 2241
603 2931
604 605
604 606
604 1636
604 1922
605 606
605 607
605 2015
606 607
606 608
606 1696
607 608
607 609
608 609
608 610
608 1163
609 610
609 611
609 1255
610 611
610 612
610 1146
611 612
611 613
611 990
611 1035
611 1539
612 613
612 614
612 1929
612 783
613 614
613 615
613 748
613 1172
614 615
614 616
614 2742
615 616
615 617
615 1243
615 2116
615 2369
616 617
616 618
617 618
617 619
618 619
618 620
619 620
619 621
619 2591
619 2667
620 621
620 622
620 2054
621 622
621 623
621 1596
621 2842
622 623
622 624
623 624
623 625
623 2682
623 1860
623 650
624 625
624 626
624 1035
624 2202
625 626
625 627
625 1482
625 1598
626 627
626 628
626 1431
626 2792
627 628
627 629
627 1054
627 1614
627 2856
628 629
628 630
628 1157
628 2046
629 630
629 631
629 1556
629 1911
630 631
630 632
630 1317
631 632
631 633
631 870
632 633
632 634
632 2816
632 2293
633 634
633 635
633 1705
633 2726
634 635
634 636
634 1705
635 636
635 637
635 2263
636 637
636 638
636 1827
637 638
637 639
637 943
637 1969
638 639
638 640
638 1471
639 640
639 641
639 2701
640 641
640 642
640 2716
641 642
641 643
641 1521
641 2605
642 643
642 644
642 2522
643 644
643 645
643 2553
644 645
644 646
644 706
645 646
645 647
646 647
646 648
646 1845
646 1018
647 648
647 649
647 2470
647 2597
648 649
648 650
648 2006
648 2121
648 2791
649 650
649 651
649 2622
650 651
650 652
651 652
651 653
651 812
651 1120
652 653
652 654
652 670
652 1175
653 654
653 655
653 1014
654 655
654 656
654 2244
655 656
655 657
655 1327
655 2001
655 2373
656 657
656 658
656 2892
657 658
657 659
657 1694
657 2135
657 1967
657 2628
658 659
658 660
659 660
659 661
659 2658
660 661
660 662
660 835
660 2620
661 662
661 663
661 1676
661 1012
662 663
662 664
663 664
663 665
663 2671
664 665
664 666
664 1878
664 2309
664 2195
664 2645
665 666
665 667
665 675
665 1427
665 2316
665 2702
666 667
666 668
666 1116
666 2786
667 668
667 669
667 1545
668 669
668 670
668 1210
668 1013
668 1334
668 1580
669 670
669 671
669 805
670 671
670 672
670 734
670 1649
671 672
671 673
671 956
672 673
672 674
672 1764
673 674
673 675
673 2966
674 675
674 676
674 908
675 676
675 677
675 886
675 2746
675 881
675 1637
675 2479
676 677
676 678
676 2058
676 2414
677 678
677 679
677 2575
678 679
678 680
678 1393
679 680
679 681
680 681
680 682
680 1092
680 2560
680 2778
681 682
681 683
681 2240
682 683
682 684
682 1957
683 684
683 685
683 2886
683 1749
684 685
684 686
684 1382
685 686
685 687
685 1448
686 687
686 688
686 1912
687 688
687 689
687 1219
687 1437
688 689
688 690
688 1452
689 690
689 691
690 691
690 692
690 1139
690 2865
691 692
691 693
691 2747
691 1693
692 693
692 694
692 1440
692 2173
692 2572
693 694
693 695
693 2414
693 1047
694 695
694 696
695 696
695 697
695 1725
695 891
695 1100
696 697
696 698
697 698
697 699
698 699
698 700
698 2583
698 1004
699 700
699 701
700 701
700 702
700 2046
701 702
701 703
701 2097
701 974
702 703
702 704
703 704
703 705
703 2416
703 1744
704 705
704 706
704 2029
705 706
705 707
705 1972
705 1944
706 707
706 708
707 708
707 709
707 2162
707 2226
708 709
708 710
708 1268
708 2564
709 710
709 711
709 1879
710 711
710 712
710 2808
711 712
711 713
712 713
712 714
712 2406
712 2368
713 714
713 715
713 2504
713 2165
714 715
714 716
714 2074
715 716
715 717
715 1990
715 979
716 717
716 718
716 2768
716 2048
716 2659
717 718
717 719
717 1099
718 719
718 720
718 1644
719 720
719 721
719 2965
720 721
720 722
721 722
721 723
721 1633
722 723
722 724
722 1914
722 2219
723 724
723 725
723 1633
723 2707
724 725
724 726
724 1993
724 1264
724 1321
725 726
725 727
725 2966
725 729
726 727
726 728
726 2158
726 883
727 728
727 729
728 729
728 730
729 730
729 731
730 731
730 732
730 1389
730 1681
730 1763
730 1973
731 732
731 733
731 1243
732 733
732 734
732 2559
733 734
733 735
733 2277
733 2605
734 735
734 736
734 2701
735 736
735 737
735 1009
735 1835
736 737
736 738
736 2223
736 2040
737 738
737 739
737 831
737 2393
737 2491
738 739
738 740
738 2030
739 740
739 741
739 2746
740 741
740 742
740 1541
741 742
741 743
741 1035
741 2901
742 743
742 744
742 827
742 2019
743 744
743 745
744 745
744 746
744 899
744 2019
744 1447
745 746
745 747
745 1740
745 2731
746 747
746 748
746 2746
747 748
747 749
747 2048
748 749
748 750
748 1604
749 750
749 751
750 751
750 752
750 2119
751 752
751 753
751 1070
752 753
752 754
752 835
753 754
753 755
754 755
754 756
755 756
755 757
755 1980
755 865
756 757
756 758
756 807
757 758
757 759
757 2844
757 2724
758 759
758 760
758 1053
758 2118
758 2502
759 760
759 761
760 761
760 762
760 909
760 2390
761 762
761 763
761 1715
761 1234
762 763
762 764
762 1285
762 1565
763 764
763 765
763 1543
764 765
764 766
764 1324
764 2297
765 766
765 767
765 899
766 767
766 768
766 2448
767 768
767 769
767 2531
767 2665
768 769
768 770
768 2054
768 1634
768 1225
768 2784
768 2981
769 770
769 771
769 1425
769 2318
770 771
770 772
770 2478
770 1068
770 2271
770 2872
771 772
771 773
772 773
772 774
772 2750
772 790
773 774
773 775
773 1475
774 775
774 776
774 1962
775 776
775 777
775 1738
776 777
776 778
776 1209
777 778
777 779
778 779
778 780
779 780
779 781
779 1518
780 781
780 782
781 782
781 783
781 2345
781 2375
782 783
782 784
782 1014
783 784
783 785
783 2715
784 785
784 786
785 786
785 787
785 1989
785 1472
785 1715
786 787
786 788
786 2139
787 788
787 789
787 874
787 1871
788 789
788 790
788 1341
788 1702
788 2056
789 790
789 791
789 830
789 1563
790 791
790 792
790 1536
791 792
791 793
791 1421
792 793
792 794
792 1522
792 999
792 1052
792 2795
793 794
793 795
793 2112
794 795
794 796
795 796
795 797
795 2388
796 797
796 798
796 2221
797 798
797 799
797 2754
797 1084
798 799
798 800
798 1358
798 2736
799 800
799 801
799 2287
799 1056
799 1067
799 1518
799 2267
800 801
800 802
800 1426
800 1818
801 802
801 803
801 2675
801 2853
802 803
802 804
802 1587
803 804
803 805
803 937
803 886
804 805
804 806
804 2547
805 806
805 807
805 1674
805 1123
806 807
806 808
806 1375
806 1894
807 808
807 809
807 1786
808 809
808 810
808 1875
809 810
809 811
809 2892
809 1516
810 811
810 812
810 2848
810 1568
811 812
811 813
811 2951
812 813
812 814
812 1352
812 1033
813 814
813 815
813 1632
813 2591
813 1504
814 815
814 816
814 2063
814 1849
814 2780
815 816
815 817
815 2339
815 1623
816 817
816 818
816 2618
817 818
817 819
818 819
818 820
818 2038
819 820
819 821
819 946
819 2123
819 2997
820 821
820 822
821 822
821 823
821 2425
821 907
821 1229
821 2307
822 823
822 824
822 981
822 2041
823 824
823 825
824 825
824 826
824 2423
825 826
825 827
825 1864
826 827
826 828
826 2941
826 1176
827 828
827 829
828 829
828 830
828 953
829 830
829 831
830 831
830 832
830 891
830 2063
831 832
831 833
831 2444
832 833
832 834
832 1588
833 834
833 835
833 2494
833 1025
833 1224
834 835
834 836
834 2918
835 836
835 837
835 1259
835 2061
836 837
836 838
836 1016
836 1180
836 1446
837 838
837 839
837 1657
837 2904
838 839
838 840
838 934
838 2478
839 840
839 841
839 1190
839 1403
840 841
840 842
840 1922
840 1944
841 842
841 843
842 843
842 844
843 844
843 845
843 2848
843 2919
844 845
844 846
844 1772
845 846
845 847
845 2926
845 2012
845 2861
846 847
846 848
847 848
847 849
847 1092
847 2864
848 849
848 850
848 1653
849 850
849 851
849 960
849 1913
850 851
850 852
850 1360
851 852
851 853
851 1380
851 1314
851 2305
852 853
852 854
853 854
853 855
853 2361
853 2266
854 855
854 856
855 856
855 857
856 857
856 858
857 858
857 859
857 2547
857 1651
857 877
857 878
858 859
858 860
858 2991
859 860
859 861
859 905
859 2416
860 861
860 862
860 2466
861 862
861 863
861 2802
862 863
862 864
862 1917
862 2062
863 864
863 865
863 1570
863 2661
864 865
864 866
864 1731
864 957
864 2789
865 866
865 867
866 867
866 868
866 1852
866 1378
867 868
867 869
868 869
868 870
868 2872
869 870
869 871
870 871
870 872
870 1777
870 2208
870 2436
870 2746
871 872
871 873
871 2761
872 873
872 874
872 2638
872 1839
873 874
873 875
873 2552
873 2230
874 875
874 876
874 2899
874 1641
875 876
875 877
875 2680
876 877
876 878
876 1834
877 878
877 879
877 1357
877 1656
878 879
878 880
879 880
879 881
879 1886
879 1138
879 2515
880 881
880 882
881 882
881 883
881 1081
881 1537
882 883
882 884
882 2946
882 897
882 2520
882 2630
883 884
883 885
883 2261
884 885
884 886
884 1846
884 2014
885 886
885 887
885 1321
885 1969
885 2127
886 887
886 888
887 888
887 889
887 1274
888 889
888 890
889 890
889 891
889 1560
890 891
890 892
891 892
891 893
891 2988
891 1178
891 2229
892 893
892 894
893 894
893 895
894 895
894 896
894 1712
895 896
895 897
895 1350
896 897
896 898
897 898
897 899
897 2219
898 899
898 900
899 900
899 901
899 1645
899 1143
899 2422
900 901
900 902
900 2519
901 902
901 903
901 1194
901 1039
902 903
902 904
902 1458
903 904
903 905
903 1774
903 2082
904 905
904 906
904 955
904 1432
904 2675
905 906
905 907
905 2660
905 1608
906 907
906 908
906 938
906 1428
906 2150
906 2652
906 2746
906 2911
907 908
907 909
907 2311
908 909
908 910
909 910
909 911
909 2229
909 2335
910 911
910 912
910 2511
910 2007
911 912
911 913
911 2700
912 913
912 914
912 1571
913 914
913 915
913 1451
913 2662
914 915
914 916
914 1823
914 937
915 916
915 917
915 1840
915 1073
916 917
916 918
916 2894
917 918
917 919
917 1614
917 2253
918 919
918 920
919 920
919 921
919 964
919 2889
919 2990
920 921
920 922
920 2737
920 2026
921 922
921 923
921 1553
922 923
922 924
923 924
923 925
923 2731
923 1307
923 2423
923 2520
924 925
924 926
924 2418
925 926
925 927
925 1106
925 2762
926 927
926 928
927 928
927 929
927 1819
927 2099
928 929
928 930
929 930
929 931
929 1023
930 931
930 932
930 2059
931 932
931 933
931 1454
931 1524
931 1571
931 2927
932 933
932 934
932 2820
933 934
933 935
933 2810
933 1212
933 1488
934 935
934 936
935 936
935 937
936 937
936 938
936 989
937 938
937 939
937 960
937 2257
938 939
938 940
938 1294
939 940
939 941
939 1332
940 941
940 942
940 2244
941 942
941 943
941 1611
942 943
942 944
942 2608
942 2616
943 944
943 945
943 1801
943 1833
943 2193
944 945
944 946
945 946
945 947
945 2798
946 947
946 948
946 1466
947 948
947 949
947 1634
948 949
948 950
948 1826
949 950
949 951
949 1132
949 1830
950 951
950 952
950 2904
950 2693
951 952
951 953
952 953
952 954
952 2402
953 954
953 955
953 1315
954 955
954 956
954 1715
955 956
955 957
955 1102
955 1250
956 957
956 958
956 2687
956 2880
957 958
957 959
957 1727
958 959
958 960
959 960
959 961
959 2741
959 1917
959 2245
959 2799
960 961
960 962
960 2007
961 962
961 963
961 1719
961 1878
961 1899
962 963
962 964
962 1895
962 2618
963 964
963 965
963 1820
964 965
964 966
964 2476
965 966
965 967
965 2813
966 967
966 968
966 1044
967 968
967 969
967 1776
967 1734
968 969
968 970
968 1817
969 970
969 971
969 1695
969 2144
969 1134
969 1305
970 971
970 972
971 972
971 973
971 1138
971 1440
972 973
972 974
972 2174
972 2744
973 974
973 975
973 1827
973 1728
973 1166
973 1459
974 975
974 976
974 2444
975 976
975 977
975 1591
976 977
976 978
977 978
977 979
977 1697
977 1870
978 979
978 980
978 2656
979 980
979 981
979 2825
979 2982
980 981
980 982
980 1136
981 982
981 983
982 983
982 984
982 985
983 984
983 985
984 985
984 986
985 986
985 987
985 1160
985 1267
985 1704
985 1798
985 2959
986 987
986 988
986 1266
986 1513
986 1664
986 1795
987 988
987 989
987 1017
988 989
988 990
988 2698
989 990
989 991
989 1154
990 991
990 992
990 2536
990 2057
991 992
991 993
991 1545
991 2345
992 993
992 994
992 2281
993 994
993 995
994 995
994 996
994 1480
994 1927
995 996
995 997
995 1166
996 997
996 998
997 998
997 999
997 1988
998 999
998 1000
998 1235
998 1936
998 1505
999 1000
999 1001
1000 1001
1000 1002
1000 2617
1000 1700
1000 1475
1001 1002
1001 1003
1001 2436
1001 2320
1002 1003
1002 1004
1002 1494
1003 1004
1003 1005
1003 1469
1003 2282
1004 1005
1004 1006
1005 1006
1005 1007
1005 2132
1006 1007
1006 1008
1007 1008
1007 1009
1008 1009
1008 1010
1008 2384
1008 2131
1009 1010
1009 1011
1009 2701
1009 2428
1009 2594
1010 1011
1010 1012
1011 1012
1011 1013
1011 1034
1011 1939
1012 1013
1012 1014
1012 2806
1012 1037
1013 1014
1013 1015
1014 1015
1014 1016
1015 1016
1015 1017
1015 1825
1016 1017
1016 1018
1017 1018
1017 1019
1017 2771
1018 1019
1018 1020
1018 2529
1019 1020
1019 1021
1020 1021
1020 1022
1021 1022
1021 1023
1021 1273
1022 1023
1022 1024
1022 1306
1023 1024
1023 1025
1023 1932
1024 1025
1024 1026
1024 2775
1025 1026
1025 1027
1025 2512
1025 1704
1025 2430
1026 1027
1026 1028
1026 1484
1027 1028
1027 1029
1027 1696
1027 2264
1028 1029
1028 1030
1029 1030
1029 1031
1030 1031
1030 1032
1030 2186
1030 1888
1031 1032
1031 1033
1031 1462
1031 1938
1031 2474
1031 2532
1032 1033
1032 1034
1032 2283
1033 1034
1033 1035
1033 2709
1034 1035
1034 1036
1034 2624
1034 2329
1035 1036
1035 1037
1035 2565
1036 1037
1036 1038
1036 1231
1037 1038
1037 1039
1038 1039
1038 1040
1038 2346
1039 1040
1039 1041
1040 1041
1040 1042
1040 1758
1041 1042
1041 1043
1041 1409
1042 1043
1042 1044
1042 2162
1042 1248
1043 1044
1043 1045
1043 1855
1044 1045
1044 1046
1044 2588
1045 1046
1045 1047
1045 1276
1045 2545
1046 1047
1046 1048
1047 1048
1047 1049
1047 1674
1047 1601
1048 1049
1048 1050
1049 1050
1049 1051
1050 1051
1050 1052
1050 1405
1051 1052
1051 1053
1051 2577
1051 1523
1051 1931
1052 1053
1052 1054
1052 2577
1052 1277
1053 1054
1053 1055
1053 1954
1054 1055
1054 1056
1054 1412
1054 2995
1055 1056
1055 1057
1056 1057
1056 1058
1056 2080
1056 1334
1056 2380
1057 1058
1057 1059
1057 2352
1058 1059
1058 1060
1058 2753
1059 1060
1059 1061
1060 1061
1060 1062
1060 1717
1061 1062
1061 1063
1062 1063
1062 1064
1062 1338
1062 1837
1063 1064
1063 1065
1064 1065
1064 1066
1065 1066
1065 1067
1065 1678
1066 1067
1066 1068
1067 1068
1067 1069
1067 2542
1067 1485
1067 2543
1068 1069
1068 1070
1068 2272
1068 2066
1069 1070
1069 1071
1069 1331
1069 1211
1070 1071
1070 1072
1070 1363
1070 2365
1071 1072
1071 1073
1071 2709
1072 1073
1072 1074
1072 1815
1072 2124
1073 1074
1073 1075
1073 1754
1073 2795
1073 1551
1074 1075
1074 1076
1074 2512
1075 1076
1075 1077
1075 1132
1076 1077
1076 1078
1076 2589
1076 2124
1076 2619
1077 1078
1077 1079
1077 2433
1077 2014
1078 1079
1078 1080
1078 1444
1079 1080
1079 1081
1079 2089
1079 2327
1080 1081
1080 1082
1080 1811
1080 1282
1081 1082
1081 1083
1081 2048
1081 2190
1081 2217
1081 2559
1082 1083
1082 1084
1082 1898
1082 1336
1082 1546
1083 1084
1083 1085
1083 1502
1084 1085
1084 1086
1084 1354
1084 2200
1085 1086
1085 1087
1085 1571
1085 2462
1086 1087
1086 1088
1086 2266
1086 2253
1087 1088
1087 1089
1087 1735
1088 1089
1088 1090
1088 2955
1088 1401
1089 1090
1089 1091
1089 1902
1089 2091
1090 1091
1090 1092
1090 1845
1090 2260
1091 1092
1091 1093
1091 2667
1092 1093
1092 1094
1093 1094
1093 1095
1093 1536
1094 1095
1094 1096
1094 2546
1094 2931
1095 1096
1095 1097
1096 1097
1096 1098
1096 2036
1097 1098
1097 1099
1097 2514
1098 1099
1098 1100
1098 2624
1099 1100
1099 1101
1099 1464
1099 2357
1100 1101
1100 1102
1100 1566
1100 2349
1101 1102
1101 1103
1101 1975
1102 1103
1102 1104
1102 1510
1103 1104
1103 1105
1103 1831
1103 1841
1103 2417
1104 1105
1104 1106
1105 1106
1105 1107
1105 1720
1106 1107
1106 1108
1106 2097
1106 2389
1107 1108
1107 1109
1107 2633
1108 1109
1108 1110
1108 2026
1109 1110
1109 1111
1109 2744
1110 1111
1110 1112
1110 1219
1110 1233
1110 2064
1111 1112
1111 1113
1111 1423
1111 1928
1112 1113
1112 1114
1113 1114
1113 1115
1113 2405
1114 1115
1114 1116
1114 1311
1115 1116
1115 1117
1115 2530
1115 1398
1115 2640
1116 1117
1116 1118
1116 1228
1116 1602
1117 1118
1117 1119
1118 1119
1118 1120
1119 1120
1119 1121
1119 2370
1119 2401
1120 1121
1120 1122
1120 1139
1120 2705
1121 1122
1121 1123
1122 1123
1122 1124
1122 1906
1122 2082
1123 1124
1123 1125
1124 1125
1124 1126
1124 1416
1124 1428
1125 1126
1125 1127
1126 1127
1126 1128
1126 2506
1126 2917
1126 2940
1127 1128
1127 1129
1127 2313
1128 1129
1128 1130
1128 1688
1128 1640
1129 1130
1129 1131
1130 1131
1130 1132
1130 2507
1130 2720
1131 1132
1131 1133
1132 1133
1132 1134
1133 1134
1133 1135
1134 1135
1134 1136
1135 1136
1135 1137
1136 1137
1136 1138
1136 1989
1137 1138
1137 1139
1138 1139
1138 1140
1138 2991
1138 2529
1138 1963
1139 1140
1139 1141
1139 1256
1139 2739
1140 1141
1140 1142
1140 2982
1141 1142
1141 1143
1141 1659
1141 2868
1141 2961
1142 1143
1142 1144
1142 2247
1142 1285
1142 2993
1143 1144
1143 1145
1143 1603
1143 2453
1144 1145
1144 1146
1144 1444
1144 1700
1144 2252
1144 2689
1145 1146
1145 1147
1146 1147
1146 1148
1147 1148
1147 1149
1147 2184
1148 1149
1148 1150
1148 2219
1148 1901
1148 1750
1149 1150
1149 1151
1149 1431
1149 2464
1149 2911
1149 2968
1150 1151
1150 1152
1151 1152
1151 1153
1152 1153
1152 1154
1152 2306
1152 2785
1152 1252
1152 1319
1152 1590
1153 1154
1153 1155
1153 1675
1154 1155
1154 1156
1155 1156
1155 1157
1156 1157
1156 1158
1156 1259
1157 1158
1157 1159
1157 1969
1157 2040
1157 2768
1158 1159
1158 1160
1158 1664
1159 1160
1159 1161
1159 2342
1159 1460
1159 1768
1159 2834
1160 1161
1160 1162
1160 1212
1161 1162
1161 1163
1161 2335
1161 2821
1162 1163
1162 1164
1162 2324
1162 1755
1163 1164
1163 1165
1164 1165
1164 1166
1164 1474
1165 1166
1165 1167
1165 1556
1166 1167
1166 1168
1166 1216
1167 1168
1167 1169
1167 2372
1168 1169
1168 1170
1168 2227
1169 1170
1169 1171
1170 1171
1170 1172
1171 1172
1171 1173
1171 2947
1172 1173
1172 1174
1173 1174
1173 1175
1173 1402
1174 1175
1174 1176
1174 1379
1175 1176
1175 1177
1175 1577
1176 1177
1176 1178
1176 2053
1176 2560
1177 1178
1177 1179
1177 2361
1178 1179
1178 1180
1178 2344
1179 1180
1179 1181
1179 1522
1179 1641
1179 1891
1180 1181
1180 1182
1181 1182
1181 1183
1181 2425
1182 1183
1182 1184
1182 1355
1182 1341
1183 1184
1183 1185
1183 1908
1184 1185
1184 1186
1184 1720
1184 2419
1185 1186
1185 1187
1185 1375
1185 2242
1186 1187
1186 1188
1186 1214
1186 2487
1186 1246
1187 1188
1187 1189
1188 1189
1188 1190
1188 1212
1189 1190
1189 1191
1189 2191
1189 1549
1190 1191
1190 1192
1190 1303
1191 1192
1191 1193
1192 1193
1192 1194
1192 1282
1192 1665
1193 1194
1193 1195
1193 1416
1193 2542
1194 1195
1194 1196
1194 2328
1194 2877
1195 1196
1195 1197
1195 1709
1195 2252
1195 1394
1196 1197
1196 1198
1196 2856
1197 1198
1197 1199
1198 1199
1198 1200
1198 2810
1198 1625
1198 2729
1198 2942
1199 1200
1199 1201
1199 2084
1200 1201
1200 1202
1200 1223
1200 1976
1200 2092
1200 2398
1201 1202
1201 1203
1202 1203
1202 1204
1202 2258
1202 2855
1202 2105
1203 1204
1203 1205
1203 1904
1203 1822
1204 1205
1204 1206
1204 2569
1204 2463
1204 1215
1204 2875
1205 1206
1205 1207
1205 1702
1205 2407
1205 2007
1206 1207
1206 1208
1206 2188
1207 1208
1207 1209
1207 1734
1208 1209
1208 1210
1208 1500
1208 1505
1209 1210
1209 1211
1209 2879
1210 1211
1210 1212
1210 2482
1211 1212
1211 1213
1211 1839
1212 1213
1212 1214
1212 2653
1213 1214
1213 1215
1213 2495
1213 1343
1213 1357
1214 1215
1214 1216
1214 2075
1214 2464
1215 1216
1215 1217
1215 1292
1215 1725
1215 1904
1215 2309
1216 1217
1216 1218
1216 1898
1217 1218
1217 1219
1217 2042
1218 1219
1218 1220
1219 1220
1219 1221
1219 1827
1219 2850
1220 1221
1220 1222
1220 2544
1221 1222
1221 1223
1221 2358
1222 1223
1222 1224
1222 2591
1223 1224
1223 1225
1224 1225
1224 1226
1224 1760
1224 2414
1225 1226
1225 1227
1225 1278
1226 1227
1226 1228
1226 2611
1227 1228
1227 1229
1228 1229
1228 1230
1229 1230
1229 1231
1230 1231
1230 1232
1230 1758
1231 1232
1231 1233
1232 1233
1232 1234
1233 1234
1233 1235
1234 1235
1234 1236
1234 1449
1235 1236
1235 1237
1235 2422
1236 1237
1236 1238
1236 1781
1236 2630
1237 1238
1237 1239
1238 1239
1238 1240
1238 2049
1238 2328
1239 1240
1239 1241
1239 1265
1239 1456
1240 1241
1240 1242
1241 1242
1241 1243
1241 1429
1241 1959
1242 1243
1242 1244
1242 2351
1243 1244
1243 1245
1243 1618
1243 2371
1243 1367
1243 2929
1244 1245
1244 1246
1245 1246
1245 1247
1245 1780
1246 1247
1246 1248
1246 2088
1246 2208
1247 1248
1247 1249
1248 1249
1248 1250
1248 2732
1249 1250
1249 1251
1250 1251
1250 1252
1251 1252
1251 1253
1252 1253
1252 1254
1253 1254
1253 1255
1253 1829
1254 1255
1254 1256
1254 1738
1255 1256
1255 1257
1255 2695
1256 1257
1256 1258
1257 1258
1257 1259
1257 1792
1257 1872
1258 1259
1258 1260
1258 1324
1258 1873
1258 1708
1259 1260
1259 1261
1259 1517
1259 1763
1260 1261
1260 1262
1260 1805
1261 1262
1261 1263
1261 1732
1261 1634
1262 1263
1262 1264
1263 1264
1263 1265
1264 1265
1264 1266
1265 1266
1265 1267
1265 1743
1266 1267
1266 1268
1266 2096
1267 1268
1267 1269
1267 1383
1267 1625
1268 1269
1268 1270
1268 1728
1269 1270
1269 1271
1270 1271
1270 1272
1270 2048
1270 2359
1271 1272
1271 1273
1272 1273
1272 1274
1273 1274
1273 1275
1273 1671
1273 1702
1274 1275
1274 1276
1274 1680
1275 1276
1275 1277
1275 1279
1276 1277
1276 1278
1276 2598
1277 1278
1277 1279
1278 1279
1278 1280
1278 1898
1278 1338
1279 1280
1279 1281
1279 1338
1280 1281
1280 1282
1281 1282
1281 1283
1281 1383
1281 1452
1281 1885
1282 1283
1282 1284
1282 1463
1283 1284
1283 1285
1283 2701
1283 2750
1283 2810
1284 1285
1284 1286
1284 1573
1285 1286
1285 1287
1286 1287
1286 1288
1286 1525
1286 2094
1286 1935
1287 1288
1287 1289
1287 2030
1288 1289
1288 1290
1288 2704
1288 1374
1288 2249
1289 1290
1289 1291
1289 1686
1290 1291
1290 1292
1290 1340
1291 1292
1291 1293
1291 2733
1292 1293
1292 1294
1292 1455
1292 1385
1293 1294
1293 1295
1293 2608
1293 1908
1294 1295
1294 1296
1294 2446
1294 2460
1295 1296
1295 1297
1295 1946
1296 1297
1296 1298
1296 1874
1297 1298
1297 1299
1297 2023
1297 2132
1298 1299
1298 1300
1298 2804
1299 1300
1299 1301
1299 1328
1299 2893
1299 1941
1300 1301
1300 1302
1300 2690
1301 1302
1301 1303
1301 2168
1301 1376
1301 2523
1302 1303
1302 1304
1302 2130
1303 1304
1303 1305
1303 2468
1304 1305
1304 1306
1304 1771
1304 1610
1305 1306
1305 1307
1305 2561
1306 1307
1306 1308
1306 2251
1307 1308
1307 1309
1308 1309
1308 1310
1308 1377
1309 1310
1309 1311
1309 1703
1310 1311
1310 1312
1310 1866
1311 1312
1311 1313
1311 2881
1312 1313
1312 1314
1312 2501
1313 1314
1313 1315
1313 1727
1313 1788
1314 1315
1314 1316
1314 2752
1315 1316
1315 1317
1315 2723
1316 1317
1316 1318
1316 2904
1317 1318
1317 1319
1317 1582
1317 1442
1317 2348
1318 1319
1318 1320
1318 2882
1318 1733
1319 1320
1319 1321
1320 1321
1320 1322
1320 2028
1321 1322
1321 1323
1322 1323
1322 1324
1322 2839
1322 2728
1323 1324
1323 1325
1323 1592
1324 1325
1324 1326
1324 1583
1325 1326
1325 1327
1325 2106
1325 2493
1326 1327
1326 1328
1326 2034
1327 1328
1327 1329
1328 1329
1328 1330
1329 1330
1329 1331
1329 1883
1329 2146
1329 1921
1330 1331
1330 1332
1330 1515
1330 1655
1331 1332
1331 1333
1331 2003
1331 2324
1332 1333
1332 1334
1332 1871
1333 1334
1333 1335
1333 2809
1334 1335
1334 1336
1334 2335
1335 1336
1335 1337
1335 1727
1336 1337
1336 1338
1337 1338
1337 1339
1337 1769
1338 1339
1338 1340
1338 2120
1339 1340
1339 1341
1340 1341
1340 1342
1340 2154
1340 1638
1341 1342
1341 1343
1342 1343
1342 1344
1342 2683
1342 1361
1342 2022
1342 2485
1343 1344
1343 1345
1343 2598
1344 1345
1344 1346
1344 1835
1344 1591
1344 1669
1345 1346
1345 1347
1346 1347
1346 1348
1346 2415
1347 1348
1347 1349
1348 1349
1348 1350
1348 2830
1348 1497
1349 1350
1349 1351
1350 1351
1350 1352
1351 1352
1351 1353
1351 1759
1352 1353
1352 1354
1352 1721
1352 1533
1353 1354
1353 1355
1353 2233
1353 2475
1354 1355
1354 1356
1354 2291
1355 1356
1355 1357
1355 1790
1355 1993
1356 1357
1356 1358
1356 2462
1357 1358
1357 1359
1357 2423
1357 2481
1357 2660
1358 1359
1358 1360
1359 1360
1359 1361
1359 1428
1359 1749
1359 2336
1360 1361
1360 1362
1361 1362
1361 1363
1362 1363
1362 1364
1362 1709
1362 1948
1363 1364
1363 1365
1363 2436
1363 1450
1364 1365
1364 1366
1365 1366
1365 1367
1366 1367
1366 1368
1366 1792
1366 2944
1366 1469
1367 1368
1367 1369
1367 2008
1368 1369
1368 1370
1368 1770
1369 1370
1369 1371
1369 1533
1369 2254
1370 1371
1370 1372
1370 2596
1371 1372
1371 1373
1372 1373
1372 1374
1372 2730
1372 2041
1373 1374
1373 1375
1374 1375
1374 1376
1374 2829
1374 2003
1375 1376
1375 1377
1376 1377
1376 1378
1376 2286
1376 2324
1377 1378
1377 1379
1377 2953
1378 1379
1378 1380
1379 1380
1379 1381
1379 2616
1379 2513
1380 1381
1380 1382
1381 1382
1381 1383
1381 2477
1381 2376
1382 1383
1382 1384
1382 1390
1382 2707
1383 1384
1383 1385
1383 2848
1384 1385
1384 1386
1384 2710
1385 1386
1385 1387
1385 2702
1385 2342
1386 1387
1386 1388
1386 1632
1387 1388
1387 1389
1387 1683
1387 1970
1388 1389
1388 1390
1389 1390
1389 1391
1389 1761
1389 2907
1390 1391
1390 1392
1391 1392
1391 1393
1391 1540
1391 2639
1392 1393
1392 1394
1393 1394
1393 1395
1394 1395
1394 1396
1395 1396
1395 1397
1395 1467
1395 1474
1396 1397
1396 1398
1396 2910
1396 2310
1396 2483
1397 1398
1397 1399
1397 2274
1397 2559
1398 1399
1398 1400
1398 2532
1399 1400
1399 1401
1399 2994
1400 1401
1400 1402
1400 2481
1401 1402
1401 1403
1402 1403
1402 1404
1402 2869
1403 1404
1403 1405
1403 1773
1404 1405
1404 1406
1404 2838
1405 1406
1405 1407
1405 2304
1405 2671
1406 1407
1406 1408
1406 2946
1407 1408
1407 1409
1407 2490
1408 1409
1408 1410
1408 2097
1409 1410
1409 1411
1409 2645
1410 1411
1410 1412
1410 2097
1410 1984
1410 2290
1411 1412
1411 1413
1411 1433
1411 2374
1412 1413
1412 1414
1413 1414
1413 1415
1413 1809
1414 1415
1414 1416
1414 2795
1414 1710
1415 1416
1415 1417
1415 2946
1416 1417
1416 1418
1416 1469
1416 1490
1417 1418
1417 1419
1417 2155
1418 1419
1418 1420
1418 2513
1419 1420
1419 1421
1419 1435
1419 2019
1419 2054
1419 2065
1420 1421
1420 1422
1420 2531
1421 1422
1421 1423
1421 2020
1422 1423
1422 1424
1423 1424
1423 1425
1424 1425
1424 1426
1425 1426
1425 1427
1426 1427
1426 1428
1427 1428
1427 1429
1427 2589
1428 1429
1428 1430
1428 2337
1429 1430
1429 1431
1429 1556
1429 2320
1430 1431
1430 1432
1430 1893
1431 1432
1431 1433
1431 2455
1432 1433
1432 1434
1432 2162
1433 1434
1433 1435
1433 2344
1434 1435
1434 1436
1435 1436
1435 1437
1435 2621
1435 2109
1436 1437
1436 1438
1437 1438
1437 1439
1437 2039
1437 2065
1437 2708
1438 1439
1438 1440
1438 1719
1439 1440
1439 1441
1440 1441
1440 1442
1441 1442
1441 1443
1441 2945
1441 2104
1442 1443
1442 1444
1443 1444
1443 1445
1443 2375
1443 2210
1443 2576
1444 1445
1444 1446
1444 2068
1445 1446
1445 1447
1445 2849
1445 2524
1446 1447
1446 1448
1446 2011
1447 1448
1447 1449
1447 1519
1447 2904
1448 1449
1448 1450
1448 2754
1449 1450
1449 1451
1449 1966
1449 2960
1450 1451
1450 1452
1451 1452
1451 1453
1451 1786
1451 2450
1452 1453
1452 1454
1453 1454
1453 1455
1453 2678
1453 2318
1454 1455
1454 1456
1454 2270
1455 1456
1455 1457
1456 1457
1456 1458
1456 2569
1457 1458
1457 1459
1458 1459
1458 1460
1459 1460
1459 1461
1459 2095
1459 2006
1460 1461
1460 1462
1460 2176
1461 1462
1461 1463
1461 2265
1462 1463
1462 1464
1462 1783
1462 2400
1462 2837
1463 1464
1463 1465
1463 1950
1464 1465
1464 1466
1464 1799
1465 1466
1465 1467
1465 1523
1465 2516
1466 1467
1466 1468
1467 1468
1467 1469
1467 1948
1468 1469
1468 1470
1468 2740
1469 1470
1469 1471
1469 2643
1470 1471
1470 1472
1470 1489
1471 1472
1471 1473
1471 2650
1471 2330
1471 1476
1472 1473
1472 1474
1472 2159
1473 1474
1473 1475
1473 2897
1474 1475
1474 1476
1475 1476
1475 1477
1475 2004
1475 2341
1476 1477
1476 1478
1476 2274
1477 1478
1477 1479
1477 2636
1477 2165
1477 1992
1478 1479
1478 1480
1478 1721
1479 1480
1479 1481
1480 1481
1480 1482
1480 2012
1481 1482
1481 1483
1481 2738
1482 1483
1482 1484
1483 1484
1483 1485
1483 2645
1483 2167
1483 2527
1484 1485
1484 1486
1484 2594
1485 1486
1485 1487
1486 1487
1486 1488
1486 2218
1487 1488
1487 1489
1487 1624
1488 1489
1488 1490
1488 1903
1489 1490
1489 1491
1489 1534
1490 1491
1490 1492
1490 2165
1490 1756
1491 1492
1491 1493
1491 2564
1491 2610
1492 1493
1492 1494
1492 2304
1493 1494
1493 1495
1493 2143
1494 1495
1494 1496
1495 1496
1495 1497
1495 1572
1496 1497
1496 1498
1496 1748
1497 1498
1497 1499
1497 2396
1498 1499
1498 1500
1498 1651
1498 2125
1498 1835
1499 1500
1499 1501
1499 2177
1500 1501
1500 1502
1500 2303
1501 1502
1501 1503
1501 2230
1502 1503
1502 1504
1503 1504
1503 1505
1503 2760
1504 1505
1504 1506
1505 1506
1505 1507
1505 2361
1506 1507
1506 1508
1506 1665
1506 2850
1507 1508
1507 1509
1508 1509
1508 1510
1508 2347
1509 1510
1509 1511
1510 1511
1510 1512
1510 1536
1510 1831
1511 1512
1511 1513
1511 2849
1512 1513
1512 1514
1512 1807
1513 1514
1513 1515
1513 1885
1513 2382
1514 1515
1514 1516
1514 1722
1515 1516
1515 1517
1515 1930
1515 2405
1516 1517
1516 1518
1517 1518
1517 1519
1517 1720
1517 1819
1517 2918
1518 1519
1518 1520
1518 1684
1519 1520
1519 1521
1520 1521
1520 1522
1520 2546
1521 1522
1521 1523
1521 2415
1522 1523
1522 1524
1523 1524
1523 1525
1524 1525
1524 1526
1524 1907
1524 2469
1525 1526
1525 1527
1525 1808
1526 1527
1526 1528
1526 1949
1527 1528
1527 1529
1527 2536
1528 1529
1528 1530
1529 1530
1529 1531
1529 2865
1530 1531
1530 1532
1530 2081
1530 2433
1531 1532
1531 1533
1531 2342
1531 1954
1532 1533
1532 1534
1532 2222
1533 1534
1533 1535
1534 1535
1534 1536
1535 1536
1535 1537
1535 2422
1536 1537
1536 1538
1537 1538
1537 1539
1537 2222
1538 1539
1538 1540
1538 1810
1539 1540
1539 1541
1539 2670
1540 1541
1540 1542
1540 1863
1540 2614
1541 1542
1541 1543
1542 1543
1542 1544
1543 1544
1543 1545
1544 1545
1544 1546
1545 1546
1545 1547
1545 2421
1545 2876
1545 1765
1546 1547
1546 1548
1547 1548
1547 1549
1547 1812
1547 2648
1548 1549
1548 1550
1548 2016
1548 2186
1549 1550
1549 1551
1549 2737
1550 1551
1550 1552
1550 2970
1550 1710
1551 1552
1551 1553
1551 2888
1552 1553
1552 1554
1552 1970
1553 1554
1553 1555
1554 1555
1554 1556
1554 2389
1554 2983
1555 1556
1555 1557
1556 1557
1556 1558
1557 1558
1557 1559
1558 1559
1558 1560
1559 1560
1559 1561
1559 2793
1560 1561
1560 1562
1560 2342
1560 2612
1561 1562
1561 1563
1561 2121
1561 2196
1562 1563
1562 1564
1562 2172
1563 1564
1563 1565
1563 1978
1564 1565
1564 1566
1564 1676
1565 1566
1565 1567
1565 1598
1565 2696
1565 2843
1566 1567
1566 1568
1567 1568
1567 1569
1567 2691
1568 1569
1568 1570
1568 2883
1569 1570
1569 1571
1569 2443
1570 1571
1570 1572
1570 1787
1570 1842
1571 1572
1571 1573
1572 1573
1572 1574
1573 1574
1573 1575
1573 2601
1573 2799
1574 1575
1574 1576
1574 2051
1575 1576
1575 1577
1576 1577
1576 1578
1576 1994
1576 2913
1577 1578
1577 1579
1577 2750
1577 1724
1577 2909
1578 1579
1578 1580
1579 1580
1579 1581
1580 1581
1580 1582
1580 2167
1580 2891
1581 1582
1581 1583
1582 1583
1582 1584
1583 1584
1583 1585
1584 1585
1584 1586
1585 1586
1585 1587
1585 2775
1586 1587
1586 1588
1586 2834
1586 2637
1587 1588
1587 1589
1588 1589
1588 1590
1589 1590
1589 1591
1589 2112
1590 1591
1590 1592
1590 2434
1591 1592
1591 1593
1592 1593
1592 1594
1592 2339
1593 1594
1593 1595
1593 1835
1594 1595
1594 1596
1594 2963
1594 2590
1595 1596
1595 1597
1595 2430
1595 1860
1595 2088
1595 2103
1595 2629
1596 1597
1596 1598
1596 2213
1597 1598
1597 1599
1597 2866
1598 1599
1598 1600
1599 1600
1599 1601
1599 1985
1599 2246
1600 1601
1600 1602
1601 1602
1601 1603
1601 2430
1601 1852
1602 1603
1602 1604
1602 2886
1603 1604
1603 1605
1604 1605
1604 1606
1605 1606
1605 1607
1605 2883
1606 1607
1606 1608
1606 2284
1607 1608
1607 1609
1608 1609
1608 1610
1609 1610
1609 1611
1609 2157
1610 1611
1610 1612
1611 1612
1611 1613
1612 1613
1612 1614
1612 2755
1612 2910
1613 1614
1613 1615
1613 2655
1613 1661
1614 1615
1614 1616
1614 2002
1614 2355
1615 1616
1615 1617
1615 2486
1616 1617
1616 1618
1617 1618
1617 1619
1617 2825
1617 2453
1618 1619
1618 1620
1619 1620
1619 1621
1619 2488
1620 1621
1620 1622
1620 1810
1621 1622
1621 1623
1621 2053
1622 1623
1622 1624
1623 1624
1623 1625
1623 2938
1624 1625
1624 1626
1625 1626
1625 1627
1625 2883
1626 1627
1626 1628
1626 1862
1627 1628
1627 1629
1627 1635
1627 2604
1627 2804
1628 1629
1628 1630
1628 2816
1629 1630
1629 1631
1630 1631
1630 1632
1630 2250
1631 1632
1631 1633
1631 1931
1631 1717
1631 2163
1632 1633
1632 1634
1632 1637
1632 2912
1633 1634
1633 1635
1633 2129
1634 1635
1634 1636
1634 2526
1634 2880
1635 1636
1635 1637
1635 1991
1636 1637
1636 1638
1636 2638
1637 1638
1637 1639
1637 2163
1638 1639
1638 1640
1638 2901
1638 2060
1639 1640
1639 1641
1640 1641
1640 1642
1640 2068
1640 2394
1641 1642
1641 1643
1641 1778
1642 1643
1642 1644
1642 2466
1642 2992
1643 1644
1643 1645
1643 2657
1644 1645
1644 1646
1644 2339
1644 2083
1644 2546
1645 1646
1645 1647
1645 2130
1645 2326
1646 1647
1646 1648
1646 1865
1646 2402
1647 1648
1647 1649
1647 1907
1647 2247
1647 2376
1648 1649
1648 1650
1649 1650
1649 1651
1650 1651
1650 1652
1650 2766
1651 1652
1651 1653
1651 2151
1652 1653
1652 1654
1652 2197
1652 1656
1653 1654
1653 1655
1654 1655
1654 1656
1654 2108
1654 2300
1655 1656
1655 1657
1655 2460
1656 1657
1656 1658
1657 1658
1657 1659
1657 2161
1658 1659
1658 1660
1658 1812
1658 2411
1659 1660
1659 1661
1659 2440
1660 1661
1660 1662
1660 1834
1661 1662
1661 1663
1661 1711
1662 1663
1662 1664
1663 1664
1663 1665
1664 1665
1664 1666
1665 1666
1665 1667
1665 2463
1666 1667
1666 1668
1666 1982
1666 2387
1666 2692
1667 1668
1667 1669
1667 2036
1667 2039
1667 2965
1668 1669
1668 1670
1669 1670
1669 1671
1669 2672
1670 1671
1670 1672
1671 1672
1671 1673
1671 2343
1672 1673
1672 1674
1672 2438
1673 1674
1673 1675
1673 1962
1673 2582
1674 1675
1674 1676
1675 1676
1675 1677
1675 1775
1675 2350
1676 1677
1676 1678
1677 1678
1677 1679
1678 1679
1678 1680
1678 2494
1678 2812
1679 1680
1679 1681
1680 1681
1680 1682
1680 1879
1681 1682
1681 1683
1682 1683
1682 1684
1682 2761
1683 1684
1683 1685
1683 2927
1684 1685
1684 1686
1684 2378
1685 1686
1685 1687
1685 2480
1686 1687
1686 1688
1687 1688
1687 1689
1688 1689
1688 1690
1688 2106
1688 2654
1688 2743
1689 1690
1689 1691
1690 1691
1690 1692
1691 1692
1691 1693
1691 2519
1692 1693
1692 1694
1693 1694
1693 1695
1694 1695
1694 1696
1694 2166
1695 1696
1695 1697
1695 2232
1696 1697
1696 1698
1696 2157
1696 2750
1696 2948
1697 1698
1697 1699
1697 1815
1697 2243
1697 2854
1698 1699
1698 1700
1699 1700
1699 1701
1699 2315
1700 1701
1700 1702
1700 2759
1701 1702
1701 1703
1701 2449
1702 1703
1702 1704
1702 2133
1702 2603
1703 1704
1703 1705
1703 2920
1704 1705
1704 1706
1705 1706
1705 1707
1706 1707
1706 1708
1706 2890
1707 1708
1707 1709
1707 2989
1708 1709
1708 1710
1708 2767
1708 1746
1708 2422
1709 1710
1709 1711
1709 2103
1709 2027
1709 2458
1710 1711
1710 1712
1710 2350
1711 1712
1711 1713
1711 2165
1712 1713
1712 1714
1712 2103
1713 1714
1713 1715
1713 2785
1714 1715
1714 1716
1714 1906
1715 1716
1715 1717
1716 1717
1716 1718
1716 2278
1717 1718
1717 1719
1717 2966
1718 1719
1718 1720
1718 2497
1718 2506
1718 2824
1719 1720
1719 1721
1719 2102
1719 2445
1720 1721
1720 1722
1721 1722
1721 1723
1722 1723
1722 1724
1722 2096
1722 2137
1722 2506
1723 1724
1723 1725
1723 2351
1724 1725
1724 1726
1724 2051
1724 2678
1725 1726
1725 1727
1725 2652
1726 1727
1726 1728
1726 2323
1727 1728
1727 1729
1727 1964
1728 1729
1728 1730
1728 1791
1729 1730
1729 1731
1730 1731
1730 1732
1730 2833
1731 1732
1731 1733
1731 2687
1732 1733
1732 1734
1732 2875
1733 1734
1733 1735
1734 1735
1734 1736
1735 1736
1735 1737
1736 1737
1736 1738
1737 1738
1737 1739
1737 2072
1738 1739
1738 1740
1738 2061
1738 2308
1739 1740
1739 1741
1739 2569
1739 1798
1740 1741
1740 1742
1741 1742
1741 1743
1741 2527
1741 2968
1742 1743
1742 1744
1742 2024
1742 2829
1743 1744
1743 1745
1744 1745
1744 1746
1744 2324
1745 1746
1745 1747
1745 2133
1746 1747
1746 1748
1746 2372
1746 2214
1747 1748
1747 1749
1747 2953
1748 1749
1748 1750
1748 2279
1749 1750
1749 1751
1749 1840
1750 1751
1750 1752
1751 1752
1751 1753
1751 2501
1752 1753
1752 1754
1752 2821
1753 1754
1753 1755
1754 1755
1754 1756
1754 2135
1755 1756
1755 1757
1756 1757
1756 1758
1756 2875
1757 1758
1757 1759
1758 1759
1758 1760
1759 1760
1759 1761
1759 2902
1760 1761
1760 1762
1760 2189
1760 1778
1760 2029
1760 2071
1761 1762
1761 1763
1761 2675
1762 1763
1762 1764
1762 2945
1763 1764
1763 1765
1764 1765
1764 1766
1764 2674
1765 1766
1765 1767
1766 1767
1766 1768
1766 2456
1767 1768
1767 1769
1767 2847
1767 2387
1768 1769
1768 1770
1769 1770
1769 1771
1770 1771
1770 1772
1770 1818
1771 1772
1771 1773
1772 1773
1772 1774
1772 2206
1772 2297
1772 2772
1773 1774
1773 1775
1774 1775
1774 1776
1774 2950
1775 1776
1775 1777
1775 2061
1775 2359
1775 2468
1776 1777
1776 1778
1777 1778
1777 1779
1778 1779
1778 1780
1779 1780
1779 1781
1779 2772
1780 1781
1780 1782
1781 1782
1781 1783
1781 2432
1782 1783
1782 1784
1782 2054
1783 1784
1783 1785
1784 1785
1784 1786
1784 2797
1784 2319
1785 1786
1785 1787
1786 1787
1786 1788
1786 2657
1786 2511
1787 1788
1787 1789
1787 2474
1788 1789
1788 1790
1789 1790
1789 1791
1789 2627
1790 1791
1790 1792
1791 1792
1791 1793
1791 1810
1792 1793
1792 1794
1793 1794
1793 1795
1793 2674
1794 1795
1794 1796
1795 1796
1795 1797
1796 1797
1796 1798
1796 2119
1797 1798
1797 1799
1797 1991
1798 1799
1798 1800
1799 1800
1799 1801
1800 1801
1800 1802
1801 1802
1801 1803
1802 1803
1802 1804
1803 1804
1803 1805
1803 2076
1804 1805
1804 1806
1805 1806
1805 1807
1805 2838
1806 1807
1806 1808
1806 2968
1807 1808
1807 1809
1808 1809
1808 1810
1809 1810
1809 1811
1809 2670
1810 1811
1810 1812
1811 1812
1811 1813
1811 2998
1812 1813
1812 1814
1813 1814
1813 1815
1813 2417
1814 1815
1814 1816
1815 1816
1815 1817
1815 2450
1816 1817
1816 1818
1817 1818
1817 1819
1818 1819
1818 1820
1818 2487
1818 2183
1819 1820
1819 1821
1820 1821
1820 1822
1821 1822
1821 1823
1822 1823
1822 1824
1822 2948
1822 2436
1822 2490
1822 2764
1823 1824
1823 1825
1824 1825
1824 1826
1825 1826
1825 1827
1825 2241
1826 1827
1826 1828
1827 1828
1827 1829
1827 2736
1828 1829
1828 1830
1828 2448
1829 1830
1829 1831
1829 2161
1830 1831
1830 1832
1830 1856
1831 1832
1831 1833
1831 2311
1832 1833
1832 1834
1833 1834
1833 1835
1833 2323
1833 2940
1834 1835
1834 1836
1835 1836
1835 1837
1836 1837
1836 1838
1837 1838
1837 1839
1837 2984
1837 2647
1838 1839
1838 1840
1838 2688
1838 2842
1839 1840
1839 1841
1840 1841
1840 1842
1841 1842
1841 1843
1842 1843
1842 1844
1843 1844
1843 1845
1844 1845
1844 1846
1844 2128
1844 2138
1845 1846
1845 1847
1846 1847
1846 1848
1846 1938
1847 1848
1847 1849
1848 1849
1848 1850
1849 1850
1849 1851
1850 1851
1850 1852
1850 2673
1850 2007
1850 2372
1851 1852
1851 1853
1851 2174
1851 2457
1852 1853
1852 1854
1852 2068
1853 1854
1853 1855
1854 1855
1854 1856
1855 1856
1855 1857
1856 1857
1856 1858
1857 1858
1857 1859
1857 2070
1857 2600
1858 1859
1858 1860
1859 1860
1859 1861
1859 2662
1860 1861
1860 1862
1860 2566
1861 1862
1861 1863
1861 2833
1862 1863
1862 1864
1862 2034
1863 1864
1863 1865
1864 1865
1864 1866
1864 2714
1865 1866
1865 1867
1865 2175
1865 2210
1866 1867
1866 1868
1866 2756
1867 1868
1867 1869
1867 2750
1868 1869
1868 1870
1869 1870
1869 1871
1870 1871
1870 1872
1871 1872
1871 1873
1871 2164
1872 1873
1872 1874
1872 1895
1873 1874
1873 1875
1873 2333
1874 1875
1874 1876
1875 1876
1875 1877
1876 1877
1876 1878
1877 1878
1877 1879
1877 1960
1878 1879
1878 1880
1879 1880
1879 1881
1879 2291
1880 1881
1880 1882
1880 2763
1880 2470
1881 1882
1881 1883
1882 1883
1882 1884
1882 2453
1882 2417
1882 2727
1883 1884
1883 1885
1883 2490
1884 1885
1884 1886
1885 1886
1885 1887
1886 1887
1886 1888
1886 1909
1886 2511
1887 1888
1887 1889
1888 1889
1888 1890
1888 2734
1889 1890
1889 1891
1890 1891
1890 1892
1890 2906
1890 1945
1890 2178
1891 1892
1891 1893
1892 1893
1892 1894
1893 1894
1893 1895
1894 1895
1894 1896
1895 1896
1895 1897
1896 1897
1896 1898
1896 2077
1897 1898
1897 1899
1898 1899
1898 1900
1898 2996
1899 1900
1899 1901
1899 2373
1900 1901
1900 1902
1900 2259
1900 2967
1901 1902
1901 1903
1902 1903
1902 1904
1902 2112
1903 1904
1903 1905
1904 1905
1904 1906
1904 2844
1905 1906
1905 1907
1905 2098
1906 1907
1906 1908
1907 1908
1907 1909
1907 2592
1908 1909
1908 1910
1909 1910
1909 1911
1909 1992
1909 2040
1910 1911
1910 1912
1911 1912
1911 1913
1911 2452
1912 1913
1912 1914
1913 1914
1913 1915
1913 1936
1914 1915
1914 1916
1914 2652
1915 1916
1915 1917
1915 2167
1916 1917
1916 1918
1917 1918
1917 1919
1918 1919
1918 1920
1918 2924
1918 2280
1918 2554
1918 2717
1919 1920
1919 1921
1919 2584
1919 2447
1920 1921
1920 1922
1920 2078
1920 2330
1921 1922
1921 1923
1921 2092
1921 2303
1921 2359
1922 1923
1922 1924
1922 2373
1923 1924
1923 1925
1924 1925
1924 1926
1925 1926
1925 1927
1926 1927
1926 1928
1926 1936
1927 1928
1927 1929
1928 1929
1928 1930
1929 1930
1929 1931
1929 2299
1930 1931
1930 1932
1931 1932
1931 1933
1931 2465
1932 1933
1932 1934
1933 1934
1933 1935
1934 1935
1934 1936
1934 2757
1934 2129
1935 1936
1935 1937
1936 1937
1936 1938
1936 2119
1937 1938
1937 1939
1937 2601
1938 1939
1938 1940
1939 1940
1939 1941
1939 1962
1939 1965
1940 1941
1940 1942
1941 1942
1941 1943
1942 1943
1942 1944
1942 2946
1943 1944
1943 1945
1944 1945
1944 1946
1945 1946
1945 1947
1946 1947
1946 1948
1947 1948
1947 1949
1947 2367
1948 1949
1948 1950
1949 1950
1949 1951
1950 1951
1950 1952
1950 2847
1951 1952
1951 1953
1951 2896
1952 1953
1952 1954
1952 2959
1953 1954
1953 1955
1953 2135
1953 2838
1954 1955
1954 1956
1954 2279
1954 2343
1955 1956
1955 1957
1956 1957
1956 1958
1957 1958
1957 1959
1958 1959
1958 1960
1958 2957
1959 1960
1959 1961
1960 1961
1960 1962
1960 2361
1960 2782
1961 1962
1961 1963
1961 2257
1962 1963
1962 1964
1962 2667
1963 1964
1963 1965
1964 1965
1964 1966
1964 1968
1965 1966
1965 1967
1966 1967
1966 1968
1966 2629
1967 1968
1967 1969
1967 2691
1968 1969
1968 1970
1969 1970
1969 1971
1970 1971
1970 1972
1971 1972
1971 1973
1972 1973
1972 1974
1972 2016
1973 1974
1973 1975
1974 1975
1974 1976
1974 2430
1975 1976
1975 1977
1976 1977
1976 1978
1976 2613
1977 1978
1977 1979
1978 1979
1978 1980
1979 1980
1979 1981
1979 2556
1979 2956
1980 1981
1980 1982
1980 2635
1981 1982
1981 1983
1981 2149
1982 1983
1982 1984
1983 1984
1983 1985
1983 2502
1984 1985
1984 1986
1985 1986
1985 1987
1985 2048
1985 2763
1985 2757
1986 1987
1986 1988
1987 1988
1987 1989
1988 1989
1988 1990
1989 1990
1989 1991
1989 2210
1990 1991
1990 1992
1990 2836
1991 1992
1991 1993
1992 1993
1992 1994
1993 1994
1993 1995
1993 2779
1994 1995
1994 1996
1994 2268
1994 2368
1995 1996
1995 1997
1996 1997
1996 1998
1997 1998
1997 1999
1997 2293
1997 2509
1998 1999
1998 2000
1999 2000
1999 2001
1999 2169
2000 2001
2000 2002
2000 2033
2001 2002
2001 2003
2001 2578
2002 2003
2002 2004
2002 2754
2002 2127
2003 2004
2003 2005
2003 2979
2004 2005
2004 2006
2004 2105
2004 2694
2005 2006
2005 2007
2006 2007
2006 2008
2006 2704
2007 2008
2007 2009
2008 2009
2008 2010
2008 2921
2009 2010
2009 2011
2010 2011
2010 2012
2010 2084
2010 2444
2011 2012
2011 2013
2011 2537
2011 2939
2012 2013
2012 2014
2013 2014
2013 2015
2014 2015
2014 2016
2015 2016
2015 2017
2015 2134
2016 2017
2016 2018
2016 2909
2016 2465
2017 2018
2017 2019
2017 2404
2018 2019
2018 2020
2018 2811
2019 2020
2019 2021
2020 2021
2020 2022
2021 2022
2021 2023
2021 2461
2022 2023
2022 2024
2022 2682
2022 2787
2023 2024
2023 2025
2024 2025
2024 2026
2025 2026
2025 2027
2025 2838
2026 2027
2026 2028
2026 2094
2027 2028
2027 2029
2028 2029
2028 2030
2028 2128
2029 2030
2029 2031
2030 2031
2030 2032
2030 2194
2031 2032
2031 2033
2032 2033
2032 2034
2033 2034
2033 2035
2033 2397
2034 2035
2034 2036
2035 2036
2035 2037
2035 2507
2035 2980
2036 2037
2036 2038
2037 2038
2037 2039
2037 2075
2037 2470
2037 2848
2038 2039
2038 2040
2038 2359
2038 2138
2039 2040
2039 2041
2040 2041
2040 2042
2041 2042
2041 2043
2042 2043
2042 2044
2042 2276
2043 2044
2043 2045
2043 2201
2044 2045
2044 2046
2045 2046
2045 2047
2045 2217
2046 2047
2046 2048
2046 2758
2047 2048
2047 2049
2047 2187
2048 2049
2048 2050
2048 2094
2049 2050
2049 2051
2049 2154
2049 2078
2049 2287
2050 2051
2050 2052
2050 2253
2051 2052
2051 2053
2051 2650
2052 2053
2052 2054
2052 2897
2053 2054
2053 2055
2053 2458
2053 2182
2054 2055
2054 2056
2055 2056
2055 2057
2056 2057
2056 2058
2057 2058
2057 2059
2058 2059
2058 2060
2058 2253
2058 2138
2058 2902
2059 2060
2059 2061
2060 2061
2060 2062
2061 2062
2061 2063
2061 2453
2062 2063
2062 2064
2063 2064
2063 2065
2064 2065
2064 2066
2064 2721
2064 2738
2065 2066
2065 2067
2066 2067
2066 2068
2067 2068
2067 2069
2068 2069
2068 2070
2069 2070
2069 2071
2070 2071
2070 2072
2071 2072
2071 2073
2072 2073
2072 2074
2073 2074
2073 2075
2073 2742
2073 2862
2074 2075
2074 2076
2075 2076
2075 2077
2075 2395
2076 2077
2076 2078
2077 2078
2077 2079
2078 2079
2078 2080
2079 2080
2079 2081
2079 2843
2080 2081
2080 2082
2080 2834
2081 2082
2081 2083
2081 2169
2082 2083
2082 2084
2083 2084
2083 2085
2083 2401
2084 2085
2084 2086
2084 2412
2085 2086
2085 2087
2085 2831
2086 2087
2086 2088
2086 2100
2087 2088
2087 2089
2087 2502
2088 2089
2088 2090
2089 2090
2089 2091
2089 2773
2090 2091
2090 2092
2091 2092
2091 2093
2092 2093
2092 2094
2092 2695
2093 2094
2093 2095
2093 2903
2094 2095
2094 2096
2095 2096
2095 2097
2096 2097
2096 2098
2097 2098
2097 2099
2098 2099
2098 2100
2099 2100
2099 2101
2099 2107
2100 2101
2100 2102
2100 2803
2101 2102
2101 2103
2101 2393
2101 2285
2102 2103
2102 2104
2103 2104
2103 2105
2104 2105
2104 2106
2104 2604
2105 2106
2105 2107
2106 2107
2106 2108
2107 2108
2107 2109
2107 2205
2108 2109
2108 2110
2108 2526
2108 2920
2109 2110
2109 2111
2110 2111
2110 2112
2111 2112
2111 2113
2111 2138
2112 2113
2112 2114
2112 2609
2113 2114
2113 2115
2113 2619
2114 2115
2114 2116
2115 2116
2115 2117
2115 2440
2116 2117
2116 2118
2116 2954
2116 2797
2117 2118
2117 2119
2118 2119
2118 2120
2118 2440
2118 2741
2119 2120
2119 2121
2119 2628
2120 2121
2120 2122
2121 2122
2121 2123
2121 2473
2122 2123
2122 2124
2122 2951
2123 2124
2123 2125
2124 2125
2124 2126
2124 2256
2124 2655
2125 2126
2125 2127
2126 2127
2126 2128
2126 2555
2127 2128
2127 2129
2128 2129
2128 2130
2129 2130
2129 2131
2130 2131
2130 2132
2130 2487
2131 2132
2131 2133
2132 2133
2132 2134
2133 2134
2133 2135
2133 2160
2134 2135
2134 2136
2134 2335
2135 2136
2135 2137
2136 2137
2136 2138
2136 2190
2137 2138
2137 2139
2138 2139
2138 2140
2139 2140
2139 2141
2139 2936
2140 2141
2140 2142
2140 2806
2141 2142
2141 2143
2141 2960
2142 2143
2142 2144
2142 2188
2142 2177
2142 2218
2143 2144
2143 2145
2144 2145
2144 2146
2145 2146
2145 2147
2145 2930
2146 2147
2146 2148
2147 2148
2147 2149
2148 2149
2148 2150
2149 2150
2149 2151
2149 2628
2150 2151
2150 2152
2151 2152
2151 2153
2151 2701
2152 2153
2152 2154
2152 2867
2153 2154
2153 2155
2154 2155
2154 2156
2155 2156
2155 2157
2156 2157
2156 2158
2157 2158
2157 2159
2157 2411
2157 2284
2157 2784
2158 2159
2158 2160
2159 2160
2159 2161
2159 2995
2160 2161
2160 2162
2160 2996
2161 2162
2161 2163
2162 2163
2162 2164
2162 2503
2163 2164
2163 2165
2164 2165
2164 2166
2164 2607
2165 2166
2165 2167
2166 2167
2166 2168
2166 2624
2167 2168
2167 2169
2167 2497
2168 2169
2168 2170
2168 2351
2169 2170
2169 2171
2170 2171
2170 2172
2170 2601
2171 2172
2171 2173
2172 2173
2172 2174
2173 2174
2173 2175
2173 2226
2174 2175
2174 2176
2174 2871
2174 2952
2175 2176
2175 2177
2176 2177
2176 2178
2176 2321
2177 2178
2177 2179
2178 2179
2178 2180
2178 2736
2179 2180
2179 2181
2180 2181
2180 2182
2181 2182
2181 2183
2182 2183
2182 2184
2183 2184
2183 2185
2184 2185
2184 2186
2184 2606
2184 2476
2185 2186
2185 2187
2186 2187
2186 2188
2186 2452
2187 2188
2187 2189
2188 2189
2188 2190
2188 2997
2188 2949
2188 2990
2189 2190
2189 2191
2190 2191
2190 2192
2190 2263
2191 2192
2191 2193
2192 2193
2192 2194
2193 2194
2193 2195
2194 2195
2194 2196
2195 2196
2195 2197
2195 2544
2196 2197
2196 2198
2197 2198
2197 2199
2198 2199
2198 2200
2199 2200
2199 2201
2199 2289
2199 2531
2199 2627
2200 2201
2200 2202
2201 2202
2201 2203
2201 2491
2202 2203
2202 2204
2202 2274
2203 2204
2203 2205
2204 2205
2204 2206
2205 2206
2205 2207
2205 2890
2206 2207
2206 2208
2206 2334
2207 2208
2207 2209
2207 2645
2208 2209
2208 2210
2209 2210
2209 2211
2210 2211
2210 2212
2210 2508
2211 2212
2211 2213
2211 2308
2212 2213
2212 2214
2213 2214
2213 2215
2214 2215
2214 2216
2215 2216
2215 2217
2215 2566
2215 2651
2216 2217
2216 2218
2216 2841
2217 2218
2217 2219
2218 2219
2218 2220
2218 2360
2219 2220
2219 2221
2220 2221
2220 2222
2221 2222
2221 2223
2222 2223
2222 2224
2223 2224
2223 2225
2224 2225
2224 2226
2225 2226
2225 2227
2226 2227
2226 2228
2227 2228
2227 2229
2227 2769
2228 2229
2228 2230
2229 2230
2229 2231
2230 2231
2230 2232
2230 2914
2231 2232
2231 2233
2231 2977
2232 2233
2232 2234
2233 2234
2233 2235
2234 2235
2234 2236
2234 2242
2235 2236
2235 2237
2236 2237
2236 2238
2237 2238
2237 2239
2237 2787
2238 2239
2238 2240
2239 2240
2239 2241
2240 2241
2240 2242
2241 2242
2241 2243
2241 2595
2242 2243
2242 2244
2242 2999
2243 2244
2243 2245
2243 2569
2243 2613
2244 2245
2244 2246
2245 2246
2245 2247
2245 2779
2246 2247
2246 2248
2246 2250
2246 2546
2247 2248
2247 2249
2247 2885
2248 2249
2248 2250
2248 2435
2249 2250
2249 2251
2250 2251
2250 2252
2251 2252
2251 2253
2252 2253
2252 2254
2253 2254
2253 2255
2254 2255
2254 2256
2255 2256
2255 2257
2256 2257
2256 2258
2256 2338
2256 2680
2257 2258
2257 2259
2257 2988
2257 2874
2258 2259
2258 2260
2258 2661
2258 2377
2259 2260
2259 2261
2260 2261
2260 2262
2260 2431
2260 2748
2261 2262
2261 2263
2262 2263
2262 2264
2262 2607
2263 2264
2263 2265
2264 2265
2264 2266
2264 2373
2265 2266
2265 2267
2265 2363
2266 2267
2266 2268
2266 2326
2267 2268
2267 2269
2268 2269
2268 2270
2269 2270
2269 2271
2270 2271
2270 2272
2270 2350
2271 2272
2271 2273
2272 2273
2272 2274
2272 2596
2273 2274
2273 2275
2273 2525
2274 2275
2274 2276
2275 2276
2275 2277
2275 2388
2276 2277
2276 2278
2277 2278
2277 2279
2278 2279
2278 2280
2279 2280
2279 2281
2279 2817
2280 2281
2280 2282
2281 2282
2281 2283
2282 2283
2282 2284
2282 2445
2283 2284
2283 2285
2283 2642
2284 2285
2284 2286
2284 2986
2285 2286
2285 2287
2286 2287
2286 2288
2286 2933
2287 2288
2287 2289
2288 2289
2288 2290
2288 2955
2289 2290
2289 2291
2289 2522
2289 2687
2290 2291
2290 2292
2291 2292
2291 2293
2292 2293
2292 2294
2292 2506
2293 2294
2293 2295
2294 2295
2294 2296
2295 2296
2295 2297
2295 2899
2296 2297
2296 2298
2297 2298
2297 2299
2298 2299
2298 2300
2298 2553
2299 2300
2299 2301
2300 2301
2300 2302
2301 2302
2301 2303
2302 2303
2302 2304
2303 2304
2303 2305
2304 2305
2304 2306
2304 2893
2305 2306
2305 2307
2306 2307
2306 2308
2306 2906
2307 2308
2307 2309
2308 2309
2308 2310
2309 2310
2309 2311
2309 2952
2310 2311
2310 2312
2311 2312
2311 2313
2312 2313
2312 2314
2312 2500
2313 2314
2313 2315
2314 2315
2314 2316
2315 2316
2315 2317
2316 2317
2316 2318
2317 2318
2317 2319
2317 2876
2318 2319
2318 2320
2318 2551
2319 2320
2319 2321
2319 2864
2320 2321
2320 2322
2320 2991
2321 2322
2321 2323
2321 2777
2322 2323
2322 2324
2323 2324
2323 2325
2323 2344
2324 2325
2324 2326
2325 2326
2325 2327
2325 2508
2325 2769
2326 2327
2326 2328
2326 2805
2327 2328
2327 2329
2328 2329
2328 2330
2329 2330
2329 2331
2330 2331
2330 2332
2330 2617
2331 2332
2331 2333
2332 2333
2332 2334
2332 2640
2333 2334
2333 2335
2334 2335
2334 2336
2334 2603
2335 2336
2335 2337
2336 2337
2336 2338
2336 2513
2337 2338
2337 2339
2337 2412
2338 2339
2338 2340
2339 2340
2339 2341
2339 2914
2340 2341
2340 2342
2340 2818
2341 2342
2341 2343
2341 2571
2341 2996
2342 2343
2342 2344
2342 2740
2343 2344
2343 2345
2344 2345
2344 2346
2345 2346
2345 2347
2346 2347
2346 2348
2347 2348
2347 2349
2347 2433
2348 2349
2348 2350
2349 2350
2349 2351
2350 2351
2350 2352
2351 2352
2351 2353
2352 2353
2352 2354
2353 2354
2353 2355
2353 2801
2354 2355
2354 2356
2355 2356
2355 2357
2356 2357
2356 2358
2356 2457
2357 2358
2357 2359
2358 2359
2358 2360
2358 2574
2359 2360
2359 2361
2360 2361
2360 2362
2361 2362
2361 2363
2361 2765
2362 2363
2362 2364
2362 2828
2363 2364
2363 2365
2364 2365
2364 2366
2365 2366
2365 2367
2366 2367
2366 2368
2366 2747
2367 2368
2367 2369
2368 2369
2368 2370
2369 2370
2369 2371
2370 2371
2370 2372
2370 2439
2371 2372
2371 2373
2372 2373
2372 2374
2372 2997
2373 2374
2373 2375
2374 2375
2374 2376
2375 2376
2375 2377
2376 2377
2376 2378
2376 2772
2377 2378
2377 2379
2377 2992
2378 2379
2378 2380
2379 2380
2379 2381
2380 2381
2380 2382
2381 2382
2381 2383
2382 2383
2382 2384
2382 2537
2383 2384
2383 2385
2383 2991
2384 2385
2384 2386
2385 2386
2385 2387
2386 2387
2386 2388
2387 2388
2387 2389
2388 2389
2388 2390
2389 2390
2389 2391
2390 2391
2390 2392
2391 2392
2391 2393
2391 2886
2392 2393
2392 2394
2393 2394
2393 2395
2394 2395
2394 2396
2394 2873
2395 2396
2395 2397
2396 2397
2396 2398
2396 2737
2396 2792
2397 2398
2397 2399
2398 2399
2398 2400
2399 2400
2399 2401
2400 2401
2400 2402
2401 2402
2401 2403
2402 2403
2402 2404
2403 2404
2403 2405
2404 2405
2404 2406
2405 2406
2405 2407
2406 2407
2406 2408
2407 2408
2407 2409
2408 2409
2408 2410
2409 2410
2409 2411
2410 2411
2410 2412
2410 2616
2411 2412
2411 2413
2411 2912
2412 2413
2412 2414
2413 2414
2413 2415
2414 2415
2414 2416
2415 2416
2415 2417
2416 2417
2416 2418
2417 2418
2417 2419
2417 2952
2418 2419
2418 2420
2419 2420
2419 2421
2420 2421
2420 2422
2421 2422
2421 2423
2421 2641
2422 2423
2422 2424
2423 2424
2423 2425
2423 2759
2424 2425
2424 2426
2425 2426
2425 2427
2426 2427
2426 2428
2426 2706
2426 2930
2427 2428
2427 2429
2428 2429
2428 2430
2429 2430
2429 2431
2429 2939
2430 2431
2430 2432
2431 2432
2431 2433
2431 2949
2432 2433
2432 2434
2433 2434
2433 2435
2434 2435
2434 2436
2434 2682
2435 2436
2435 2437
2435 2607
2436 2437
2436 2438
2436 2970
2437 2438
2437 2439
2438 2439
2438 2440
2439 2440
2439 2441
2440 2441
2440 2442
2441 2442
2441 2443
2442 2443
2442 2444
2443 2444
2443 2445
2443 2467
2444 2445
2444 2446
2445 2446
2445 2447
2445 2601
2446 2447
2446 2448
2447 2448
2447 2449
2447 2512
2448 2449
2448 2450
2449 2450
2449 2451
2450 2451
2450 2452
2451 2452
2451 2453
2452 2453
2452 2454
2453 2454
2453 2455
2454 2455
2454 2456
2455 2456
2455 2457
2456 2457
2456 2458
2457 2458
2457 2459
2458 2459
2458 2460
2459 2460
2459 2461
2460 2461
2460 2462
2461 2462
2461 2463
2461 2953
2461 2832
2462 2463
2462 2464
2463 2464
2463 2465
2464 2465
2464 2466
2465 2466
2465 2467
2466 2467
2466 2468
2467 2468
2467 2469
2468 2469
2468 2470
2469 2470
2469 2471
2469 2595
2470 2471
2470 2472
2471 2472
2471 2473
2471 2574
2472 2473
2472 2474
2473 2474
2473 2475
2474 2475
2474 2476
2475 2476
2475 2477
2475 2960
2476 2477
2476 2478
2477 2478
2477 2479
2477 2837
2477 2523
2478 2479
2478 2480
2479 2480
2479 2481
2480 2481
2480 2482
2481 2482
2481 2483
2482 2483
2482 2484
2483 2484
2483 2485
2484 2485
2484 2486
2484 2997
2485 2486
2485 2487
2486 2487
2486 2488
2486 2721
2487 2488
2487 2489
2487 2685
2488 2489
2488 2490
2488 2783
2489 2490
2489 2491
2490 2491
2490 2492
2491 2492
2491 2493
2492 2493
2492 2494
2492 2632
2492 2887
2493 2494
2493 2495
2494 2495
2494 2496
2495 2496
2495 2497
2496 2497
2496 2498
2497 2498
2497 2499
2498 2499
2498 2500
2499 2500
2499 2501
2500 2501
2500 2502
2501 2502
2501 2503
2502 2503
2502 2504
2503 2504
2503 2505
2504 2505
2504 2506
2505 2506
2505 2507
2505 2642
2505 2633
2506 2507
2506 2508
2507 2508
2507 2509
2508 2509
2508 2510
2509 2510
2509 2511
2510 2511
2510 2512
2511 2512
2511 2513
2512 2513
2512 2514
2512 2537
2513 2514
2513 2515
2514 2515
2514 2516
2515 2516
2515 2517
2516 2517
2516 2518
2517 2518
2517 2519
2518 2519
2518 2520
2518 2732
2519 2520
2519 2521
2520 2521
2520 2522
2521 2522
2521 2523
2522 2523
2522 2524
2523 2524
2523 2525
2524 2525
2524 2526
2525 2526
2525 2527
2526 2527
2526 2528
2527 2528
2527 2529
2528 2529
2528 2530
2528 2819
2529 2530
2529 2531
2530 2531
2530 2532
2531 2532
2531 2533
2532 2533
2532 2534
2533 2534
2533 2535
2534 2535
2534 2536
2535 2536
2535 2537
2535 2575
2536 2537
2536 2538
2537 2538
2537 2539
2538 2539
2538 2540
2539 2540
2539 2541
2539 2857
2540 2541
2540 2542
2541 2542
2541 2543
2541 2590
2542 2543
2542 2544
2543 2544
2543 2545
2544 2545
2544 2546
2545 2546
2545 2547
2546 2547
2546 2548
2547 2548
2547 2549
2548 2549
2548 2550
2548 2665
2548 2969
2549 2550
2549 2551
2550 2551
2550 2552
2551 2552
2551 2553
2552 2553
2552 2554
2553 2554
2553 2555
2554 2555
2554 2556
2555 2556
2555 2557
2555 2890
2556 2557
2556 2558
2557 2558
2557 2559
2557 2983
2558 2559
2558 2560
2559 2560
2559 2561
2560 2561
2560 2562
2561 2562
2561 2563
2561 2655
2562 2563
2562 2564
2562 2973
2563 2564
2563 2565
2563 2745
2563 2956
2564 2565
2564 2566
2565 2566
2565 2567
2566 2567
2566 2568
2567 2568
2567 2569
2568 2569
2568 2570
2569 2570
2569 2571
2570 2571
2570 2572
2571 2572
2571 2573
2572 2573
2572 2574
2573 2574
2573 2575
2574 2575
2574 2576
2575 2576
2575 2577
2576 2577
2576 2578
2577 2578
2577 2579
2577 2619
2578 2579
2578 2580
2579 2580
2579 2581
2579 2829
2580 2581
2580 2582
2581 2582
2581 2583
2582 2583
2582 2584
2583 2584
2583 2585
2584 2585
2584 2586
2585 2586
2585 2587
2585 2648
2586 2587
2586 2588
2587 2588
2587 2589
2588 2589
2588 2590
2589 2590
2589 2591
2590 2591
2590 2592
2591 2592
2591 2593
2592 2593
2592 2594
2593 2594
2593 2595
2594 2595
2594 2596
2595 2596
2595 2597
2596 2597
2596 2598
2597 2598
2597 2599
2597 2830
2598 2599
2598 2600
2599 2600
2599 2601
2600 2601
2600 2602
2601 2602
2601 2603
2602 2603
2602 2604
2603 2604
2603 2605
2604 2605
2604 2606
2605 2606
2605 2607
2606 2607
2606 2608
2607 2608
2607 2609
2608 2609
2608 2610
2608 2895
2609 2610
2609 2611
2609 2624
2610 2611
2610 2612
2611 2612
2611 2613
2612 2613
2612 2614
2613 2614
2613 2615
2613 2777
2614 2615
2614 2616
2615 2616
2615 2617
2616 2617
2616 2618
2617 2618
2617 2619
2617 2747
2618 2619
2618 2620
2618 2983
2619 2620
2619 2621
2620 2621
2620 2622
2621 2622
2621 2623
2622 2623
2622 2624
2623 2624
2623 2625
2623 2988
2624 2625
2624 2626
2625 2626
2625 2627
2626 2627
2626 2628
2626 2749
2626 2778
2627 2628
2627 2629
2628 2629
2628 2630
2629 2630
2629 2631
2630 2631
2630 2632
2631 2632
2631 2633
2632 2633
2632 2634
2633 2634
2633 2635
2634 2635
2634 2636
2635 2636
2635 2637
2636 2637
2636 2638
2636 2769
2637 2638
2637 2639
2637 2856
2638 2639
2638 2640
2639 2640
2639 2641
2640 2641
2640 2642
2641 2642
2641 2643
2642 2643
2642 2644
2643 2644
2643 2645
2643 2774
2644 2645
2644 2646
2645 2646
2645 2647
2646 2647
2646 2648
2646 2896
2647 2648
2647 2649
2648 2649
2648 2650
2648 2863
2649 2650
2649 2651
2650 2651
2650 2652
2651 2652
2651 2653
2652 2653
2652 2654
2653 2654
2653 2655
2654 2655
2654 2656
2655 2656
2655 2657
2655 2873
2656 2657
2656 2658
2656 2866
2657 2658
2657 2659
2658 2659
2658 2660
2659 2660
2659 2661
2660 2661
2660 2662
2660 2855
2661 2662
2661 2663
2662 2663
2662 2664
2663 2664
2663 2665
2664 2665
2664 2666
2665 2666
2665 2667
2666 2667
2666 2668
2667 2668
2667 2669
2668 2669
2668 2670
2668 2903
2668 2731
2669 2670
2669 2671
2670 2671
2670 2672
2671 2672
2671 2673
2672 2673
2672 2674
2672 2876
2672 2954
2673 2674
2673 2675
2674 2675
2674 2676
2675 2676
2675 2677
2676 2677
2676 2678
2677 2678
2677 2679
2677 2946
2678 2679
2678 2680
2678 2744
2679 2680
2679 2681
2680 2681
2680 2682
2681 2682
2681 2683
2681 2916
2682 2683
2682 2684
2683 2684
2683 2685
2684 2685
2684 2686
2685 2686
2685 2687
2686 2687
2686 2688
2687 2688
2687 2689
2687 2913
2688 2689
2688 2690
2688 2820
2689 2690
2689 2691
2690 2691
2690 2692
2691 2692
2691 2693
2692 2693
2692 2694
2693 2694
2693 2695
2693 2883
2694 2695
2694 2696
2695 2696
2695 2697
2695 2900
2696 2697
2696 2698
2696 2723
2696 2944
2697 2698
2697 2699
2698 2699
2698 2700
2699 2700
2699 2701
2700 2701
2700 2702
2701 2702
2701 2703
2702 2703
2702 2704
2702 2859
2703 2704
2703 2705
2703 2752
2704 2705
2704 2706
2705 2706
2705 2707
2706 2707
2706 2708
2706 2888
2707 2708
2707 2709
2708 2709
2708 2710
2709 2710
2709 2711
2710 2711
2710 2712
2711 2712
2711 2713
2712 2713
2712 2714
2713 2714
2713 2715
2714 2715
2714 2716
2715 2716
2715 2717
2716 2717
2716 2718
2717 2718
2717 2719
2718 2719
2718 2720
2718 2737
2719 2720
2719 2721
2719 2937
2719 2809
2720 2721
2720 2722
2721 2722
2721 2723
2722 2723
2722 2724
2723 2724
2723 2725
2724 2725
2724 2726
2725 2726
2725 2727
2726 2727
2726 2728
2727 2728
2727 2729
2727 2800
2728 2729
2728 2730
2729 2730
2729 2731
2730 2731
2730 2732
2731 2732
2731 2733
2732 2733
2732 2734
2733 2734
2733 2735
2734 2735
2734 2736
2734 2906
2735 2736
2735 2737
2736 2737
2736 2738
2737 2738
2737 2739
2737 2779
2738 2739
2738 2740
2739 2740
2739 2741
2739 2848
2740 2741
2740 2742
2741 2742
2741 2743
2742 2743
2742 2744
2743 2744
2743 2745
2744 2745
2744 2746
2745 2746
2745 2747
2746 2747
2746 2748
2747 2748
2747 2749
2748 2749
2748 2750
2749 2750
2749 2751
2750 2751
2750 2752
2751 2752
2751 2753
2752 2753
2752 2754
2753 2754
2753 2755
2754 2755
2754 2756
2755 2756
2755 2757
2756 2757
2756 2758
2757 2758
2757 2759
2758 2759
2758 2760
2759 2760
2759 2761
2760 2761
2760 2762
2761 2762
2761 2763
2762 2763
2762 2764
2762 2902
2763 2764
2763 2765
2764 2765
2764 2766
2765 2766
2765 2767
2766 2767
2766 2768
2767 2768
2767 2769
2768 2769
2768 2770
2769 2770
2769 2771
2769 2831
2770 2771
2770 2772
2771 2772
2771 2773
2772 2773
2772 2774
2773 2774
2773 2775
2774 2775
2774 2776
2775 2776
2775 2777
2776 2777
2776 2778
2777 2778
2777 2779
2778 2779
2778 2780
2779 2780
2779 2781
2780 2781
2780 2782
2781 2782
2781 2783
2782 2783
2782 2784
2783 2784
2783 2785
2784 2785
2784 2786
2785 2786
2785 2787
2786 2787
2786 2788
2787 2788
2787 2789
2788 2789
2788 2790
2789 2790
2789 2791
2790 2791
2790 2792
2791 2792
2791 2793
2792 2793
2792 2794
2793 2794
2793 2795
2794 2795
2794 2796
2795 2796
2795 2797
2796 2797
2796 2798
2796 2814
2797 2798
2797 2799
2798 2799
2798 2800
2799 2800
2799 2801
2800 2801
2800 2802
2801 2802
2801 2803
2802 2803
2802 2804
2803 2804
2803 2805
2804 2805
2804 2806
2805 2806
2805 2807
2806 2807
2806 2808
2806 2866
2807 2808
2807 2809
2808 2809
2808 2810
2809 2810
2809 2811
2810 2811
2810 2812
2810 2935
2811 2812
2811 2813
2812 2813
2812 2814
2813 2814
2813 2815
2814 2815
2814 2816
2814 2882
2815 2816
2815 2817
2816 2817
2816 2818
2817 2818
2817 2819
2818 2819
2818 2820
2819 2820
2819 2821
2820 2821
2820 2822
2820 2881
2821 2822
2821 2823
2822 2823
2822 2824
2823 2824
2823 2825
2824 2825
2824 2826
2825 2826
2825 2827
2826 2827
2826 2828
2827 2828
2827 2829
2827 2971
2828 2829
2828 2830
2829 2830
2829 2831
2830 2831
2830 2832
2831 2832
2831 2833
2832 2833
2832 2834
2832 2850
2833 2834
2833 2835
2834 2835
2834 2836
2834 2861
2835 2836
2835 2837
2835 2901
2836 2837
2836 2838
2837 2838
2837 2839
2838 2839
2838 2840
2839 2840
2839 2841
2839 2959
2840 2841
2840 2842
2841 2842
2841 2843
2842 2843
2842 2844
2843 2844
2843 2845
2844 2845
2844 2846
2845 2846
2845 2847
2845 2858
2846 2847
2846 2848
2846 2860
2847 2848
2847 2849
2848 2849
2848 2850
2849 2850
2849 2851
2850 2851
2850 2852
2851 2852
2851 2853
2852 2853
2852 2854
2853 2854
2853 2855
2854 2855
2854 2856
2855 2856
2855 2857
2855 2870
2856 2857
2856 2858
2857 2858
2857 2859
2858 2859
2858 2860
2859 2860
2859 2861
2860 2861
2860 2862
2861 2862
2861 2863
2862 2863
2862 2864
2863 2864
2863 2865
2864 2865
2864 2866
2864 2921
2865 2866
2865 2867
2866 2867
2866 2868
2867 2868
2867 2869
2868 2869
2868 2870
2868 2988
2869 2870
2869 2871
2870 2871
2870 2872
2871 2872
2871 2873
2872 2873
2872 2874
2873 2874
2873 2875
2874 2875
2874 2876
2875 2876
2875 2877
2876 2877
2876 2878
2877 2878
2877 2879
2878 2879
2878 2880
2879 2880
2879 2881
2880 2881
2880 2882
2881 2882
2881 2883
2882 2883
2882 2884
2882 2980
2883 2884
2883 2885
2884 2885
2884 2886
2885 2886
2885 2887
2886 2887
2886 2888
2887 2888
2887 2889
2888 2889
2888 2890
2889 2890
2889 2891
2890 2891
2890 2892
2891 2892
2891 2893
2892 2893
2892 2894
2893 2894
2893 2895
2894 2895
2894 2896
2895 2896
2895 2897
2896 2897
2896 2898
2897 2898
2897 2899
2898 2899
2898 2900
2899 2900
2899 2901
2899 2943
2900 2901
2900 2902
2901 2902
2901 2903
2902 2903
2902 2904
2903 2904
2903 2905
2904 2905
2904 2906
2905 2906
2905 2907
2906 2907
2906 2908
2907 2908
2907 2909
2908 2909
2908 2910
2909 2910
2909 2911
2910 2911
2910 2912
2911 2912
2911 2913
2912 2913
2912 2914
2913 2914
2913 2915
2914 2915
2914 2916
2915 2916
2915 2917
2916 2917
2916 2918
2917 2918
2917 2919
2918 2919
2918 2920
2919 2920
2919 2921
2920 2921
2920 2922
2921 2922
2921 2923
2922 2923
2922 2924
2923 2924
2923 2925
2924 2925
2924 2926
2925 2926
2925 2927
2926 2927
2926 2928
2927 2928
2927 2929
2928 2929
2928 2930
2929 2930
2929 2931
2930 2931
2930 2932
2931 2932
2931 2933
2932 2933
2932 2934
2933 2934
2933 2935
2934 2935
2934 2936
2935 2936
2935 2937
2936 2937
2936 2938
2937 2938
2937 2939
2938 2939
2938 2940
2938 2987
2939 2940
2939 2941
2940 2941
2940 2942
2941 2942
2941 2943
2942 2943
2942 2944
2943 2944
2943 2945
2944 2945
2944 2946
2945 2946
2945 2947
2946 2947
2946 2948
2947 2948
2947 2949
2948 2949
2948 2950
2949 2950
2949 2951
2950 2951
2950 2952
2951 2952
2951 2953
2952 2953
2952 2954
2953 2954
2953 2955
2954 2955
2954 2956
2955 2956
2955 2957
2956 2957
2956 2958
2957 2958
2957 2959
2958 2959
2958 2960
2959 2960
2959 2961
2960 2961
2960 2962
2961 2962
2961 2963
2962 2963
2962 2964
2963 2964
2963 2965
2964 2965
2964 2966
2965 2966
2965 2967
2966 2967
2966 2968
2967 2968
2967 2969
2968 2969
2968 2970
2969 2970
2969 2971
2970 2971
2970 2972
2971 2972
2971 2973
2972 2973
2972 2974
2973 2974
2973 2975
2974 2975
2974 2976
2975 2976
2975 2977
2976 2977
2976 2978
2977 2978
2977 2979
2978 2979
2978 2980
2979 2980
2979 2981
2980 2981
2980 2982
2981 2982
2981 2983
2982 2983
2982 2984
2983 2984
2983 2985
2984 2985
2984 2986
2985 2986
2985 2987
2986 2987
2986 2988
2987 2988
2987 2989
2988 2989
2988 2990
2989 2990
2989 2991
2990 2991
2990 2992
2991 2992
2991 2993
2992 2993
2992 2994
2993 2994
2993 2995
2994 2995
2994 2996
2995 2996
2995 2997
2996 2997
2996 2998
2997 2998
2997 2999
2998 2999
