1000 3034
0 1
0 999
0 2
0 998
0 564
1 2
1 3
1 999
1 996
1 658
1 890
2 3
2 4
2 794
2 242
2 430
3 4
3 5
3 593
3 65
3 435
4 5
4 6
4 970
4 845
4 118
4 124
4 465
5 6
5 7
5 217
5 730
6 7
6 8
6 79
6 312
7 8
7 9
7 283
7 841
8 9
8 10
8 928
9 10
9 11
9 276
9 212
9 841
10 11
10 12
11 12
11 13
11 362
12 13
12 14
12 940
12 91
12 885
13 14
13 15
13 732
13 606
14 15
14 16
14 184
14 949
15 16
15 17
15 706
16 17
16 18
16 112
16 289
17 18
17 19
17 961
18 19
18 20
18 577
18 542
19 20
19 21
19 430
19 491
19 490
20 21
20 22
20 199
20 262
21 22
21 23
21 584
22 23
22 24
22 644
22 267
22 414
23 24
23 25
24 25
24 26
24 248
24 973
25 26
25 27
25 606
26 27
26 28
26 408
26 963
27 28
27 29
27 52
27 817
28 29
28 30
28 883
28 115
28 316
28 386
28 915
29 30
29 31
29 520
29 480
30 31
30 32
30 628
30 243
30 95
31 32
31 33
31 189
31 328
31 370
31 628
32 33
32 34
32 902
33 34
33 35
33 203
33 523
34 35
34 36
34 170
34 773
35 36
35 37
35 924
35 337
36 37
36 38
36 154
36 298
37 38
37 39
37 720
37 53
37 151
37 280
38 39
38 40
38 437
38 302
39 40
39 41
39 248
40 41
40 42
40 979
40 892
41 42
41 43
41 169
41 603
42 43
42 44
42 207
42 357
42 902
43 44
43 45
43 291
43 396
43 174
43 563
44 45
44 46
45 46
45 47
45 806
45 162
46 47
46 48
46 671
46 178
46 329
46 539
46 587
47 48
47 49
47 318
47 471
47 357
48 49
48 50
48 769
48 679
49 50
49 51
49 183
49 867
49 341
49 943
50 51
50 52
50 80
50 438
51 52
51 53
51 223
51 116
52 53
52 54
52 326
53 54
53 55
53 222
53 491
54 55
54 56
54 930
54 201
55 56
55 57
55 58
55 353
55 922
56 57
56 58
56 465
56 855
57 58
57 59
58 59
58 60
58 968
58 766
58 223
58 758
59 60
59 61
60 61
60 62
60 241
60 78
61 62
61 63
61 782
62 63
62 64
62 146
63 64
63 65
63 398
63 492
64 65
64 66
64 804
65 66
65 67
65 491
65 653
66 67
66 68
66 265
66 127
66 815
67 68
67 69
67 784
67 220
67 454
68 69
68 70
68 565
68 696
69 70
69 71
70 71
70 72
70 918
70 929
71 72
71 73
71 297
71 502
72 73
72 74
72 857
72 719
72 412
73 74
73 75
73 276
74 75
74 76
74 379
74 798
75 76
75 77
75 229
75 395
75 481
76 77
76 78
76 488
76 652
76 409
76 834
77 78
77 79
77 250
77 511
77 243
78 79
78 80
78 225
79 80
79 81
80 81
80 82
80 84
80 336
81 82
81 83
81 525
81 298
81 688
81 736
82 83
82 84
82 263
82 629
82 989
83 84
83 85
83 706
84 85
84 86
84 762
84 597
85 86
85 87
85 222
86 87
86 88
86 648
86 772
87 88
87 89
87 202
87 391
87 595
87 764
88 89
88 90
88 130
88 133
89 90
89 91
89 190
89 319
89 962
90 91
90 92
91 92
91 93
92 93
92 94
92 780
93 94
93 95
93 273
93 326
93 530
94 95
94 96
94 650
94 374
94 200
94 389
95 96
95 97
95 504
95 377
95 620
95 634
96 97
96 98
96 582
96 878
96 356
97 98
97 99
97 277
97 419
97 691
98 99
98 100
98 664
98 695
98 930
99 100
99 101
99 246
99 690
99 974
100 101
100 102
100 417
100 836
100 511
100 928
101 102
101 103
101 993
102 103
102 104
102 237
102 157
103 104
103 105
103 700
103 111
103 600
103 628
104 105
104 106
104 861
104 430
105 106
105 107
106 107
106 108
106 509
106 217
107 108
107 109
107 458
107 320
108 109
108 110
108 421
108 662
109 110
109 111
109 769
109 405
110 111
110 112
110 150
111 112
111 113
111 621
112 113
112 114
112 568
112 400
112 931
112 938
113 114
113 115
113 590
113 889
114 115
114 116
114 638
114 168
115 116
115 117
115 621
115 434
116 117
116 118
116 767
116 685
117 118
117 119
117 203
117 783
118 119
118 120
119 120
119 121
119 319
119 210
120 121
120 122
120 878
120 940
121 122
121 123
121 833
121 759
121 968
122 123
122 124
122 829
122 649
122 463
123 124
123 125
123 559
123 164
124 125
124 126
124 940
124 758
124 858
125 126
125 127
126 127
126 128
126 413
126 989
127 128
127 129
127 670
127 147
128 129
128 130
128 750
129 130
129 131
129 355
129 946
130 131
130 132
131 132
131 133
131 726
131 199
131 429
132 133
132 134
132 880
132 912
133 134
133 135
133 701
133 163
133 745
134 135
134 136
134 228
135 136
135 137
135 472
136 137
136 138
136 689
136 463
137 138
137 139
137 558
137 223
137 413
138 139
138 140
138 411
138 943
139 140
139 141
139 179
139 209
140 141
140 142
140 583
141 142
141 143
141 551
142 143
142 144
142 599
142 329
143 144
143 145
143 678
144 145
144 146
145 146
145 147
145 412
146 147
146 148
147 148
147 149
147 327
148 149
148 150
148 208
149 150
149 151
149 331
150 151
150 152
150 971
151 152
151 153
151 626
151 636
151 990
152 153
152 154
153 154
153 155
153 642
153 674
154 155
154 156
154 189
155 156
155 157
155 410
155 977
156 157
156 158
156 247
157 158
157 159
157 292
158 159
158 160
159 160
159 161
160 161
160 162
160 666
160 979
161 162
161 163
161 643
162 163
162 164
162 459
163 164
163 165
163 460
163 346
164 165
164 166
165 166
165 167
165 934
166 167
166 168
166 453
166 467
167 168
167 169
167 916
168 169
168 170
168 612
168 909
168 722
169 170
169 171
169 746
169 662
170 171
170 172
170 293
170 418
171 172
171 173
171 231
172 173
172 174
172 441
172 763
172 330
172 386
173 174
173 175
173 595
173 373
174 175
174 176
174 335
174 278
174 299
174 751
175 176
175 177
175 732
175 350
176 177
176 178
176 725
176 769
176 965
177 178
177 179
177 250
178 179
178 180
178 653
178 434
179 180
179 181
180 181
180 182
180 222
180 521
181 182
181 183
181 353
181 775
181 812
182 183
182 184
182 488
182 762
183 184
183 185
183 788
183 524
184 185
184 186
184 311
185 186
185 187
185 638
186 187
186 188
186 865
186 642
187 188
187 189
187 425
187 226
187 810
188 189
188 190
188 440
188 534
188 560
188 702
188 788
189 190
189 191
190 191
190 192
190 697
190 404
191 192
191 193
191 659
191 366
192 193
192 194
192 236
192 850
193 194
193 195
193 454
194 195
194 196
194 735
194 876
195 196
195 197
195 562
195 356
195 953
196 197
196 198
196 976
196 970
196 778
197 198
197 199
197 538
197 324
198 199
198 200
198 349
198 508
198 750
198 940
199 200
199 201
199 488
200 201
200 202
200 474
201 202
201 203
201 657
202 203
202 204
202 276
202 911
203 204
203 205
203 258
203 240
204 205
204 206
204 677
204 804
205 206
205 207
205 714
206 207
206 208
206 708
207 208
207 209
207 550
208 209
208 210
208 939
209 210
209 211
210 211
210 212
210 784
211 212
211 213
212 213
212 214
212 526
212 216
213 214
213 215
213 386
213 299
213 729
214 215
214 216
214 384
214 468
215 216
215 217
215 924
216 217
216 218
216 283
216 282
217 218
217 219
217 506
217 657
218 219
218 220
218 415
219 220
219 221
219 315
219 321
220 221
220 222
220 343
220 395
220 869
221 222
221 223
221 256
221 413
222 223
222 224
223 224
223 225
224 225
224 226
224 395
224 552
225 226
225 227
225 624
225 585
226 227
226 228
226 333
226 501
226 985
227 228
227 229
227 281
228 229
228 230
228 975
229 230
229 231
229 451
229 821
229 416
229 992
230 231
230 232
231 232
231 233
232 233
232 234
232 791
233 234
233 235
233 915
233 412
234 235
234 236
234 367
235 236
235 237
235 983
236 237
236 238
236 276
236 399
236 807
237 238
237 239
237 989
237 328
237 368
237 923
238 239
238 240
238 993
239 240
239 241
239 961
239 680
240 241
240 242
240 520
240 337
240 552
241 242
241 243
241 897
241 259
242 243
242 244
242 366
242 815
243 244
243 245
243 253
243 967
244 245
244 246
244 520
244 815
245 246
245 247
245 941
245 389
246 247
246 248
246 341
246 502
246 348
247 248
247 249
248 249
248 250
249 250
249 251
249 812
250 251
250 252
250 547
251 252
251 253
251 594
252 253
252 254
252 281
252 617
252 886
253 254
253 255
253 384
254 255
254 256
254 410
255 256
255 257
255 502
256 257
256 258
257 258
257 259
257 601
258 259
258 260
258 918
259 260
259 261
259 447
260 261
260 262
260 967
260 625
261 262
261 263
261 948
262 263
262 264
262 310
262 722
263 264
263 265
263 954
264 265
264 266
264 355
265 266
265 267
265 777
266 267
266 268
266 790
266 383
267 268
267 269
267 506
268 269
268 270
268 747
268 785
269 270
269 271
270 271
270 272
270 571
271 272
271 273
271 971
272 273
272 274
273 274
273 275
273 671
273 525
273 701
274 275
274 276
274 628
274 526
274 695
275 276
275 277
275 856
275 606
276 277
276 278
276 467
277 278
277 279
277 341
277 310
277 939
278 279
278 280
279 280
279 281
279 787
279 387
280 281
280 282
281 282
281 283
281 961
282 283
282 284
283 284
283 285
283 529
283 941
284 285
284 286
284 622
284 771
284 961
285 286
285 287
285 904
286 287
286 288
286 608
286 425
287 288
287 289
287 337
287 853
288 289
288 290
288 906
288 566
289 290
289 291
289 428
289 417
289 848
289 875
290 291
290 292
290 817
291 292
291 293
291 719
291 740
291 982
292 293
292 294
292 924
293 294
293 295
294 295
294 296
294 455
295 296
295 297
296 297
296 298
296 486
297 298
297 299
297 625
298 299
298 300
299 300
299 301
300 301
300 302
300 636
300 585
300 912
300 920
300 966
301 302
301 303
301 319
301 870
301 861
302 303
302 304
302 450
302 918
302 617
302 775
303 304
303 305
303 330
303 913
304 305
304 306
305 306
305 307
305 726
306 307
306 308
307 308
307 309
307 628
308 309
308 310
308 633
308 311
308 384
309 310
309 311
309 758
310 311
310 312
310 394
311 312
311 313
311 647
312 313
312 314
312 897
313 314
313 315
313 978
314 315
314 316
314 338
315 316
315 317
315 381
316 317
316 318
316 553
317 318
317 319
317 466
318 319
318 320
318 410
318 545
318 873
319 320
319 321
319 614
320 321
320 322
320 566
321 322
321 323
321 872
322 323
322 324
322 764
323 324
323 325
323 661
323 774
324 325
324 326
324 444
325 326
325 327
325 873
325 604
325 794
326 327
326 328
326 361
327 328
327 329
327 766
328 329
328 330
328 572
329 330
329 331
330 331
330 332
330 399
331 332
331 333
331 624
331 837
332 333
332 334
332 516
332 992
332 542
333 334
333 335
333 602
333 424
334 335
334 336
334 460
335 336
335 337
335 603
335 855
336 337
336 338
336 723
336 787
337 338
337 339
337 931
338 339
338 340
339 340
339 341
339 559
339 460
340 341
340 342
340 759
340 391
341 342
341 343
341 720
342 343
342 344
342 975
343 344
343 345
343 453
343 358
343 471
344 345
344 346
344 364
345 346
345 347
346 347
346 348
346 853
346 831
347 348
347 349
347 992
347 462
348 349
348 350
349 350
349 351
349 889
349 849
350 351
350 352
350 903
351 352
351 353
351 718
351 692
351 732
352 353
352 354
352 632
353 354
353 355
353 726
354 355
354 356
354 884
355 356
355 357
355 417
355 549
355 635
356 357
356 358
356 854
356 899
357 358
357 359
358 359
358 360
358 897
359 360
359 361
359 541
360 361
360 362
360 826
361 362
361 363
361 571
361 979
362 363
362 364
362 674
363 364
363 365
363 771
364 365
364 366
364 467
365 366
365 367
365 535
365 673
366 367
366 368
367 368
367 369
367 955
368 369
368 370
368 981
369 370
369 371
370 371
370 372
370 647
370 457
370 496
371 372
371 373
371 566
371 446
372 373
372 374
372 620
373 374
373 375
373 436
373 455
374 375
374 376
375 376
375 377
375 766
376 377
376 378
376 509
377 378
377 379
378 379
378 380
378 636
378 697
379 380
379 381
379 565
380 381
380 382
380 385
381 382
381 383
381 631
382 383
382 384
383 384
383 385
384 385
384 386
385 386
385 387
385 703
385 769
386 387
386 388
386 554
386 899
387 388
387 389
388 389
388 390
388 573
389 390
389 391
390 391
390 392
390 883
391 392
391 393
392 393
392 394
392 683
392 721
393 394
393 395
393 721
394 395
394 396
394 957
395 396
395 397
395 486
395 737
396 397
396 398
396 431
397 398
397 399
397 570
397 909
398 399
398 400
399 400
399 401
400 401
400 402
400 493
400 939
401 402
401 403
402 403
402 404
402 831
402 442
403 404
403 405
403 516
404 405
404 406
404 495
404 500
404 966
405 406
405 407
405 618
406 407
406 408
406 586
407 408
407 409
407 775
408 409
408 410
408 962
408 696
409 410
409 411
409 451
410 411
410 412
410 767
410 882
411 412
411 413
411 813
411 822
412 413
412 414
412 422
413 414
413 415
414 415
414 416
415 416
415 417
415 764
415 602
416 417
416 418
416 970
417 418
417 419
417 923
418 419
418 420
419 420
419 421
420 421
420 422
420 557
421 422
421 423
421 644
422 423
422 424
422 731
422 765
423 424
423 425
423 470
424 425
424 426
424 445
425 426
425 427
426 427
426 428
426 738
426 697
426 842
427 428
427 429
428 429
428 430
429 430
429 431
429 718
430 431
430 432
431 432
431 433
432 433
432 434
433 434
433 435
434 435
434 436
434 553
435 436
435 437
435 985
436 437
436 438
436 456
436 811
437 438
437 439
437 785
437 850
438 439
438 440
438 866
438 478
438 879
439 440
439 441
439 546
439 600
439 609
439 720
439 888
440 441
440 442
440 592
441 442
441 443
441 626
442 443
442 444
443 444
443 445
444 445
444 446
445 446
445 447
445 494
445 652
446 447
446 448
447 448
447 449
447 547
447 924
447 983
448 449
448 450
448 851
448 982
449 450
449 451
449 546
450 451
450 452
450 467
450 870
451 452
451 453
452 453
452 454
452 538
452 611
453 454
453 455
454 455
454 456
454 978
455 456
455 457
456 457
456 458
456 533
457 458
457 459
457 517
457 667
457 843
458 459
458 460
459 460
459 461
459 910
460 461
460 462
460 694
461 462
461 463
461 902
461 525
462 463
462 464
462 614
463 464
463 465
464 465
464 466
464 483
464 503
465 466
465 467
465 684
465 790
466 467
466 468
466 569
466 960
467 468
467 469
468 469
468 470
469 470
469 471
470 471
470 472
470 565
470 567
471 472
471 473
471 967
471 625
471 853
472 473
472 474
472 528
472 664
473 474
473 475
473 960
474 475
474 476
474 909
475 476
475 477
476 477
476 478
476 751
477 478
477 479
477 610
478 479
478 480
478 955
478 987
479 480
479 481
479 822
480 481
480 482
480 884
481 482
481 483
481 916
482 483
482 484
483 484
483 485
483 631
484 485
484 486
484 599
485 486
485 487
485 518
486 487
486 488
486 783
486 570
486 845
487 488
487 489
487 643
487 856
488 489
488 490
488 962
488 651
489 490
489 491
490 491
490 492
490 669
491 492
491 493
491 648
491 827
492 493
492 494
492 777
493 494
493 495
493 718
494 495
494 496
494 857
494 774
495 496
495 497
496 497
496 498
497 498
497 499
497 614
497 553
498 499
498 500
498 679
499 500
499 501
500 501
500 502
500 772
501 502
501 503
501 759
501 718
502 503
502 504
503 504
503 505
503 852
504 505
504 506
504 771
504 702
505 506
505 507
505 964
505 974
506 507
506 508
507 508
507 509
508 509
508 510
508 752
508 829
509 510
509 511
509 759
509 737
510 511
510 512
510 909
511 512
511 513
511 717
512 513
512 514
512 955
513 514
513 515
513 811
513 517
514 515
514 516
514 949
515 516
515 517
515 727
515 628
516 517
516 518
516 569
516 589
516 862
516 994
517 518
517 519
517 728
518 519
518 520
518 608
519 520
519 521
520 521
520 522
520 785
521 522
521 523
522 523
522 524
522 715
523 524
523 525
523 699
523 969
524 525
524 526
524 712
525 526
525 527
526 527
526 528
526 582
527 528
527 529
527 622
528 529
528 530
528 682
529 530
529 531
529 772
530 531
530 532
530 805
531 532
531 533
531 853
531 782
532 533
532 534
532 693
532 998
533 534
533 535
533 567
534 535
534 536
534 887
535 536
535 537
535 910
536 537
536 538
536 540
537 538
537 539
537 675
537 797
538 539
538 540
538 944
539 540
539 541
540 541
540 542
540 827
540 660
541 542
541 543
542 543
542 544
542 623
542 909
543 544
543 545
543 614
543 775
544 545
544 546
544 721
545 546
545 547
545 795
546 547
546 548
546 710
546 975
547 548
547 549
547 716
548 549
548 550
548 958
549 550
549 551
550 551
550 552
551 552
551 553
551 824
552 553
552 554
552 914
553 554
553 555
553 830
554 555
554 556
555 556
555 557
556 557
556 558
556 942
557 558
557 559
558 559
558 560
558 670
558 866
559 560
559 561
559 902
560 561
560 562
560 635
561 562
561 563
562 563
562 564
562 946
563 564
563 565
564 565
564 566
565 566
565 567
566 567
566 568
567 568
567 569
567 895
568 569
568 570
568 589
568 857
569 570
569 571
570 571
570 572
571 572
571 573
571 959
572 573
572 574
573 574
573 575
574 575
574 576
575 576
575 577
575 901
576 577
576 578
576 863
576 957
577 578
577 579
578 579
578 580
579 580
579 581
580 581
580 582
580 728
581 582
581 583
581 810
581 669
582 583
582 584
582 620
582 782
583 584
583 585
583 733
583 739
584 585
584 586
584 780
585 586
585 587
586 587
586 588
587 588
587 589
587 861
588 589
588 590
588 959
588 926
588 839
589 590
589 591
589 931
590 591
590 592
591 592
591 593
592 593
592 594
593 594
593 595
593 827
594 595
594 596
594 855
595 596
595 597
595 970
596 597
596 598
596 746
597 598
597 599
598 599
598 600
598 755
598 849
599 600
599 601
599 716
600 601
600 602
600 866
600 892
601 602
601 603
601 878
602 603
602 604
603 604
603 605
603 714
603 690
604 605
604 606
604 748
605 606
605 607
605 842
605 882
605 738
605 838
606 607
606 608
606 961
607 608
607 609
607 989
608 609
608 610
608 677
608 712
609 610
609 611
610 611
610 612
611 612
611 613
612 613
612 614
612 949
613 614
613 615
613 652
613 659
614 615
614 616
615 616
615 617
615 662
616 617
616 618
617 618
617 619
618 619
618 620
618 771
619 620
619 621
619 746
620 621
620 622
620 681
621 622
621 623
621 851
621 678
622 623
622 624
623 624
623 625
623 745
623 867
624 625
624 626
625 626
625 627
625 685
626 627
626 628
627 628
627 629
627 944
628 629
628 630
628 995
629 630
629 631
629 973
630 631
630 632
631 632
631 633
631 856
632 633
632 634
633 634
633 635
633 686
634 635
634 636
634 892
635 636
635 637
635 846
636 637
636 638
636 794
637 638
637 639
637 968
638 639
638 640
639 640
639 641
639 828
640 641
640 642
640 709
641 642
641 643
642 643
642 644
642 667
643 644
643 645
643 981
644 645
644 646
644 896
645 646
645 647
646 647
646 648
647 648
647 649
648 649
648 650
649 650
649 651
650 651
650 652
650 669
651 652
651 653
652 653
652 654
653 654
653 655
653 721
653 948
654 655
654 656
654 997
655 656
655 657
655 973
656 657
656 658
656 675
656 800
657 658
657 659
658 659
658 660
659 660
659 661
660 661
660 662
660 733
661 662
661 663
661 875
662 663
662 664
663 664
663 665
663 748
664 665
664 666
664 984
665 666
665 667
665 993
665 712
666 667
666 668
666 816
666 781
667 668
667 669
667 973
668 669
668 670
669 670
669 671
669 759
670 671
670 672
670 729
671 672
671 673
671 912
672 673
672 674
673 674
673 675
674 675
674 676
674 916
674 959
675 676
675 677
675 686
676 677
676 678
677 678
677 679
677 716
678 679
678 680
679 680
679 681
679 932
680 681
680 682
681 682
681 683
682 683
682 684
682 774
683 684
683 685
684 685
684 686
684 763
685 686
685 687
686 687
686 688
686 926
687 688
687 689
688 689
688 690
689 690
689 691
689 708
689 938
690 691
690 692
690 757
691 692
691 693
692 693
692 694
692 812
692 821
693 694
693 695
693 719
694 695
694 696
694 786
695 696
695 697
695 712
696 697
696 698
696 993
697 698
697 699
698 699
698 700
698 814
698 958
699 700
699 701
700 701
700 702
701 702
701 703
701 872
702 703
702 704
702 708
703 704
703 705
703 997
704 705
704 706
705 706
705 707
706 707
706 708
707 708
707 709
707 875
708 709
708 710
709 710
709 711
710 711
710 712
711 712
711 713
711 867
711 955
712 713
712 714
713 714
713 715
714 715
714 716
714 839
715 716
715 717
716 717
716 718
716 832
717 718
717 719
718 719
718 720
718 869
719 720
719 721
719 900
720 721
720 722
720 759
721 722
721 723
721 771
722 723
722 724
723 724
723 725
724 725
724 726
724 776
725 726
725 727
726 727
726 728
727 728
727 729
728 729
728 730
729 730
729 731
729 851
730 731
730 732
731 732
731 733
732 733
732 734
732 876
732 778
733 734
733 735
734 735
734 736
734 997
734 808
735 736
735 737
735 891
736 737
736 738
737 738
737 739
738 739
738 740
739 740
739 741
740 741
740 742
740 886
740 787
741 742
741 743
741 865
742 743
742 744
742 789
743 744
743 745
744 745
744 746
745 746
745 747
746 747
746 748
747 748
747 749
748 749
748 750
749 750
749 751
749 782
749 802
750 751
750 752
750 939
751 752
751 753
752 753
752 754
752 832
753 754
753 755
754 755
754 756
755 756
755 757
755 929
756 757
756 758
757 758
757 759
758 759
758 760
759 760
759 761
760 761
760 762
761 762
761 763
761 963
762 763
762 764
763 764
763 765
763 979
764 765
764 766
764 969
765 766
765 767
766 767
766 768
767 768
767 769
768 769
768 770
768 836
769 770
769 771
770 771
770 772
770 977
771 772
771 773
771 933
772 773
772 774
773 774
773 775
773 829
773 781
774 775
774 776
775 776
775 777
775 873
776 777
776 778
776 984
777 778
777 779
778 779
778 780
778 990
779 780
779 781
780 781
780 782
781 782
781 783
782 783
782 784
783 784
783 785
783 802
784 785
784 786
785 786
785 787
786 787
786 788
787 788
787 789
788 789
788 790
789 790
789 791
790 791
790 792
790 945
791 792
791 793
791 891
792 793
792 794
792 938
793 794
793 795
793 825
794 795
794 796
794 860
794 904
795 796
795 797
796 797
796 798
797 798
797 799
798 799
798 800
798 890
799 800
799 801
799 900
800 801
800 802
801 802
801 803
802 803
802 804
802 924
803 804
803 805
804 805
804 806
805 806
805 807
805 814
806 807
806 808
807 808
807 809
808 809
808 810
809 810
809 811
810 811
810 812
810 835
811 812
811 813
812 813
812 814
812 959
813 814
813 815
813 988
814 815
814 816
815 816
815 817
816 817
816 818
816 822
817 818
817 819
817 859
818 819
818 820
818 981
819 820
819 821
819 866
820 821
820 822
820 978
821 822
821 823
822 823
822 824
823 824
823 825
823 845
824 825
824 826
825 826
825 827
826 827
826 828
826 971
827 828
827 829
828 829
828 830
829 830
829 831
830 831
830 832
831 832
831 833
832 833
832 834
833 834
833 835
834 835
834 836
835 836
835 837
836 837
836 838
837 838
837 839
838 839
838 840
839 840
839 841
840 841
840 842
841 842
841 843
842 843
842 844
843 844
843 845
843 970
844 845
844 846
844 998
845 846
845 847
846 847
846 848
846 871
847 848
847 849
847 919
848 849
848 850
849 850
849 851
849 903
850 851
850 852
851 852
851 853
852 853
852 854
853 854
853 855
854 855
854 856
855 856
855 857
856 857
856 858
857 858
857 859
858 859
858 860
858 861
859 860
859 861
860 861
860 862
861 862
861 863
862 863
862 864
863 864
863 865
864 865
864 866
865 866
865 867
866 867
866 868
867 868
867 869
868 869
868 870
869 870
869 871
870 871
870 872
871 872
871 873
872 873
872 874
873 874
873 875
874 875
874 876
874 923
875 876
875 877
876 877
876 878
876 911
877 878
877 879
878 879
878 880
878 917
879 880
879 881
879 978
880 881
880 882
881 882
881 883
882 883
882 884
883 884
883 885
884 885
884 886
884 888
885 886
885 887
886 887
886 888
887 888
887 889
888 889
888 890
889 890
889 891
890 891
890 892
890 980
891 892
891 893
891 970
891 951
892 893
892 894
893 894
893 895
893 898
894 895
894 896
895 896
895 897
896 897
896 898
897 898
897 899
898 899
898 900
899 900
899 901
900 901
900 902
901 902
901 903
901 949
902 903
902 904
903 904
903 905
904 905
904 906
904 927
905 906
905 907
905 941
906 907
906 908
907 908
907 909
908 909
908 910
909 910
909 911
910 911
910 912
911 912
911 913
912 913
912 914
913 914
913 915
913 935
914 915
914 916
915 916
915 917
916 917
916 918
917 918
917 919
918 919
918 920
919 920
919 921
919 936
920 921
920 922
921 922
921 923
922 923
922 924
923 924
923 925
924 925
924 926
925 926
925 927
926 927
926 928
927 928
927 929
928 929
928 930
929 930
929 931
930 931
930 932
931 932
931 933
932 933
932 934
933 934
933 935
933 944
934 935
934 936
935 936
935 937
936 937
936 938
937 938
937 939
938 939
938 940
939 940
939 941
940 941
940 942
941 942
941 943
942 943
942 944
943 944
943 945
944 945
944 946
944 947
945 946
945 947
946 947
946 948
947 948
947 949
948 949
948 950
949 950
949 951
950 951
950 952
951 952
951 953
952 953
952 954
953 954
953 955
954 955
954 956
955 956
955 957
956 957
956 958
957 958
957 959
958 959
958 960
959 960
959 961
960 961
960 962
961 962
961 963
962 963
962 964
963 964
963 965
964 965
964 966
965 966
965 967
966 967
966 968
967 968
967 969
968 969
968 970
969 970
969 971
970 971
970 972
971 972
971 973
972 973
972 974
973 974
973 975
974 975
974 976
975 976
975 977
976 977
976 978
977 978
977 979
978 979
978 980
979 980
979 981
980 981
980 982
981 982
981 983
982 983
982 984
982 992
983 984
983 985
984 985
984 986
985 986
985 987
986 987
986 988
987 988
987 989
988 989
988 990
989 990
989 991
990 991
990 992
991 992
991 993
991 997
992 993
992 994
993 994
993 995
994 995
994 996
995 996
995 997
996 997
996 998
997 998
997 999
998 999
